2648001
19460251
3141384
279003
7727883
6198631
6134754
17181544
24591996
3168974
29131036
11574950
1924363
2982792
16754522
14670755
12685967
8726940
15975238
8894685
25895337
12660971
3872305
11999881
7868601
2687279
3084920
8676855
23990500
7937881
7238474
1117071
3781559
23962500
2464855
8334783
634302
6548726
12636126
9103825
3985005
7713936
1569204
3100503
2622927
6933468
2651461
2428625
6976151
479373
11067872
10548675
2843522
3567360
26255760
20889601
20833178
3047400
25795127
3182793
2254928
23890223
8568233
24913041
8663040
11160213
26918693
14630704
25753767
29145785
23061650
22903525
11860709
2649948
11502629
9499026
1729390
2613260
19331011
8986139
2987251
3214704
29439289
11739555
6793662
16698563
16133068
9188491
9089072
19707420
24825606
29336205
20531239
10333209
273255
24288014
6200875
1217963
11772392
2815834
7749407
19762195
8507039
2015355
3475710
22969765
19427050
1346349
7051780
29660428
24810496
1525161
2752123
399761
12523362
7337981
29376206
22751600
29204093
3569707
10662276
1446370
2456011
7316475
3529081
28028491
29549534
24329040
20977457
16600525
2179470
3139888
12555963
8258146
947948
27784863
17917371
3348207
20872567
9193758
8656037
4078633
9801258
9553762
2227158
10596453
1291460
3526284
10410539
20301656
2745922
9225964
27462198
27043158
24933472
16651028
27217982
26560684
26004613
3619012
6606796
6190785
7436484
24238276
23082207
2015347
6355769
2002008
10592691
9211190
29218743
24133903
11445793
2588953
28488838
9225009
6198240
15030471
26500897
3167567
6785972
24836059
2026053
6351865
7199090
28455438
28625864
10683981
29431302
8529998
5330462
24762755
1078715
11367029
15016824
1968408
3061489
28170401
25299872
24701487
3164080
12542036
23029805
27127257
6299634
7308233
11313286
29608486
24778477
22104430
10720488
11279251
9726726
24441002
3876835
17901713
8373133
2516112
2591934
7192600
8336788
25869535
18409384
11125033
29053220
10049384
23653044
2656579
10490601
1974554
20501127
2089134
28766362
25877146
16670267
15394433
12915746
26708943
1494347
3499581
11296946
3046711
23264022
22934258
27579060
17287605
12547644
11441041
6821120
27120055
25557020
22808892
16724628
11223861
2773932
8987202
28482418
27226407
16626672
6609994
18723708
10444948
8767867
7667298
2783588
12085698
4010093
23105448
11197865
10171368
23105470
15168879
1392176
227649
9257983
2844778
3856223
1089440
1992338
26925252
22169893
11435465
23527577
8213817
3932081
3925020
3865573
16112907
10170855
28857255
1136333
24991593
8589684
7655514
2120677
3029177
19283589
7837719
22261534
28072504
11100245
27207330
20377585
9272950
9154821
1939366
25046051
9200950
1520547
7709800
16884970
11206407
6981287
12935677
3574173
2641602
28418769
26786568
21738897
15824526
7594462
22972168
22824377
16929383
9383376
3838797
25419343
7948143
2567118
6303005
28002127
25875700
21180513
12592419
3057438
3888866
15773344
8031011
3533218
19514456
9330696
6360330
6418390
10183882
1452564
2068681
22184407
24991094
11364590
8956980
7554473
7564566
8668391
11362276
28288682
24507288
23469136
14555239
1593902
10718633
3283737
3684597
2618876
12380414
2792550
3780980
6090996
7241535
18180795
20730668
1634478
7040349
22723878
22481078
20174870
16245011
8226898
3815118
6863546
27034966
21945268
10216927
9779308
9475605
3929077
28847159
7634390
9154805
8620715
8452534
1497422
6205001
22738791
7853360
9711339
8433874
132630
28230262
24098441
24887139
9103436
3546405
3746429
22622034
22905401
7592575
1432922
3379928
26721560
14745628
7907293
3042510
12967233
11366584
1432929
1930191
6611417
26000887
29166256
29244467
23177216
19047317
16358713
12204436
956374
1155449
25462536
18953538
12163459
11364886
11364167
24441425
3345734
8240729
10730924
23730630
7556074
7679475
7909479
25974288
9784839
310828
29043661
11192866
9363995
10633595
15182749
24525725
2373272
3498682
29332644
27617063
8189039
890659
20816597
20001225
17640470
9322093
8120281
10495759
16049586
1606542
5001843
14010933
19928691
11197883
3829699
11379507
9487889
10908569
11365526
11365515
11364687
2382471
7078027
6176499
15143406
11168331
10846253
10456860
8500601
1082452
20042112
15663892
12066536
1820019
7123422
7104226
7156058
20850428
12435054
2381093
23280131
10892609
2365344
7144744
372236
27482515
23066321
22241679
