18520128
22041277
11123180
9153763
11707598
18046011
19856094
5428953
20728931
20573212
23846105
12080030
11967213
24201107
16920794
19394323
10456855
15930320
11967214
551171
9194653
19535788
7172703
16332363
28532839
5029968
7120180
25732704
23921735
16984777
5333440
3195937
12357961
26714728
22575687
5894556
25526964
387156
15151925
2250165
17596560
12904320
24318830
12297546
9623599
8958840
19812303
15491644
20552034
18309900
15707953
22272261
18638155
20357317
19245749
20195370
10845170
21079376
19579913
17379653
17314312
10501968
12874805
15525816
10731527
17504927
21778138
12930716
15884775
4424225
15085730
7645010
19416557
19729192
23359330
12445549
10886025
17487952
22326411
24462063
18448843
17693699
18829019
21816846
21441713
15251241
7688811
15483221
9661189
25723962
12890731
18177645
17673434
24583808
18056060
22952592
17699735
11161554
8902227
3395973
23349986
21551975
9367613
4083260
15884774
10860623
11090448
15935849
14960482
16222699
22274886
21367815
10730849
9854795
18700137
18845331
16870171
10819448
9302770
2250252
10860619
19367085
14990537
11336487
15575371
28863951
8671485
15713834
25077765
1110344
10679148
25428025
12606337
25409172
12877255
15214575
8640563
1667198
15647614
3973956
12445552
7473413
18854641
9661196
27224523
25277435
16085659
25547286
27548381
23234737
20136667
12065461
21481372
9237265
4139284
8119331
451991
3888680
2339732
23062722
14640378
19261226
10967240
18384048
26013105
23352099
25923660
657252
27469285
19199023
690180
17483089
16267785
19151436
14645188
22039989
23315062
24025741
26442295
16777208
19501394
16597048
11700853
22974447
21123192
22153273
27055629
12859049
26597025
17623530
7400222
18664476
12493705
9041134
17827873
9302767
2303089
25408416
17037202
23594385
21593474
10203814
21333160
8354371
25714609
6893258
21778214
23972917
9546742
9261879
19833120
1391317
16388009
17406589
28072424
9262294
27412080
25754417
23721968
23958328
15477365
24984101
18665248
28160207
21672515
11039030
12770738
19346187
11476350
9698429
11105202
7007298
18726776
29269609
29128700
19092115
28962037
29660317
28533361
15094091
27413624
29093203
11753534
27142488
16139551
17901073
12899442
1606826
29657233
12579203
