15186660
10354878
8527107
24679348
26202487
27557341
25994905
22903293
20541908
9333883
24157403
10981193
16807275
18261017
10809596
15887263
4254881
16677065
24980541
12395611
16391575
10469835
21129056
6222491
14225571
9673184
24529858
10559765
17326806
25365441
24390892
19292230
19801542
10576235
26669211
23083982
9678227
22137940
10666490
19875485
10875135
20681278
24060147
1857696
25492732
27097825
9692072
14692203
25158182
10774463
16790320
16645484
1525702
26872560
23162943
12082359
28972872
28571965
28685282
29130597
25593924
27838733
23826810
19688081
17639594
27321952
15625418
29206625
24557656
20354330
22364157
522187
8374675
27355524
22450549
23525371
18767923
24474199
15992152
23358608
15668077
15989626
21769735
29119044
18922158
16399912
23692684
24910283
