25938187
23195
22980476
4603107
27212226
21975266
26487815
25129883
12966818
4531910
20091348
27479106
7809342
24716675
17428189
21330099
21967608
21728707
977194
26518934
4419579
16636634
25892171
14578007
4009731
24342115
2297372
18052663
7352840
1124974
26639672
512126
22540330
10554349
27142443
23398032
4074113
25795927
11462230
22922235
13418981
26725340
24329497
22735897
1124802
28064386
6039988
19365716
7096741
19197626
7924241
16750288
6668373
25265549
10530048
16697550
2091033
21985261
21154173
28609146
19837207
900317
2223579
13042665
4428862
28374663
26001913
28441104
16682877
19469601
21925643
24101715
21012642
4386800
5909449
23691925
11582823
16480165
482495
3710655
5937392
10468295
4410463
25411224
10761283
25733743
26129835
21864414
5520718
4155533
9250442
7126942
5561487
5080513
25618288
4850614
24991747
5394774
13545441
25646186
26356381
7124055
16595209
13056071
707677
19484606
21323672
13800232
24467861
18821362
9230251
26099638
700930
2405806
2641241
3988409
27880064
14691360
26565928
3301320
17845738
4847265
25600515
11427247
5649204
5366234
5359582
1060450
18808621
20458203
21542452
1885248
9194018
488847
5476066
6916803
3846634
28501736
6078024
597688
19039808
25445075
11321902
27702399
27154909
7143270
4153958
4814909
6626480
5974534
23727060
4156515
19324461
17505376
22092435
3981159
27697138
107088
4880170
17419672
10097437
19516061
103511
16942958
6021696
26597263
21870924
5580709
1182388
6627195
3649854
4049917
24020854
166907
2771738
3598863
24362868
4800344
21389758
19859788
5127057
314119
4523805
21982135
11536420
23672442
19366294
4842833
4496783
14297986
24903078
5783743
3267741
5351736
24417580
24085719
18211215
20079485
22764
22920044
26017051
5167125
15695317
1267053
21968457
4714926
22459788
15038802
6394634
21963693
26239582
4400244
4380929
4400630
22689704
5150683
24105446
17570961
19091806
11785023
1144585
3980805
21612096
3704054
23872700
499785
23532835
15529090
4717466
27688519
20339697
20621441
2022136
6771678
27357553
780290
7053097
5041065
12206590
5344968
2724970
27683300
26130586
6135803
26755201
5556660
10517054
27449066
21240455
24080677
11235660
19916086
517224
19949887
16643124
23187115
4349737
20972912
23080528
21639654
22670574
4491292
9021334
19187819
23646866
6985
17189242
21131237
27977290
24777973
20059299
21341950
27228257
25062520
26228591
27647353
16597225
5780870
23015750
24841867
27638494
561419
15546233
7170475
24004010
18646246
25730341
19283648
5642656
1101713
12757470
28196772
24797176
20026575
21452099
27086855
12752022
26940121
5422893
5888211
18361222
27685938
26583954
21457605
20833759
5840564
670113
5095084
4154334
23445505
11230
27537615
722816
5782342
18085960
438941
14232463
4407637
4760817
5422895
5649169
16368032
25735332
27375030
11056
20602433
26498268
4707367
242025
5422897
3844759
12365752
16028790
23295775
24287740
5718053
22762896
1190311
23795871
26303362
26292674
19865833
27357727
17305200
1684925
24828838
7365063
23335452
25631707
23827009
12404662
22076970
5776246
20890622
6117099
5378012
4449936
5873214
5523444
14348335
18600161
27785866
6040447
589974
23788694
26195719
1279058
918819
4727297
4355634
5470376
457902
3830919
21823174
19253851
6507597
6029370
27669887
27088275
213581
5061229
2366985
21438799
26953823
4155515
925217
9160584
19076207
21854617
5776859
4760814
453351
21770001
844780
2032371
25601312
13342
27006007
4421218
16173851
16821060
26195700
5682825
4421750
27234569
27288960
25123589
6988
18067686
24131035
14082626
7111144
27745721
9057
4112583
21826541
4705721
20545492
19466668
16148334
23931093
22984976
17074301
25074561
3534032
17666672
17429834
3204028
5096846
20810472
17443731
5689979
4451217
10964333
4155098
6615094
25451415
21377652
517465
5352214
5640184
565369
7742826
4648437
17042337
14768276
4554094
23485596
20822191
3447664
25884922
25158666
23827657
981466
704949
1747641
2858945
4595102
4455730
23884638
235914
17316210
1044024
4469
4764285
920788
993429
5507304
2881428
11735076
23639299
6108338
24012579
7149759
27964735
4429150
15844675
255064
4837740
4649431
6041995
5013931
16889931
1159128
25031187
5042894
4443138
18600108
707441
23576518
14331086
7461566
5832769
1132805
24634065
27249315
5633989
3649764
13943695
18982528
