20887763
15693467
14716163
21024404
20454890
18775430
23912944
20064565
24801460
3837669
9611087
15698358
19853712
25446779
27571506
7625152
13429388
21349717
13040916
18303563
26317860
28811096
15125981
17683204
26642862
21421013
21668110
23850178
23815516
12396253
23768530
21893261
21431863
21846487
20950179
21318734
21174591
27677756
28129000
21668109
20164342
27965038
25578337
13374253
1584606
18721090
27855961
12752048
28359771
24335800
25468894
28111254
23603202
26567514
24059821
14689137
14367696
13874127
23298451
13563821
24519356
25914174
27294193
13457518
24583190
6856718
18879447
11574110
25619129
907599
7100373
26522738
5808978
234358
26962777
421164
8928629
570697
11898222
25192635
28438504
28435999
26011955
5612381
21237231
5459520
4785260
4818328
11388359
6505119
565660
6830486
17213782
6053372
12586184
5892491
4690724
4520018
26930174
17209457
25446016
14288928
14159267
4080137
14139013
17433385
24507631
4721651
12899185
19454769
23328332
8628587
26927330
18490789
21277935
17926174
17273685
5417635
314721
22836767
19794421
19521429
4655550
4468142
20384011
5764147
5858889
17137663
16510226
1158606
5557614
26712157
15741812
11999478
23785444
19624054
19253172
3713604
16637753
17764810
4047880
25767901
18963992
21146595
25996104
11004096
4516338
12856814
16836480
16476893
1242171
26093329
24210355
23543144
17827115
10360293
26830444
18775724
4729780
17474851
272450
10396388
3740955
2006245
2255820
19761693
27124781
22913339
4609969
25794329
22773051
12395658
20102467
10609211
24216268
28130172
18348765
189326
25401995
21501076
23000612
4866839
21774387
22739468
27397075
28499968
24857721
5888786
25446673
20141298
20728633
22521410
18614683
5127432
7715059
25263515
19896504
23043886
25064364
18184372
4865791
25468204
11772135
7402590
20046843
19672468
17538210
2785680
13529143
13572776
14260551
13639350
13950902
13834347
13383599
14226027
29601654
14940595
17344978
14134039
14023494
7785144
13445371
11941235
13291212
4155120
13268565
25303969
16855465
23055310
14131262
22204547
22479491
3236138
14925297
15238140
4965325
16860706
14256768
14820604
16415683
14090163
27431455
26608086
4047580
25638706
12529795
25864263
20269314
3975049
8160505
14145324
13740783
6857272
8983366
24771190
14811791
24725325
10148442
21986671
16307906
4357419
4607680
9143039
11543297
8477294
20593660
6151850
14190869
2486107
5751569
13878076
13120105
14378725
22041822
27476479
14846894
16075341
4061785
18637
24205995
11412473
8839005
1177280
16897948
23329116
13446233
21211215
15443231
17682016
12532924
24627249
10091636
16693425
12837150
11988890
11253718
21951977
15423882
20991824
13846641
13665674
13545124
4345068
12056702
7183587
2618965
554012
13248669
13923972
24540890
13908482
16048
13257880
12561034
14252007
10563427
6095142
21065242
13911905
18482938
16614028
9059278
13617407
14269169
14102564
13828845
13138704
13574735
13044424
4574554
7192592
13867333
13451085
13159872
20276976
14893524
29604973
14784863
8334638
13357007
13557311
15162300
22382595
17022163
13294262
2763822
13288301
13990951
14497890
13637174
14690277
13393719
13011284
14896967
14893676
7295130
8257339
6684230
3394570
27113599
8882130
5400735
14193101
13408216
14372382
12874398
14113635
13555093
3813958
18347462
18474744
15868878
13984290
15564428
16935585
14850583
13361637
8537967
28669213
22106910
11268357
13177564
7225704
14394292
14303184
14900866
13729516
13445581
4316069
13531943
24541719
13688772
13301604
13636089
6838801
14477696
13761886
13808633
13316356
19755953
22101920
1726182
25800877
24357845
15582062
26007195
24167652
14097494
5312299
20273135
13830015
5304134
5585561
14921411
14142645
13339908
26004080
13290250
16836785
6650103
20261908
3261918
5674469
15767897
27581965
813243
14418796
8507620
6842202
4340940
13443576
13772749
18103819
13605332
2101118
2862374
13636703
20288600
14838455
13564233
14348984
13129172
13101651
7801219
8453290
13350203
16343629
7915355
15729283
14818237
292387
1976478
5130512
5798452
26487810
15357244
16827214
12948320
16288671
14157809
4177617
21007782
20525448
5735828
14080201
14405707
13641456
11510161
5017819
19188579
7674978
6417348
2084313
10203134
25243420
12325186
4343862
13386186
19918504
452820
4068603
4097438
5820334
13242039
10662244
3722690
17804303
10506690
4922514
6133256
9086736
980351
6149178
13271637
23047171
4971845
10201631
10519591
4322062
