23622127
4602219
25916127
18853993
19122498
25320523
18616018
4655182
4428104
19322914
19646013
25950520
24919617
1103596
4553739
4651091
22496270
9799982
12391910
16721227
17762553
22781910
20180751
18081217
17538435
22068758
12469473
24577182
15584592
9498210
10965554
21840110
21243451
19334446
12827078
19552021
15139993
23148855
21787969
4938724
21997581
4829748
14631898
23522174
9462408
15221096
16881214
5794400
29181999
17176929
12214334
21157723
9356793
25036905
11717773
27010174
25546965
18375364
26290647
25713917
16273941
4919966
19925044
23632143
15560309
19220676
12004162
1445168
16782526
19145843
16509079
26166469
16237962
15986640
5299418
4920696
17238041
9788540
20712060
24771844
15813188
29100225
19262525
25206283
11451148
4924731
20402015
4650880
19785498
4597040
10026423
25553723
22800979
4926436
19586805
9254475
16553196
5819274
4739858
4559467
15239276
25426618
23828677
369766
20197116
9873953
21926938
22968504
4567584
5354481
12123089
17662219
4547815
4944078
22320916
17895851
10514123
22923276
12966785
23892538
23642489
9566512
10505755
12649566
21323991
27274778
2077297
4417784
20862490
24754049
24074664
5991732
21243452
19731751
27329710
4562461
27842019
9254365
4922282
20651589
21750432
25095636
24157105
4637401
5315480
16356213
17095847
16613008
21397320
4324005
11223597
28281168
12239754
17444596
22782018
21068485
21199621
9566510
23587854
23839162
4577359
5422051
8983791
22452127
19800984
23159450
22357880
8255882
12619705
20380001
22357117
14508133
19052022
5550558
22353529
25921277
10189802
5172067
20980226
25661970
4621879
22968079
22341248
5513765
14596028
16407625
23632144
19017421
15159764
5524975
11338523
10470331
24468827
9013278
5547909
12098739
28431197
17683498
21926545
21954685
5375949
20668423
9193774
11505633
5659873
15552895
5021631
4784703
5800185
4723372
6382834
9548662
24376604
5047758
19777606
26227132
23745036
12658399
11011409
18090232
4501627
9133103
22013683
20597219
22773550
17615749
21375974
4571157
19629005
17639180
5384757
16761471
12575305
4851614
22885947
20007081
21286872
19122496
11223581
21506053
10979172
15502645
26431601
12696514
10458730
26335015
21956011
5668162
11925755
12409824
4945290
14685675
19334443
25469025
27125708
17405289
11319443
25116169
5088305
27846143
23819644
16145344
4883233
27216496
22683257
12528633
18092710
9001547
27275106
11813845
7839103
5044416
5579029
4154514
19589727
19231684
17970553
8924785
18714412
18318818
20218395
4570544
20012325
17634767
20484953
15754695
20332661
7008719
4204594
9361088
5312116
22288448
7915294
4536854
25155149
16508288
17468982
25473166
5299574
8981505
11753795
21245835
4602857
15657718
9680811
9173156
18159854
5365615
5617494
5311840
20018574
23622132
15106406
9082355
25492507
25661971
11223593
23402090
4646026
18357773
9594083
18709421
18981549
5312430
10425414
10962650
12656017
19717257
4547502
453456
19603011
23207612
5422385
11680067
25925405
2814290
16021203
24355874
21311313
20104637
5215226
25494551
4821040
11998152
5691953
18090236
4808576
10522042
635772
1023728
18375440
849707
4988626
11291925
10403356
17079936
2699053
25616312
5445859
17238043
18670841
12930084
16895491
5723864
9072055
27016278
10642622
17322992
9244982
9115817
27697510
20218377
23120857
2237229
4410585
9322670
27412063
12412303
21926554
4737003
14707742
5084602
22993927
23431068
5089347
4902992
15985771
16895505
18580434
4874905
5305813
23632146
7811319
4600577
20218355
23622128
18376301
17679398
27917667
6391845
20431448
705762
18499030
4842980
17520219
24379056
12666407
22526274
7388933
11641930
8102434
6399542
4295996
21067283
1709060
3890660
9209956
9176084
17079942
5305631
11875248
4202758
11455470
18053840
1620926
17490850
25163808
28501969
8911090
4711045
24566656
25194335
5311844
22406602
15202793
5924768
24817290
27418337
17394857
25278706
11907364
9246048
22608493
18595332
4664039
9377231
11471009
4812121
18416091
20469714
2025795
17966369
18564662
17310418
9849061
19896091
21051056
10890089
26167074
3546883
10091285
10709267
1860450
19434871
17572872
5007645
8975309
5468534
10997008
6181939
20521111
22415665
28207725
20962669
24172179
16534248
16508287
7252303
24124324
12466745
11345138
20925269
26335011
16927911
24684028
9462947
21612061
18708320
15567756
24979693
9365465
20394032
9424932
7537156
8343346
4609711
16282052
19734646
15317167
24259951
