27790129
2263386
29151688
29119143
19106200
1614125
9857894
25390439
15244913
17226082
5331050
24832589
20602297
11232966
22488083
1495271
16170130
14597059
6699528
21081577
16705524
25667159
16829807
11863642
26368873
11301767
27800258
12955443
6708573
24881603
7493245
9854710
309576
3602601
3400957
25121021
25884609
753158
17728826
11094196
15078663
17955846
23930119
26005554
3965815
17180533
10933015
21085297
24625775
28387106
14530665
10835889
8233334
14553862
2012788
1031097
21103199
7453069
8644543
25237432
22715166
17172914
474079
578367
27668920
27162731
12974929
26837027
1180310
6470266
25545480
20539697
16894653
18327144
16643731
6467097
23198054
9160030
11844255
1792834
2526693
3702484
25372445
29038978
23059130
17211322
2398397
6843803
2366005
29643782
24366102
11901286
356657
9011524
1104422
11011705
29396983
1488886
20389908
21957940
18349792
15498300
24969404
10695209
10611096
29128511
23342782
9240589
9787405
2749213
2938107
1812287
20119050
1787656
1031821
24156587
431011
26939326
25626910
2700764
7712838
23841077
22247285
27396667
11177940
27454554
23801907
16518994
15720452
9206745
29333292
15049261
12408831
10213242
1152065
27507030
16384405
2620623
824224
3561933
22218353
2582335
6185900
28158088
4063245
7454210
1160899
26702320
2682762
15637083
21925316
5656396
16101625
13616994
28106054
18327143
10435423
17738475
23888446
14522495
12022006
5241201
1436976
4423674
5749042
25624685
17616029
9012106
16570429
5937148
20539688
26066235
17411459
10406146
3993151
23210036
18537932
16485291
11873417
1230235
15006524
6839780
4883413
23814637
14724109
7814199
19997547
29526704
9768386
5335700
14027173
419203
5331048
14123142
27014698
20531578
4653861
5742429
14246229
27817140
26904457
5163768
5683323
5744617
8085603
1031096
4466520
4675305
13790629
6912770
6673549
5579165
5802909
14211360
1031094
4743912
5335951
15420114
24460641
9466596
7892660
28523526
11417326
2784168
6788491
20062440
5324560
29646656
29219603
23306345
18610975
2290631
2205175
2702170
28684047
18509708
10649165
19430397
3639164
6676232
4942435
5625929
5336002
14088681
16650678
5975276
28480187
25360789
27904191
3204639
4647134
14914367
19685728
11408133
11318290
2506156
28774763
3326259
18204566
4880739
25566579
28306295
12059588
1790756
2244847
2984877
6564504
4581151
4944508
16587077
4558915
5935043
20703645
102772
21060478
3236564
15138795
12944277
1390509
2101356
882253
27609785
14733130
14524591
1031099
4466516
5332327
3241437
3829847
4553413
16009837
6673537
4764027
5775377
13904118
13905475
15629285
25983561
21701393
18159014
9766585
3682855
22429496
20717195
17070796
8890182
27662514
26949034
22941967
16876742
16543922
4471606
7359772
5453549
26357132
10551311
1762349
3428098
6824050
11187164
10337525
7091016
7466570
7342729
5752981
13761040
8644930
3592263
11987279
13900695
13786455
276829
13322160
18901001
27413542
20026857
83386
16320367
8008344
17585768
24585808
19116742
27161412
593549
28364316
7942492
7637470
8278764
12652227
8337492
3837828
19989271
23819769
20379303
18091181
17997487
11214860
9759162
896142
1358275
327290
4466519
29365077
28733740
19288903
22964980
21860699
15903566
9949271
7478986
6824619
528797
12198424
5424405
13900694
28335898
16945812
6670655
11201740
25850914
7244217
197296
14139298
10754444
27747379
4096206
7087512
2346122
28869037
15864646
15864426
9209141
3651363
29232814
29232813
19773857
3564607
522415
27387439
6646344
9125072
457026
643959
4124842
28340517
20733456
22458630
22986353
21297224
12538114
12196930
11493912
7964900
3968313
898028
12443394
6697829
20168396
25202267
24433545
9696090
3793795
29489749
21164699
18324459
9171322
2646759
8574578
2095423
7087513
20333126
17747815
744481
859719
5950182
18682223
11780147
21642897
20203970
19898187
1828757
23196042
3239226
3842792
1190203
23917750
19588077
16290050
27230781
26016067
23706923
19957651
12508550
11594989
8259250
2715817
6816165
687522
29023985
27323848
10467785
20885761
3593635
4017616
4007221
26355123
25005289
23706047
23002805
16512706
11242225
7905920
2255513
25014438
24096352
17244210
17195144
15683489
11556695
10715379
7622684
7494551
8292573
2574007
7087510
2809647
20548445
6530901
6662712
7242989
281775
15216133
25984816
25300027
24080789
15492416
15085974
10824697
10030395
9369480
