9783385
5309593
5315285
21510105
4209514
6605031
4578050
12650191
6335722
1781240
5314543
4219882
6131759
4549020
5297683
6606287
5306783
2077893
11543351
4624745
6601362
4097821
11498894
17420308
2482727
4267426
1636420
6981152
16114406
306012
12165405
6601354
4542915
12530397
5302914
6125239
11542805
10512226
8694443
12763577
9121317
4547335
12402924
4549018
11540700
5314648
6999112
1686647
11541704
4549843
9725927
8293446
3490733
2076339
22525215
4890593
4334052
10582225
1755185
11323117
1281702
18388217
3878099
2522707
11538629
10400248
15000124
3497521
17292869
95244
19358243
8577133
11065137
8694414
27483344
17180501
1681670
7816463
6816420
8210890
6121315
6970471
4217162
6431882
11911272
12703531
6606292
3264997
9334402
18595480
314742
17013878
19373117
4536646
1795912
8121678
8391677
7742026
1082219
12760372
316131
10447238
128597
14656560
7542846
28708794
3314327
4169855
8990959
10529904
8694413
1082226
19897411
5302123
3496440
4885484
10081944
11710491
18570690
4547350
5307052
11677736
12897397
21474003
4985705
6973283
4538008
316911
10512225
5305187
5311524
1082225
5317131
11543297
3489894
5310912
5312809
302889
11537815
5302034
316276
3502265
1762788
5294164
2357728
305916
6974502
2486083
18711853
6967577
3064149
2076320
2889262
19768964
9726374
316299
6605657
3488482
3551289
5297606
8694426
4912774
4538845
12325216
8884384
6981295
11538542
11538537
5302312
2788639
9376800
7011045
1080555
2821733
9367226
5305063
4538362
14606592
2788232
8884385
6606289
6455836
4540967
4626968
4113136
9373089
1088190
19908411
3263249
10416873
8551542
7747909
12927205
3265114
1681676
21099728
3265434
27881797
5295205
11911145
11710503
5297182
5312749
20495231
8820348
23553797
2697365
2908682
334505
13677016
1082229
6970914
4404369
6969518
5316670
18841511
1880859
5311151
1416092
4543833
8483357
5312919
5305680
4540943
4539519
18984005
775274
3038819
4543916
24436971
5309274
4603874
4540279
9551322
3263051
3491842
19340992
4540283
16310756
2889261
3055640
6332640
5313445
18472581
8108676
1079004
6968450
5310265
314699
3066978
4549713
5309709
1083606
6336018
4294205
8554820
18355969
10545633
32734
6970580
12372561
1912454
310629
4220146
3495355
4542795
8694406
4546543
6364752
5314836
5304080
1082231
25121152
4539324
5304263
4549839
3257925
4544985
22806574
1085055
4539546
12620975
10347831
19951148
1927390
5314608
8694468
6417605
22085972
5309008
4908181
2285060
2787139
11506947
16353011
4547604
18199586
300333
5314351
1964
12498377
5305647
16419960
306595
21508943
7803099
1927430
3265213
9644171
12524184
4546429
4296048
16085475
6787537
5310261
5308659
20140493
1081584
6972956
15973878
8589658
5314136
1079954
5317128
6331211
6969514
19403855
12958583
1082232
1873075
10068896
15014044
4549252
25729826
9525484
305195
4540662
6314733
3485880
12445979
2620641
4174707
3106918
2047451
4546766
1939730
18520623
3071204
5304716
1513841
6974806
6970317
21351819
12008713
15545928
105446
14313546
4542819
2331787
3528727
25564073
6978639
3318776
5294766
17215694
1699515
5309165
7881385
8916089
4541586
4575758
3264422
10904796
5311568
5306821
7943212
9305258
18516677
6983307
14758669
1079440
4267996
2635547
3261695
4541191
5314908
12325219
11006979
11748138
11669124
26288201
4544982
12325225
12650194
5315634
3071209
15736038
21609911
23749193
11300272
4112042
5309052
11950537
6978636
4901219
3875336
14690057
6604815
6996282
12192678
6978387
11169619
327990
5315487
8214630
11011016
14724494
11881333
6975362
4545296
6602100
4549740
6983306
6610544
1599163
21640178
815098
3490524
6138918
4541600
4541595
4598717
1599142
21988729
5310584
307102
14650170
5309620
19180927
6332657
1599158
6602454
12050839
8915372
10320035
306696
1599175
5306377
11773856
6978644
9526075
1718553
22326583
2239254
10900092
14260943
7841385
1752161
8128866
8841720
4545522
6605653
6966148
5315321
10906716
9800084
3485881
7816457
4910782
2358412
8694469
9296683
10840152
3059484
10229027
9518666
20969946
15641648
5316367
303045
16912672
3071210
16626767
1902873
11876776
11950531
6602436
3265014
4376042
4133485
4320162
11591445
1733910
8694444
11307919
6144230
22217217
10757560
7488845
134232
