12710243
10680480
10797960
10565144
8561873
27538334
10075226
26724576
14683693
11049096
11524222
12025582
22160612
8941428
25676885
9055457
23234316
26309932
12535585
23847883
22000782
17355380
15519962
12069732
14683692
16213851
12833743
22764559
24791358
24505952
20862892
9866011
14613664
8578909
2631522
23061147
13203869
24438851
11744943
20397540
21322444
7725130
1530039
20572621
21322448
27798048
21322440
22078186
20572623
20572625
18054451
25117169
7793532
9363212
18562700
21469271
7711176
11969336
17519778
16878671
13225104
15519961
17655730
15522486
25150027
25153555
22753385
18504137
20833067
15224964
26076349
21322438
17213208
8619224
27464398
26591410
15603034
8036273
13197485
8870505
22198945
3286091
17174957
14331477
13287612
3169437
26591412
21322449
16507925
24781768
25975080
3330489
20363195
20397536
15970893
1295012
15415715
26303116
17521254
21898511
26197663
9280545
957637
9225132
8216096
17927123
11665311
14910859
13693008
27222491
3388573
23847886
23847882
1323674
14813424
15859380
13517750
21322441
2973900
16882801
14239919
14719415
22329227
23847884
16104665
17312764
21882740
566535
10429845
22273427
15821823
26894305
10443065
12964694
22329215
26867028
8844176
22036528
1270353
21882741
24674421
17499710
20709858
11370340
20707709
26281518
27925470
8371198
15983514
2552845
13434865
10798852
2304494
10586523
15270920
24511844
20973989
12648182
15451070
11173020
13201703
16595515
1175527
14923217
24133802
19244775
16430324
1342327
1127163
14624279
23847879
21915677
22521341
11192108
16022358
10901567
9254556
21322459
19541696
13990473
24499756
9510965
12638821
1921964
14336652
26613822
16814936
14651379
14281003
8418332
9215177
24511842
24749798
15635129
2224557
8441215
14528567
12214911
12975956
14122915
1461249
25267089
23367606
26576470
9735637
3524233
20800837
8115596
10462989
18393379
9485835
13123370
11916308
11979663
25933266
7857951
17173259
16830841
23522339
20353731
16425686
21751480
25127117
17974183
9475691
16638041
24314113
18220451
22749198
16830840
12622504
10472806
14047526
27080996
17272929
14110052
13089228
22482811
11675229
9408979
3532339
8791850
26703479
18509750
8737297
17272931
16713768
9798357
9289967
2012027
14086869
11082926
15713368
22787256
17904996
3748431
13904941
20949788
8713964
16967498
21882743
6559909
21882735
20397529
998889
10331837
17633802
19465182
9283277
18564521
27789016
9185077
3365463
19578619
22258415
4857530
16452463
2490512
26008148
10972299
26591413
16419671
11573836
16040259
11902397
20012348
17947311
15995071
23684192
16274559
21382106
844974
2919830
20572632
15063635
18266939
2668812
18877168
15038208
16698624
10438446
24724225
7700283
8010390
18214259
20572630
10368726
19033650
25642905
20949781
9355809
15673012
26826397
9083621
6555286
18237387
2198329
18569488
8848057
21882732
14567117
14001015
12710856
27624001
14208412
1420210
10748991
9394167
18214275
20121003
19968816
23212065
3477980
7201997
12666214
25488886
14502304
16108387
7643895
1920587
10617984
7570069
2065874
667249
24629560
11194771
11216158
9018722
636205
18550511
20397530
26547999
1741099
22626780
23689169
18429516
18916283
14199553
21322439
11812520
8885931
25712250
22953624
14337806
19244770
18700600
12457489
7643894
20397547
9014934
8047487
12728127
6554917
18341189
25555302
21523982
14268311
17214178
12026381
6823340
12489562
14499977
18194221
9930290
6464096
4018626
2459151
14383877
22712178
17355376
10797772
27753522
4462235
16632937
27464401
26785584
10222868
21715335
26591411
2015245
18056226
16137607
14188603
24844259
25277265
9505110
7755075
7672146
22954075
1442977
8116163
12674060
12087392
22116561
17325399
21020556
19169688
15373759
19164847
11822372
25185379
21350376
23015651
9239200
11082923
16999192
7852768
17499706
2802095
2682805
8317536
18231885
13682239
25963129
11097506
20397546
23522338
19019886
26929138
10836168
17130957
22239744
26228895
24502258
13012506
19824256
15839472
11785360
16566995
3716783
26093738
18598606
2724919
18309128
26797196
18397190
18773378
15749071
24746553
6675499
27644695
22856080
25272233
8846534
17160113
19055259
23067285
11216146
12807234
9447457
21231844
10413239
15279817
6638360
23330440
25975082
11950852
23046551
15944068
21523986
24777230
21999048
10847230
18949987
21882737
21177123
10451520
611645
15581524
15568601
20522324
10926673
15592289
2900168
1295232
16268140
24636077
17904215
3806652
10354674
