26884876
18829488
27186374
27852071
23115618
28109085
29051711
19499152
22490413
29300519
27221933
22996292
25613417
22634173
27124937
28781951
26259513
20847954
29100522
19304549
28700435
24072182
26897526
29043607
22609115
21791181
19033100
25738301
24120510
28386554
24603679
29484376
25588716
15661263
22787204
20838853
28040064
16847454
25102331
24725927
24676393
25288234
22870136
25265877
28097226
20428811
24827144
21976647
25105503
22021094
16326387
18202764
28411130
25527505
27219333
23720721
21071743
28511927
27268505
24656980
29269892
29259856
26252048
18581327
18281101
28473814
23804635
27920775
21165565
23850425
26468537
21177806
20845430
26354436
25263278
29333229
21998657
29263263
26238195
17226901
26194805
22752307
26565900
24067955
16326382
24171456
20535138
18281150
22058052
22929309
21253575
25320322
25228491
24637491
27552157
29501710
22958256
22445417
17643099
25599080
16188087
22631645
18217975
18505827
27117301
17568569
16476489
19360286
27725773
28630320
23065227
12926988
28835547
22039368
20064371
18561091
26034977
23376165
20099975
14985451
28677808
23055554
19098285
17721324
17262812
25505077
19712453
16207835
19665745
17894805
15860229
24950194
24169640
22046135
24294361
21132541
17440099
15896335
27004832
22605655
20538795
19489030
17012836
28889214
25131332
22198210
16527891
27116236
28724962
28205069
24574234
19565491
19515216
28849002
23358889
29286103
26149277
15753141
28558694
22409852
24162826
19155303
29321042
28281307
26493868
26300991
25122182
29476661
24725474
21722999
29361205
20220060
24937444
27135915
25113901
24268777
27707917
27384652
26449539
28212619
28053103
28043874
25896322
