29448945
27454558
26899418
25879384
22258148
21752531
20687526
20615700
19490117
19324889
19229913
19014986
18616467
18553964
18461983
18171024
17969212
17410618
16845097
16677017
16513520
16321964
16256638
15986644
15184048
26907668
26656788
25824952
25763809
25488204
24877990
24564489
24106165
22554103
22376111
22173871
21853108
21718749
21485805
21214274
19951352
19884192
19708120
19681626
18776435
18757890
18190531
18076028
17339033
16377439
16105896
11482974
29671574
29450416
27992999
27711765
26540596
25328158
24671295
24476096
23683360
23541506
23402670
23387555
23331070
22841293
22315191
22132317
21499798
21336377
21090710
20712380
20697623
19277380
19146398
18928205
18776431
18776301
18599514
18515550
17944519
17927166
17914789
17569092
16764989
16752924
16298340
16243428
15948231
15379462
29314706
28865451
26554903
25848728
25234228
24850370
24147034
24129075
24087941
23793375
23114563
23098240
22883393
22711536
21774551
20879750
20599694
20469940
19572668
19480441
19053274
19016839
18774843
18582102
18517250
18004752
17944962
17550279
17107660
17032463
16854460
16390098
16342935
15835700
15249220
14709042
14521939
12825955
