29467918
27057860
26060717
23934049
23313267
23181111
22495401
21814605
20699658
19337625
18949401
18268017
17404872
16489684
16112274
15225699
14749470
14552792
29534703
28796069
28684845
28655159
28569156
27472679
26673500
26616573
25618297
24348755
23840158
18986759
18459300
18329205
18289117
18179423
17612632
15338953
15177479
29179485
28596693
28196083
27326255
26939622
26363929
25473198
24222969
22885944
22654453
21472236
26190002
19507030
19482245
18174234
17620721
17597362
17464350
12885918
11907226
28430065
27556065
27347881
26915598
26722615
25834328
25168749
24137237
23372949
23352498
23160295
22748160
20574976
19235597
18765951
18528843
18181047
17625995
17410596
15780638
15546737
15318773
12954047
