2706292
16028841
4590867
4911098
8858764
4813454
15085485
5773801
7599440
5520377
4792578
7082177
4384495
3553822
392538
9280470
8960634
27594117
10960965
4334861
23240894
775564
26743076
1563494
2199193
18666240
4404841
2040644
5530971
11213452
4192589
4428219
5075788
6080430
12557417
23169176
4749079
2770433
21298286
5141060
10726964
5048781
2478106
4808529
7995085
9207292
6049120
5573360
809905
18022256
15368439
11770930
3631384
5569488
506642
5572191
19624089
16350514
4149872
16175606
4824588
19195010
15088967
21893195
7925657
9933390
12450209
1128535
4564263
6450517
6663626
24236347
23573304
9100690
2455831
4928451
2406390
2266829
17580084
19152624
3396649
10573521
25589843
502253
4424228
25482981
5347904
3596153
5601941
1693878
5118506
8868080
4118878
213342
629331
11204270
8418563
6618440
2406389
2442906
9288609
3131903
17393569
15154282
22424347
1293263
7846100
20877138
6049389
10626008
5524951
24331092
4307944
1689800
25927469
4148401
2204204
18023068
8359795
8403231
4033996
23607215
4950012
4839564
5073762
4646190
4950013
9824263
4838208
5513928
21558144
6384715
6674430
2970812
11472563
4569571
28009756
3948981
7697492
22353515
21281432
5108721
4388868
25430494
5554908
10381928
5164717
4547343
8607135
4637987
21287200
5118631
4097274
6840206
9302568
8129031
16878510
11981492
4371721
7819574
23669039
25916043
9490278
4069834
699612
3311787
8020669
3089267
25684942
5637601
20422370
2319122
7811299
16841016
15706758
21218436
20495638
2809154
4845522
4361638
8855186
11409688
1237984
22293167
26055800
9039951
1639091
4349667
1431051
8690230
8361783
5279682
12975502
11844064
5360974
4398202
21391226
6199782
24114818
23855292
6205639
6465834
4315737
8781345
4364131
16528125
20712054
4363935
6863416
19951728
23774882
4342216
5469920
5435239
17041810
5345894
6715008
10727608
480403
24627588
4206350
4088006
4446999
10453951
12062634
4168013
22564637
1506633
22799171
9831359
17172052
22502719
9408910
9989098
4265701
5144032
4908718
5452694
22394347
9828163
8765693
4401253
11337358
23635283
26354051
5467807
745516
12696721
5127434
24379563
27020629
535671
4345861
24192698
4624967
677479
25773821
26798419
2643544
3055222
3833290
1690509
26234167
22564601
11247461
1568733
5573361
555509
4368145
5588132
2315233
879140
5041873
5521266
22943797
210607
24874832
6075400
17130781
5162957
21947729
10358995
768429
4400451
182190
5914323
6670798
4097703
5383610
10477671
9927150
11521175
17987273
25744195
20517197
4781685
16028669
5594749
23764895
16799938
10415581
4356933
4260265
7889155
4399449
5118119
20483386
1169018
7462423
15805058
119639
17612899
5637103
7773881
21376183
4885771
21194719
15948055
22182753
4569447
20678021
5434454
9109399
26742742
7051303
775562
5443969
5192212
286839
26909855
14209
9298289
6360063
6352449
5048756
4360651
16823966
4370063
4726093
8058574
4354063
20231314
7543343
27913845
949349
11642050
4104595
25478769
4722171
4385927
5592103
23991862
12717384
1456947
14964873
4712357
4707707
23026584
4267069
11075419
10899021
7238248
5698706
5416753
8210206
4394750
610709
3895439
4134564
4467693
4263630
5139496
20070622
4000809
17203441
3291022
25632182
4075383
5516835
5037649
2540607
673742
1305370
5029083
5502358
15625867
22719264
4385869
16996133
2737599
24157042
5422221
7051147
10793071
5163616
15330804
1147571
24080577
4811166
6265702
18416459
11760606
8407564
15050138
25144494
10359641
6287525
4628151
2450309
1946521
8553713
2451611
4649097
5146209
26757049
4136765
5161205
4337988
4252445
17725601
10626019
2806347
5141398
19679627
6049517
24378582
4155305
3451955
19258054
15528031
23137107
21271167
2859163
26160115
630484
26819505
11228752
17949788
20665380
23397624
6371179
7362623
6072467
10573509
4132325
4381768
8727071
1618473
7341345
22410019
10969998
6532456
1157886
19032449
775534
8563915
10335944
5628076
28914172
16437599
2451395
20349720
12607574
24899392
3942195
9331982
4612135
17151469
4370445
17603681
6891015
5749278
12352498
6648953
23045037
231116
5004766
11169062
9149335
28564722
494301
4116490
6124345
5598850
26161026
5057580
6035469
4355108
1378681
21418983
24640968
21161546
21094864
10978499
5634511
10415296
5475685
5132103
5345886
488635
