7059610
2458521
24693136
8543577
7070005
3757931
6947224
9808289
6845814
12494380
8251445
25631577
11042218
10085145
1466761
450722
8947494
8504821
10961364
7702586
1546948
8920969
8823365
22034455
11427962
15015205
9754826
9057814
15657057
9878051
1662604
21972220
19903088
9503366
15161917
8662631
24057594
10766875
10504450
10502674
9276678
8761532
2169412
9893056
9268313
8435081
23621795
16934803
15843029
10843849
11511304
16139999
16096271
16776686
9209986
11174067
15165854
10334821
24184178
