11721303
19901237
21130226
21763528
3837273
21062948
10327918
17502450
25725545
23585468
16766133
10618773
17548755
12435259
23793393
23880515
12462478
1423159
16362253
21870315
7417208
28509903
8356897
2949821
8508018
2642565
25471337
6470698
21909808
9588293
15491250
6526532
22516271
17418075
8721859
17991902
16575787
25369662
22420933
3351458
21554315
16523570
8991301
12091213
18504635
23585463
20664010
21969422
24626457
2245484
7986892
1629684
16598959
24289863
6635050
22005210
1830932
9588305
18307171
22641857
1710391
1473073
7635578
19138371
3611382
7874674
18996306
15208895
1828355
20018999
9490925
12927003
15851510
8187022
4020372
21518701
28350259
27180212
20658813
11865823
16094556
12692741
17157910
1291700
19306202
10534786
2611554
26773897
12971183
28284282
24877707
9490924
22468761
27055461
25085206
16121839
23351931
23517571
11893991
7598675
20542938
22100427
10784491
8784662
2071722
15305116
18650695
19087745
16774637
26428645
17244572
20935341
24885644
8042971
18391057
3700804
12353553
12416601
22136615
10183364
12539908
26452682
25957136
8958456
8054680
11370725
2961433
6686994
3438360
3421597
3240234
2207464
2086631
18996303
25093789
1520245
7369429
25933669
10736579
8042968
3711838
27620318
20235776
11974646
8488224
8285849
8435781
6223535
23150101
26137910
10473339
2064542
7761302
15914407
2006689
1580788
21114759
8187021
8042872
15205074
1744017
26346545
9091797
12971178
14631990
8042969
11271712
19042605
1532338
7664138
14571533
4067963
17615434
1928475
19398587
7989145
7953908
15326880
16454868
18340610
9510799
4038899
23910835
24851654
2897553
9323744
18032982
16510885
8819434
18822999
6234812
22978544
23634691
25455215
12839891
16598660
23395507
903450
8844879
12707708
3675543
17600001
16020030
8354996
845464
3935404
2406797
1164699
7585409
609649
2327896
2016251
20466423
2516588
11761493
667234
2347944
16477814
3998172
20408361
8845531
6453535
4038906
2142608
2106263
8472182
579411
2743186
495707
2673137
24056826
3345983
8836472
7751485
24879092
9489689
19042598
25612625
24917484
26239520
23524323
8195757
16210730
21543623
1072381
12907384
12715804
20947699
7212993
18361158
15985890
25698358
28752249
10736576
7006321
17877031
28822003
4825216
24877702
27898222
29625377
27066625
26132683
29558340
29289377
28366051
12432978
15035649
11224953
10846713
15568711
8453171
24877704
28284286
28289788
23830274
23585462
9459644
10798842
15266545
21797985
25935749
11602921
9894211
18843670
19473471
