18423378
15086525
16059735
27377011
25781341
23950595
26704294
11911843
15842774
17562080
15301711
25202943
26781989
25455457
27974733
12967645
26805467
17245652
23201559
28440528
22082655
23010323
28493713
9276486
11264003
15958060
16510483
11937269
17523305
26158280
17912704
27861613
21103883
8666774
28601083
24095695
24371802
12377343
14737013
27422165
16787326
25248048
11309116
12520743
29069652
16886618
24269887
28273078
28951307
25347071
24173654
27838499
17074507
16513216
28869472
14578430
24612850
26875732
25975095
22892056
22510598
12436338
26969385
25068893
25957749
26960953
26415228
15339793
24491057
23705854
19724867
27236157
20457212
8647646
10229326
26444365
22469515
24695904
28409819
11151762
23617290
24913888
23396585
26418978
23180141
27756418
25502879
18520037
16109615
17195090
28942440
24374066
24022001
20211059
27231847
28472795
27241692
23962445
27785905
28715443
25227787
25158250
19441091
22971798
26820815
19635183
19754573
23484165
19148521
22775415
16960658
23583455
21925160
20307139
22614107
22910329
17456364
25050879
18837291
24142711
20437864
23982146
20422426
22865232
17182234
20229012
16827132
17520257
15473921
21443122
24040099
27148793
25251593
25345542
19083439
24463082
24358789
28363126
19723201
28266043
19390592
24606721
26196503
28017206
20109342
19862976
23595141
21336723
28916341
24680370
24522246
15711177
23460964
28677646
17497289
21833476
22771084
18801423
22859959
19549303
19841739
18225567
23438193
26083014
20371285
15451006
26463638
11024452
21575513
29145194
16437601
19513506
27725440
26133979
28210897
24468191
9434626
14693055
21985767
11396179
23998959
24073630
16043894
28378090
11206006
18160489
19095003
16454695
19929312
19240805
10726928
26660891
21935580
25714665
16211297
25703814
9855301
19374807
25368234
25445037
10728419
17294036
9596563
27696482
22437241
12736759
19340456
17014896
11467412
8608562
18820913
21061195
24795051
23165347
20421190
17883949
12676495
7887949
23867903
19094587
25351347
17296311
18509986
15781056
17460754
22129530
20193106
27822706
24925370
23919305
15464213
19643132
21805041
17493709
26407111
15916736
15812674
22395309
12903423
23302737
24010863
14601300
17219999
25256833
21055727
9405836
25603057
20383708
19306688
24103265
23482755
15846098
21378324
16280133
20650509
25431041
22328825
12689598
24391030
29136370
17938585
19224165
21849151
12958834
11746384
23022152
23827314
23994611
22575519
22428931
11331074
26062419
16078563
15794887
27430376
16333246
21120454
10100721
9096673
20653429
20539936
19253827
20736947
24378094
27287400
25204183
26657333
11080518
12122497
12485493
11810405
26769852
7669558
12631120
23727220
17641836
18834541
19427840
15210057
23421680
18647633
21757396
20809412
20965953
15081872
24520791
19821083
9334814
21413024
25866772
16873934
28802903
16850738
27485374
24165036
24995361
25135718
11020481
26985570
18592793
22502669
20353274
25070080
18466876
24569929
22968593
24200922
22916222
28280257
18235030
12028995
25885550
22304828
19306367
24647664
15122329
17883937
26721606
11536320
17218071
12883409
22565596
25377251
27124117
21923035
25893199
17663521
23452113
17490514
24335170
23156716
15863239
11036469
9713512
21868310
26593590
23706005
23047499
25605145
25091475
12678977
17944925
22781074
21602128
11859711
22870202
21862341
23905386
25239217
17828493
25145683
26130157
27443528
16086867
21820442
12384350
25438992
12225652
25643631
26295158
18606065
22634308
23213073
25677205
9311609
27916559
25420545
8390225
27248986
22779188
12584592
27910773
25541940
10752668
19737473
25608633
27160689
26681011
17140762
19918715
12377604
12370750
18565219
19577877
28373423
19134331
26738321
25446601
28214884
9231736
20832772
18718056
27875938
15169637
23802413
23392713
25503821
26748999
26790437
27342070
24415197
7841389
22907845
23392723
16434141
24036377
17622531
17472731
10609558
24756536
19662351
22115778
24176985
8971734
16201271
19821056
18504199
24328896
24157932
23301649
21261728
15494417
22771798
25237906
26648574
24725118
23294354
10455281
26925421
20003325
10554796
21355323
25433371
18715547
14693263
21964646
26320687
17424940
29066483
9009089
11933053
21509672
27262901
23918874
25374251
18304468
25264278
20047212
25965832
26136123
9182837
17696763
15508432
23636804
23769559
23355245
1322664
17201178
27235552
21709053
20478356
19084931
22800348
26812869
23538867
27455554
11248270
17535739
25651699
9922050
17327035
12064912
21637161
26718772
15150577
21251945
19056535
27748916
18067132
25783051
