28121970
23619813
22140205
22095420
21976083
21277638
20393378
20215744
19875704
19660666
19546832
18412899
16025066
15557926
15241227
13129554
12875976
12407354
12137101
12069190
11138788
11015104
8184475
2504457
2703873
3688657
28842008
27474299
26494053
24455020
24294682
23585147
22454156
22018054
21897320
21236609
21131892
18077011
17925553
17712673
17255880
17195744
17158473
17062502
16941692
16504523
15993549
15224852
14769569
11532409
10922261
9453442
9156794
8617430
8072280
28984927
1762687
2319209
541549
25377987
25257904
24759909
24751744
23791079
22291043
21224730
20683965
19409732
19323562
19240433
19153846
18790690
16582746
15820466
15779125
15744155
15555978
15273100
14597766
14534822
12399056
12127133
11580116
11442257
10781379
9697898
9202539
8961388
8621890
7814607
8030871
2139985
2799635
29342358
29075383
27442073
26567046
22886036
22020896
21172864
20974338
21975891
19263257
19191049
18549896
18496153
18467506
16418882
16255330
15217626
15205552
14599614
13678698
12769221
12467624
12219043
12131080
11924979
11552302
10855951
10655268
10463948
9788656
9744646
7934022
2219408
2161433
2305455
