28978545
28680603
28677278
28220536
27685436
27604386
27379798
27081787
27045924
29159118
26243157
25681463
25501547
25376655
25095867
25073966
24924745
24674765
23809512
23673435
23463488
21967317
21836029
20829367
20480276
20186844
20082481
19566919
19276915
19231263
19067142
18537190
18397645
18188029
17966746
17878008
17535868
17394817
17257428
17147946
16968543
16374868
15637182
15223686
14726975
12589875
12465737
11883997
11464836
11167639
11005756
10618935
10603750
9755226
9688877
9675543
9381602
9381568
9096605
7814793
16843380
8139481
8139905
7507119
8511501
8477790
16839920
16839888
2076858
16837340
2552836
3325326
3557284
3089815
4012216
3982239
6542835
6719021
6353103
6272530
535671
29523305
29435316
29236785
29038503
29020023
28759517
28588751
28299869
28055129
27679428
27474889
27357188
27330681
27153247
26674958
26599983
26435407
26377410
26206073
26044312
25772748
25044406
24958254
24128414
23471642
23392238
23280960
22886493
22614824
22591184
21760546
21591871
21572121
21412501
21397649
21190512
20141500
19557525
19450284
19098856
19072347
19041869
18261240
18226618
17878011
17539997
17448565
16325890
16173138
15779255
15547450
15166643
14696480
12229973
12074739
11774249
11738095
10614698
10605624
10094754
9522650
9126508
9041382
8778198
7797129
7997843
7957491
8271359
1500687
1564985
1999317
2024738
2203948
2680313
16837275
2543523
3571928
4001843
3982241
6610200
6887945
6612221
7101491
7450564
7414253
946367
29644492
27943604
29532591
29524529
29439734
29304564
29233961
28518283
28374975
27695370
27457247
27102725
27089005
27061098
26549495
26068014
26016624
25856687
25715177
25404890
25290580
25238440
24780287
24623375
24488230
24346692
24280878
23739310
23372820
23371316
23275147
22541535
22348670
22027807
21636533
21484318
21395584
19769623
19336524
19180987
18433602
17346854
17164057
16868142
16711467
16499840
16266584
16181304
15882238
15779256
14696473
14594695
12965873
12677989
12677985
12238290
11950492
11759738
11589383
11575527
11122181
11059859
10658074
10551388
10192199
9850616
9697672
9581671
9382964
9398812
8760001
7836708
16843392
7513718
7903954
7507120
1350868
1727732
1778224
16839904
16837367
2195106
3069529
3049048
3047515
3354679
3282951
2877487
6383936
6711318
6361975
7185886
6791935
7233608
847823
29113530
28657113
28344991
27898694
27015756
27296686
27124269
26900635
26852162
26641102
26639396
26350697
26133110
25637473
25203057
25155228
25042402
25008562
24799987
24326217
24055278
23755897
23442440
23417286
23383365
23315357
23299303
23103564
22988833
22711076
22490057
21806953
21382164
21161000
21126790
21040412
21034348
20735774
20731702
20489042
20182779
19496235
19356263
18986619
18501016
17878018
17878010
17697371
17557292
17551150
17250930
15698416
15698415
15513347
12865281
12642745
12603504
12599839
12599838
12107944
12004928
11922563
11832375
11566069
11156650
10365807
9739037
9468249
9417723
9411971
9172066
9059964
8773915
7717774
7836723
8009722
16843368
8514271
8456508
1490760
2167278
2160122
2108034
2307830
2673965
2537891
3370921
3363701
3545957
3932805
6500010
6809468
103724
966073
27273071
19914698
25015420
18393319
