23593176
25740786
26299668
18395008
23990680
26331477
25433550
20185935
16585060
21102505
26586691
22913984
29232382
17609290
19617259
22493483
19553347
20522651
24096077
26636664
22721673
27180624
21221075
20682777
20494132
25807495
21931791
16207825
24262798
21508926
25244654
24477164
20847290
25556170
19652713
17251388
20980737
21040165
17003339
21118483
22469697
17671675
23085312
18593568
25968128
24491541
29488390
29636888
19019172
28539664
22839765
17684420
28646076
15172686
14988265
26536600
29340699
20518888
28873000
19390219
25070827
23559562
29167507
26492618
23172796
23611955
23723424
15033597
22134986
27100186
17519556
28819298
18272601
22357963
