27552618
25647678
26448796
25294604
25162689
20930604
19244631
27197686
24033622
23878053
22147762
21683474
19758692
28170143
27471139
25003654
24559605
24134593
23892207
22869404
21232760
29440429
29339564
29338004
29107409
28949824
28870286
28360419
28341799
27890780
27823876
27387971
27240528
27149935
27071092
26657806
26555312
26053429
25615722
25611204
25551145
25474151
24279739
23675290
23561312
23554497
23419875
23000272
22508958
22238090
22159630
21727275
21480015
21435563
19757928
19564280
19225599
19121518
18633352
18367604
18184778
17585305
17206870
16999575
15910202
15231460
15173498
15087550
14983183
14758304
12718865
12704222
12383782
11861176
11437142
10784208
10372762
9472488
18255611
7477260
7584891
1932282
29642996
29146619
28952449
28711345
28549647
28459442
28403139
28343697
28240922
27829142
27687855
27638901
27228146
27195600
27082045
26825755
26568148
25853523
25780067
25447997
25071182
24965659
24647659
24635991
24586137
24365725
24298939
24139036
23999954
23979081
23782813
23300423
23040818
22929143
22548809
22520727
22487044
22406551
22392173
22221321
21736459
21613500
21482485
21105826
20091793
19793962
19541606
19229732
18708140
18248087
18071771
17967959
17850840
17031711
16871163
16699839
16261136
15795744
15205519
12066001
11862130
11127841
11007906
10826075
10085425
9655661
12662541
8839533
7594370
7761831
29297512
29645365
29535251
29249811
29018195
28903626
28562252
27930904
27898635
27791110
27741077
27437059
27321922
27293212
27132047
26830461
26625457
26573970
26573969
25860108
25793302
25750246
25675480
25589742
25404350
25267820
24936003
24840709
24581556
24565425
24489746
24279813
23859583
23732217
23375510
23332463
23122954
23077557
23034493
22704797
22539845
22412360
22177032
21098155
20944504
20881948
20858130
19923294
19382317
18766450
18336560
18007208
17726409
17505183
17392522
17200475
17162459
17070011
16938432
16907627
16843041
16286932
16140703
15944135
12371522
12371515
11261455
11252775
10706212
9654769
9377277
28924006
28173888
29601050
29447153
29427374
29105207
29056437
28678984
27846219
27829041
27251399
27624437
27447491
27265392
27216176
27101365
26841896
26806717
26707890
26699940
26502172
26195538
26156984
26144968
26088726
25909428
25799078
25773461
25705929
25499588
25390756
25159246
25092308
24997237
24648392
24284898
24232442
23701342
23525044
22869405
22841176
22824448
22529363
22396635
21856148
21676053
21556131
21555498
21482615
20852625
20838580
20510862
20435055
19490054
19485686
19434556
19400722
19362448
19285311
19033240
18946838
18946523
18829794
18569725
18386986
18252493
18070090
17978936
17475790
16778890
16508896
16452347
15953384
15891426
15242658
15190354
14511521
12790183
12371511
12166793
12088244
9950724
9827761
9054347
8774460
8038579
8367493
29642247
27993819
28988964
27679965
20478406
19651575
29143331
24730407
24730398
23672355
22050870
29268092
28118559
26707581
26256635
25794610
23622949
23364372
22251193
19451189
18370994
26338681
25526020
25377401
25266346
24756515
23117714
21569170
18616437
