23570265
22931520
21121872
20022786
19250656
17661736
15893028
15268644
14631264
12972078
12233895
11808978
11449148
11391680
11146712
11022905
10366240
10063531
9923590
9696963
9574681
9408837
9404361
9085447
8953664
8794625
7677447
7788321
7981323
8372734
1483496
1833009
1828580
1678047
1671915
2069087
2273461
2360926
2353333
2320933
2344858
2096103
2617093
2595234
3227513
3502268
3677544
3120299
2958814
3809943
3731654
3735105
2939430
3161036
6740195
6220343
29654950
29146737
28148757
26338665
26268816
25670514
24851381
18819831
18206105
27393632
16932664
16490727
16214066
15386584
15366680
15236442
15140778
14758786
14748764
14748756
14644851
12583353
12534329
11913075
11767343
11387676
11307494
10841069
10514020
10480184
10380254
9916337
9646061
9587719
9161573
8584495
7768482
7652248
7920538
8012322
8295203
8239768
8503406
8500786
2069093
2069088
2353331
1969269
2657993
2897048
3420570
3366169
2955336
3820214
4012212
6506014
6382809
7112026
7071500
27745697
27029339
25078871
23141714
19604717
18824385
18484783
18316013
17265512
17194173
16483911
16406443
16356999
15991263
15976680
15940776
15733024
12518070
12495363
12395741
11836052
11600284
11196522
11087696
10591118
10418070
9778232
9190003
9082955
9238451
9161568
8762241
8527289
7582734
8000765
8085283
7875640
8257743
8230040
8099739
1438087
1510761
1496284
1496274
1523601
1836681
1860918
1969633
2303312
2613835
2680211
2746601
2660917
3067421
3772934
3742007
4089789
6232575
6226020
29154920
28737053
28660479
24691709
24268925
22031680
21944881
17194169
16370948
15882125
15471891
15471596
15366681
14702829
14556474
12904161
12847706
12383045
11718575
11508604
11433725
11394623
11265424
10967710
10417861
10414246
10327499
9887465
9385695
9513606
9231508
9231507
9133961
8882301
8836706
8803520
8574608
7812288
8198940
7510620
8054935
8378731
8331207
8427507
1633071
1496248
1425895
1780669
1867637
1862747
2204312
1970955
2512672
2506344
2730172
3070030
2905759
3319347
3501467
3668997
3560109
3810534
3795973
4076328
6239283
7187130
