12647607
12591366
12792462
14610003
12625793
14728539
12839433
14571017
12851293
14597789
12768922
12714705
12570235
12592312
12562566
14680289
17466867
14514104
12950092
12572812
14664336
14522306
14553954
12756456
14719582
14627401
12963503
14654236
12857000
14655979
12969959
14601845
12750019
12666920
12713801
12583738
12840095
14522293
12756142
12736375
14730289
12663024
12729635
12663023
12704357
12481145
14636056
12609940
12650393
25504934
14604665
14645807
12962398
26965361
14763604
27561137
12411756
12834882
16256639
12778843
29400081
14583664
12051107
14505669
12901923
14642458
12874042
15256848
12594711
12954315
16107622
21658349
12666922
12729928
12477713
12672960
12884236
12713060
12637188
14510797
12821478
12871719
12782594
12630945
12617335
29399923
27330267
16704324
14991679
12574276
12849814
12666921
12774316
12522520
12504702
27303236
12663025
12622809
12522513
17365626
21731835
15131518
14521407
12970199
12946886
12639875
12502495
27516452
14618366
14584947
12683470
12544937
12904077
15847354
22691072
17998661
17923536
22188574
17488537
14550680
12921892
12716236
12438314
17661775
22992353
15626549
12501167
12716235
23733398
26063055
20179131
16691131
14611336
27010729
14754044
12935009
28950407
22726517
25059699
