11137629
18929560
25048019
19026988
18094523
18996088
21521634
19637314
9830064
16953122
15525474
21166414
10506143
15467450
29071589
21454558
11384840
21237154
15564459
22870141
11527157
25143668
9295340
16928956
29505783
10723098
24322543
16176902
23285061
21563797
26032505
28341822
25305377
26306526
11418587
15365569
18695917
16810318
10807930
15292225
23047944
15386344
7716521
15665588
20686229
29037961
20446899
15494210
22283740
22942770
9606192
11377431
22427461
14597634
21212517
15721365
12761120
14611688
9707514
15031204
28756921
16472680
25887496
12117911
17586463
18681888
12593797
19073744
16969057
14609950
16166315
19361540
15743811
15334063
26903295
10974006
19723095
28123531
20581839
18535619
11708796
10914034
17991314
9312068
19341436
18636174
7592807
15192088
18373696
15753034
24465942
12832416
10551811
9315636
19759393
7969172
9215629
9090707
7600582
20510502
20837137
20512932
18047793
9448004
9860979
7992057
20101227
26818472
27754347
9664046
9482836
15118344
18412143
16687404
8898208
19706284
19270716
9305639
11557044
21749326
9882379
16260609
19584092
10618718
10383449
23449447
20212108
15766528
14661261
9657968
25310587
11996667
14532003
22044063
9875215
22668848
11441823
15496400
9689033
20045647
22607092
9763607
9003778
18087676
10623602
17709393
14707132
12794087
22267733
19854251
25234615
17021249
7721728
21082265
27889448
9632786
19232515
15026354
27084452
11713531
26838722
9582021
15141161
14607843
21595016
20561923
19864026
25226534
14625288
16540473
17352239
21856198
9827804
25958204
15743762
15604272
10527909
9372971
8626452
18719355
12351702
8947050
21757743
18456458
16723255
15262983
10346818
20817733
16543941
10025951
10958661
27043084
18429822
15537542
10092503
15864808
8824197
27924151
21113130
19271755
8224842
8895468
19258036
19874272
12603736
12821650
15557598
10788511
18815275
15657432
11145737
9927052
23444236
21119000
25244576
22184250
26762228
27023913
19638579
17599041
10747973
11706006
21921033
19822666
27035858
21864583
10872747
23799549
23584473
10521444
28499238
12941605
10849421
18826971
19245816
12386816
8663428
25948586
15958059
15913957
12473383
22245064
28753655
28182713
24078003
29097252
28542436
8876175
21660049
19336568
25501809
22685314
20434739
16166642
14705642
10728664
7535770
19184457
11931768
18922905
16112521
21385609
17464209
19190985
23615400
19321614
15894166
19777442
26693060
15467750
12963725
10585392
22096572
12226747
8978682
23239746
10449442
9427646
25076146
17855174
25237887
11824791
19789335
16084064
26882067
17595517
17504809
19321603
15378002
15696159
8846788
16604064
11460167
16985072
25056949
27034261
27007151
19843478
17349975
19040349
10866674
20075072
8940070
11096076
22971756
16520548
28081443
11672426
14674708
20970330
17652454
9554853
9153219
11432831
10962563
22219201
11387337
10805784
12808090
11463746
22899712
17714751
10085120
19074436
29227081
9849881
21987775
14500727
25165860
24737324
26290043
9539155
24881958
22736073
21981022
19716839
24429366
11056005
29479036
17610029
11956592
19114119
9886863
11489891
18650424
9535930
19027720
24321857
12565821
10980621
12458207
27714068
16260598
21364884
9630225
11804591
23396981
21573799
18981220
12742231
11278389
11211931
27834853
19695308
10734112
19862318
20484055
17488712
27473170
18219313
15845550
19300516
19211056
18769111
9008162
8985011
19490114
15169762
10982848
28648678
18981136
15125785
24042064
11050078
22158615
15971988
18490444
16966406
15923109
25740178
12798351
18093314
20534535
17338558
21148313
16253996
11970895
11238466
21223552
9570551
15671029
11731421
15964510
29449643
19403524
15753082
25081683
18387645
23445405
18838675
9391079
18611445
15301949
24239349
17110203
19646526
16441442
25642820
11448159
16840345
12414794
12204117
11689443
10747925
9715276
9006942
25437560
12052864
22495352
19940129
18784253
17303758
15728250
17014422
16172114
28009720
16636664
23918802
10531305
24782566
21056551
15105425
14641180
27486749
17974980
28011284
22381066
16973888
9916051
9155018
12626594
25976678
11170843
28892080
18782768
19609973
18625709
18199680
11673534
12569304
12162804
10521462
20553837
11948183
26451042
24335836
16798936
17968316
16418726
12427758
10713703
10330143
21471444
20005846
12813029
19344516
19269966
16501115
11093778
11089976
10567356
23355318
20176018
9521859
9743381
20051532
15105562
14600394
21933660
15755732
17320350
17202147
16152590
15700318
15033732
12419831
23225896
14502237
26214738
17451682
