21292315
23223016
22892372
26942284
25444595
25064009
24057672
23921447
22786590
26354989
23408064
22777693
20036034
29402733
29117956
29057844
28841196
28602509
28597030
28551487
27865168
27666574
26983540
26827780
26783545
26631334
26475624
26474316
26389967
26253445
25957637
25830304
25778706
25269630
24915594
24739887
24652679
24478498
23826393
23790614
23611712
23450985
23395126
23192266
23115116
22926265
22784494
22438815
22427207
22391647
22378146
22190368
22093165
22030388
21989859
21876197
21875410
21862020
21782543
21782285
21626549
21471188
21273929
21237492
20960324
20960320
20685689
20562465
20500522
20468067
20335091
20298421
20235043
20157249
20146155
19995519
19846850
19846114
19834403
19752458
19712061
19705361
19705359
19617636
19481150
19475667
19464757
19437053
19349229
19230026
19200998
19151022
19041274
18797357
18591067
18539534
18511044
18413579
18413368
18412494
18338200
18307265
18286320
18175395
17989306
17905480
17687535
17483689
17415511
17385047
17290464
17283314
17070376
17030762
17017534
16874758
16864828
16822562
16759032
16708521
16505323
16435146
16433699
16352691
16124012
16081470
16049636
16043401
16029905
16010419
16003110
15967257
15895422
15655263
15627203
15534892
15483020
15205738
15122326
15120979
15084765
15008766
14691730
14634389
12880825
12796525
12548371
12401940
12358777
12325078
12221184
12116199
11842755
11789125
11554904
11528394
11487197
11479015
11447756
11439368
11393339
11351257
11161160
11068328
10931460
10842776
10836297
10738540
10727621
10714215
10604322
10493521
10412694
10411075
10227618
10072423
10029066
9750929
9749573
9739346
9708553
9518367
9230190
9289790
9474882
8623924
24487492
8529469
7664248
8079990
8080232
8060116
8264910
8119812
8332227
8435730
8420182
8380486
8171762
1549216
1540304
1504112
1877807
1810098
2281938
3229562
3399610
3610491
2449725
3818103
2428597
3770783
3721530
4081695
4091505
2579798
6202488
6743728
6187558
6185309
4104702
29248340
29094781
28867149
28586827
28411414
28194131
28131822
27790088
27760429
27757402
27640074
27448726
27302120
27127721
26967642
26921471
26474317
26271532
26157024
25983243
25773351
25687773
25542592
25458466
25448271
25368108
24894446
24619848
24313877
24205270
24190229
24016340
23865534
23797355
23796112
23674386
23434615
23391524
23390085
23358791
23318930
23280439
23263935
23115051
23084481
23051911
22896562
22807259
22527953
22377809
22313675
22056216
21981780
21868284
21788619
21734182
21593689
21593566
21556878
21549620
21448856
21136339
21113145
20858953
20697766
20696312
20590807
20376464
20176597
20074637
20014118
19921436
19730898
19631006
19538213
19364361
19340392
19239441
19162186
19117362
19086084
18981831
18671785
18519876
18486311
18436345
18394965
18337586
18265006
18188495
18035558
17986227
17974123
17914725
17898012
17635207
17582512
17460517
17395181
16801663
16794541
16722965
16623864
16333314
16314942
16123576
15978821
15961413
15833547
15801360
15786467
15774244
15708063
15708058
15672208
15616855
15604588
15591275
15523496
15513693
15455448
15326473
15254792
15225391
15192622
14975657
14713774
14691663
14566826
12891670
12727335
12691100
12640657
12634861
12499978
12209610
12132275
11971182
11916623
11793370
11523564
11485245
11422426
11267078
11179010
11136908
11104212
10953177
10947027
10768423
10699995
10692784
10582685
10489054
10475368
10462153
10461106
10435508
10398139
10335499
10233835
10078738
9931061
9928824
9818928
9811354
9811338
9622063
9541944
9499430
9385930
9249618
9228269
9574323
8813218
8861532
8684386
8786108
8766148
8615189
8615140
8744996
7490108
7574447
8119811
8326557
8479021
8508890
8449583
1341964
24487708
1532631
1504108
1749451
2377395
2239476
2465417
3172370
3610729
3116916
3806824
3481457
3817844
2410229
6189703
6187538
7071303
7256279
727700
139122
29513666
29112945
29050400
28941565
28888991
28819579
28649614
28188403
28102045
27878761
27814993
27662328
27412646
27106248
27017469
26972524
26880248
26378242
26260214
26237242
26002080
25698433
25389905
25290572
25131598
25129371
24905578
24535084
24190906
23967090
23948737
23699913
23588557
23533608
23490118
23472874
23279440
23125461
22931215
22832589
22764253
22722629
22619054
22608093
22427796
21832227
21747034
21638323
21532567
21320989
21269846
20960318
20922810
20842692
20629151
20306317
20191603
20036049
20035503
19950421
19936925
19909913
19686841
19636057
19583738
19363631
19156395
18768349
18709519
