19090842
11010764
18214252
17225747
20287561
18214247
1136819
9022593
12063761
17731732
4728097
12773936
9081323
8316490
5674713
12646064
8265908
4956356
5973002
9999458
11632276
4564240
9996587
10284275
4710360
20222315
26444632
11840158
4182125
16676003
8715096
4896813
10006132
6148551
323719
2899797
2445788
4733510
203854
18237844
3892642
4907241
5888620
8303187
15242160
3476387
365554
5724374
15461956
485026
744736
14113105
1142177
22335535
5113811
21258635
12177018
8092140
18771202
15589298
2873412
17987456
11558708
650635
15150025
3941713
12728247
1595471
206395
22733106
4321685
21258439
5113812
18456774
10676949
8451174
19454426
18727253
7610407
22374742
383554
9159202
24187937
18203030
2667883
11752628
1917885
20218814
22844256
16268526
9156030
11715050
23768107
6099766
2013217
17473349
4025317
20555073
22997459
10022302
16222117
9414454
1698413
6343358
12805661
2327409
6187609
6460751
18821428
9888595
17158906
16129375
15262432
10159291
8932861
6294095
26430832
10742688
2681150
7036183
29369698
12030557
21153199
23747243
29369704
4285685
16465227
16482690
9429456
8425869
11622844
9791118
7015340
6460256
6311435
9657076
8593654
16051153
8898080
17316379
2053971
7895650
3450214
9973165
11075915
3395896
12763028
11943346
18452798
16872542
7934868
3485163
6018816
10378716
7633806
27557587
3165976
7297820
11252360
18435200
28855574
10572228
4640515
18821431
18537850
2646289
3951255
22324329
17875427
2430947
18556344
15727451
11799912
11001569
3276139
3978558
864738
9352263
1718732
21941365
17495968
6240590
4012337
16465283
12871943
7977690
21864015
10818455
3896976
17813376
15505423
10379884
7656773
3158904
10342853
3138977
15389198
11544216
11125207
10072185
8436601
17989722
20523089
1534900
28266348
19994874
2279033
187367
17145642
12406952
3441502
20559324
15147910
10357066
22289894
25147160
22341430
212379
2482814
8828214
7276820
353213
23692497
8459764
2223809
25177385
4007605
27791447
23598447
23329633
1325789
353217
21859735
1878718
15385943
14758834
10226639
7828537
15930601
12920037
10200447
10715302
10200444
27296623
26118844
15556466
28029310
19509111
2182646
3017973
2707070
8927797
3034123
16247754
9282748
9236834
8830691
26314773
23024060
22682028
17762174
15228817
10338364
10216885
9359697
18591613
7664654
22030432
7037741
9002648
7828536
7971262
21934294
14996504
9455852
9345059
8739239
2163883
28415895
22366948
19398538
19087973
15014492
12576526
12531546
10048165
9988273
7628407
8049424
11313707
3616454
21730149
21377999
18753611
18549458
9521903
3502078
7588240
28713392
26574741
17495973
17360389
16896381
16714588
11017141
8903315
8167331
7916599
2001453
3663107
181187
8850425
21275969
15463662
1799470
10342842
26953324
19594747
20157580
11376105
10586437
10452843
2111185
2158651
7858344
21212462
17039249
9369176
1374403
2173938
2451937
26568166
25891777
21059501
15728664
1536895
26146808
8242026
12205432
28920173
27908683
23890489
16990787
16154857
3275426
6864282
2285837
6860796
20009537
20157587
9012928
8895688
8885236
1963326
2299370
29631484
18547915
17505095
12746758
12488324
1703525
2850021
27003051
23876535
20548096
16734766
9663372
9253363
25379851
17230227
16815642
7690749
2155607
24498633
20024323
1918620
2757344
19251365
16392696
27993061
9733687
2934647
15989707
11536012
11069032
1480180
1666853
15660191
11356696
8635099
7664656
1715194
15996570
8940374
17664466
17438374
11455387
27551111
1610079
6226144
26501784
22301063
19960761
17198942
2529521
2567248
10843097
26176107
29572127
25512075
23993924
1396312
29263770
24323317
23536570
23045585
17912041
14960416
21316047
18287131
8882737
27371634
15631949
11696095
9419787
19651916
18808068
17625019
16765952
15685224
21482186
25385729
23327290
9560315
10614669
10342860
7539109
2543539
27010483
8612548
28679653
14518328
11406599
9209045
1372150
3301906
3867852
26139430
21596014
28302615
12500351
12358926
29657708
27298402
11248807
2607311
3033664
10527936
1849025
1690637
19793383
15788496
1322283
11796517
9746731
2456914
25823738
22118442
28672277
12914944
10540034
3748188
6893572
11049071
8251893
3260862
3494634
6257968
27002105
24748454
23898271
15777461
2107932
2099400
2897629
3003085
10048166
17694309
1311235
29672223
27042842
21176949
20807094
2474440
26576281
16320159
10781562
8220427
1586704
26646875
