19328947
24689757
12706878
18976158
25232917
18949419
15212152
15735127
15059065
28286932
11940086
12180827
19192461
27396427
20953611
21977970
23701968
23600541
15203864
12434718
12694064
21463487
22705987
16307023
21875255
11985523
15639717
15157992
22115424
21816003
23768161
20022223
14961993
19287456
26666825
16979018
28143790
24949794
21897762
25778468
21714862
21630024
20922573
28327457
25090458
26735576
15817495
11994555
27855950
23700791
12958619
27660094
25557962
26121862
22037783
22044939
21424183
27282582
14755448
19272758
21427539
26394139
20716618
27109946
27462918
15746040
25677909
24722042
12371985
11886485
18949681
10764140
21745452
25537545
20122728
19004675
19396436
26230946
25247819
25672611
22056847
21076384
29331485
12149201
20436351
21188787
23226247
27803053
22688624
24930730
19703064
16891494
25932444
25832120
26920143
23813863
17192902
21084795
27607427
10190398
21516734
10928171
25156215
22379086
27776352
15598322
27777962
21631570
24486183
29171490
26338921
11273909
25374063
27701438
28631565
23484026
19864451
16856619
21139621
26632390
27043015
20846430
20220571
25349161
26448050
21084992
25082786
26137475
19914687
16940985
21854645
18617186
16785472
18581889
27279616
24610872
19074046
24741582
28008868
22522925
17453292
24074521
15610073
23571810
15378442
17340039
17127293
18627414
23140918
22808100
7988268
25397881
21807637
10644941
25470006
26014498
23516488
27278783
17717444
28189859
26020644
19671870
23722013
28550450
11669217
23749933
24223476
24446315
19854625
22624833
28254540
21659357
22941172
23830212
28420426
26988918
15709193
25464115
21806387
24064640
23077924
25543014
23640828
26224397
22686311
18495745
12611663
11908754
16042669
25564517
22015946
28132103
17667795
26725263
26795600
9454888
23689675
21151023
19526525
19778663
18467716
18612219
25982843
17311103
17665040
21383264
22904680
26017071
27380588
25207801
26727462
11801555
20629714
24974237
26896742
27137706
26805938
20006376
19009659
15591841
12890146
21083033
21750466
27811020
11519857
28206973
27388016
24513691
15011956
22672250
22841751
25812009
15462611
23956224
26633805
18544679
18422375
20931330
26916483
25155901
11782925
19924281
8618881
27641154
23661171
24707497
25742716
24270863
17581325
23967154
26823816
20571871
23700873
18544086
26518421
27471039
23944755
28199751
27719635
20843132
23297687
26568455
25311380
16406195
21300948
28653974
25200399
21567424
26553974
17134647
26466571
17143542
18463669
18469438
23850044
22185815
20860468
24810870
21725251
28424085
22936316
19332044
26771088
26667829
28644774
18220569
17252563
25203738
24051057
24161078
24581091
24852429
25560471
19144510
26137961
22189977
15709194
25355595
26887052
15788664
15005768
22139083
28276850
28074308
27940953
11582914
19545654
25474695
18436738
16344720
17672811
20047055
21150220
22560999
29432831
15060097
27346643
15361261
24308214
15953127
17704111
26266878
24928022
15786496
22894673
17889142
16113789
25162314
24192302
12004257
22269973
17953957
17989610
17909797
24089076
19681973
9973276
27747372
23153769
21434840
15084374
24861285
18666383
15197773
16859504
17102980
18792803
25901734
18022620
22296392
17976248
27460091
23953534
17991207
23117072
19000150
17199794
19622587
19929252
27288213
18827765
22586180
22701696
22104130
25492374
22966241
24755993
28418906
18698228
20350136
21118967
22788240
17671537
20078613
27775437
21838737
23377987
22369694
19794085
17289863
22144535
18006055
12872203
24370659
20923444
24527749
11317220
25956367
20629603
20586171
28879630
21778720
27603572
27660918
28114990
21303914
19236730
19902987
24204859
26206991
19052039
16239598
23602689
20679599
18205097
21677572
22290017
21950349
28885200
19052822
25794200
21113978
20425602
18304259
24910416
26564000
28373475
25877345
22001987
19200418
21332310
23444193
27399105
25809647
26350166
22387145
26250462
18722050
23962907
17410042
22035017
17855454
21091277
25411415
19218355
11345214
17523695
26743341
28377187
19819342
17761941
21590444
28456685
18958459
16399423
26367500
23781139
18709884
20472470
19850635
21571098
18220488
17885626
27747906
25099492
25595865
27987385
28811306
28349930
21415851
19142110
22571356
23517743
21679849
15882283
18580952
22187706
27434656
26177117
12386646
20732906
22528324
20955972
28750567
17117186
19751151
21212528
27566557
21488075
21569441
25753742
25819021
22144504
20973683
20106822
17085864
15457442
23397154
23337798
27895405
22429282
18332046
28699807
26076775
26191232
27002825
16110016
25445451
22978339
21079571
