7307363
18340709
18340714
15438477
3572912
4898565
8123513
1945227
18340878
3642707
3531321
21205657
18857283
17790423
20786740
3336538
18911985
7183722
2086653
6323944
4884933
14357163
13666691
18340906
8546932
1051949
6028519
29106238
629298
14775584
3720061
4693293
6900247
13517555
20984770
619634
13504018
10389736
2339745
5637335
5087135
8885785
14176245
13477403
151120
26185019
12548235
6358855
8559546
17731484
89698
6761028
9122690
2517998
3487408
4071173
7993734
3945438
13492600
908859
17812011
23829256
8700223
3055323
7388544
8438911
6560380
3199295
660630
7904958
1671374
3059515
12907089
561353
7088444
18704078
6898025
4216120
17804377
3368811
8178894
7426871
16733648
6101869
2180075
2765755
8033443
7202055
6102629
17749307
6605686
4721139
4720193
6829669
7144725
3640805
7042841
494289
4740661
444251
3296759
3824010
8908813
17800458
21426291
17593940
17801598
711998
17470599
8094048
7091241
4309297
4361442
17830455
29621566
330852
7042840
2014828
12629022
17757211
3808538
6350578
760024
9288705
17834678
3299181
1003398
6189400
842405
25575316
3492694
7289010
20152129
4255920
3574813
17733922
4361441
17611536
2115737
2685290
2453823
4920147
14819960
22164599
2360594
16485378
9646175
13908783
24691754
21566582
6700863
2783771
3980721
23223300
1940900
7791373
11640637
7012233
4926475
17635210
6869110
8317520
3873113
10825739
7354111
15253385
11539181
16449175
15125990
9215174
8094684
17814473
7355941
16636023
14563351
10857846
7362752
24711372
15174966
9083324
3959620
3958829
8849720
337197
7910967
9451819
11538090
27832396
2946232
2197722
27662986
1428977
3785775
9662309
8678152
7844466
1369693
6682292
6340509
5753755
25920453
9117450
1358162
28777646
16998122
17334362
7279337
8290489
16353252
12449213
21975453
8551366
1616614
2555784
869935
5796264
19265505
11727516
8957560
1673145
2911422
29523321
11164811
8987929
453257
7542086
3068125
27810113
22728678
8475963
2328243
21818556
16455991
11539177
14607889
7315770
12824986
1674487
7613166
17800441
10198510
17757212
19812594
10477578
8955168
17982032
7914230
22927046
20878214
19297493
15297615
8757315
11516823
10369139
6650597
10150019
6741416
17757214
2537013
2987086
25783846
11543535
11086073
10203653
9498748
7576712
3108375
23129756
7726257
24794807
17548646
16226575
12594062
7285233
9603731
6599486
7422167
9820725
624195
9214500
2996811
9163038
6492031
6803910
9973381
11784756
16239472
4100952
19906021
18453619
10477626
11541126
17746921
17812891
24138272
17771275
19101942
16527972
3885738
19765715
22080865
28447377
11538596
1435646
6677152
7188833
18432814
8785587
3940267
19484798
11461023
3161625
6370461
2843775
29241536
22761175
9530181
8977168
3369479
16093380
15875014
8947806
7086113
15944697
11539175
8871054
17051692
8242291
3670968
7076672
857617
26572973
10477592
18950955
18296615
16583691
16210535
7673707
2342732
7437863
7432730
7402795
28816703
25913856
19300494
8631740
1514338
17755999
27663867
24401276
23893766
17390616
10946273
245991
12848849
12450396
10873306
8599832
29548219
18004294
8995245
21890378
18097041
10438516
9747952
718989
22269653
19657029
7952594
1740750
17783829
27626378
21983087
21345191
16271292
9743378
7959192
29238277
25532545
16289056
9788673
9637508
9300714
8598478
23014674
20457735
16410300
11777993
11032989
10438915
9422780
8621920
3093096
25132819
14550745
11566629
11032842
10585533
8786320
7615501
17355406
10779433
9648706
9271307
25591932
24221086
21967814
19586545
14734747
11139576
9257869
21389210
20578037
19543397
11348450
9120256
8120531
1851800
21802024
18063838
12810540
12569988
10725741
22344577
20693344
19602958
16387589
12794168
10903228
10024230
9552002
11538411
26989260
12620798
11605645
11240948
9510204
19279017
15322222
11160257
17755997
28444910
16556683
12464958
9725218
16729885
12235264
19895995
10605037
1371526
11971026
11588013
25703787
9601040
22075330
15682385
10932073
17156490
8174633
27851735
27317766
26989256
12702142
26409873
27231345
6379050
7514199
29020339
28552588
27251279
25896927
25609052
22092655
6352807
18930313
9692769
28089873
27042305
26454362
20888993
26989259
26989258
26472913
26989245
19907042
27770183
