21219706
8700948
22643242
15771164
9429691
11252490
23317873
11307896
21132987
9874352
12636305
8555377
10716560
11131903
26219377
25198595
22289580
25876988
22564953
18939758
9798160
9709251
25836414
9709262
19027108
9708290
23462092
17340890
18724773
11403147
24490925
22564942
21477488
23043830
21819672
17265890
23643127
9829198
10463447
10643783
9594111
28722483
9798164
19517722
21477481
26197296
26038916
10914666
18939751
25198591
23575142
16161691
18236688
18468047
17921509
26735043
19833049
17066923
17388053
24988036
10983805
9709209
24080782
28221935
21740724
19722408
23905804
11325178
26219354
22488048
10528725
16541708
10914655
14572220
23726186
10419212
18939752
25198598
15330547
16013379
15682930
19044273
15690820
16013393
23992512
21219767
20003741
15690809
26197286
11952224
23711745
19833037
16161682
22980024
9921835
24780333
20537262
20003742
28722484
12380745
15270495
24490923
27052866
26818984
21669061
18389709
11348005
17186667
12636304
17133803
17536673
23212015
16300065
25719871
14503731
23043839
17685344
12929821
12801004
11079697
16924937
28272922
17133818
27078151
10528718
15690827
9709261
16629042
26319733
10030627
15151224
17803146
10852579
26613913
23726194
23212022
22186046
16995521
17388076
22691474
18468031
19244905
10030635
15830654
25474059
20051196
11403139
12696677
26083976
12430689
25581200
18522040
12233849
11198432
23317864
21219753
25364930
15954717
25285501
24215695
22221371
20537255
22289597
21669068
24780338
21669077
11348002
16715818
19350991
17340858
21549061
10030625
26555520
14968973
24853524
11726177
26038895
21902931
16161690
10852566
12092723
22410240
10492483
28221871
21902929
10528730
23726198
25836406
19610343
16300062
9709230
10914663
16865907
17066925
15726989
21132969
14717352
19350982
14968979
23643132
25719877
28221930
14672221
17969605
17477266
26197293
10463451
18468048
18522034
15954710
23212017
21740723
19343940
10852573
19821225
19350990
21375878
14627280
15771197
16629020
21375889
24680073
16629047
16865902
23834806
14627299
15726975
11770629
11271779
26735039
10492475
21477466
21819666
25474058
16715825
20828471
12430698
12092719
20377954
10716574
15633699
17900088
12117255
12030285
16995541
16995524
15222560
23462087
28504615
28221913
25836394
15330550
12747699
9708301
20377958
17969609
20819364
24670120
11808786
28199149
22980017
25474063
22856584
17685338
18044428
20132674
9874336
10945576
23433375
23317863
14717360
27497136
25198841
26735034
12182478
24215696
19205485
20819363
12801015
17685328
16300068
11079701
17186674
21375890
16995518
9829195
24988034
18939770
26197284
27052871
15771170
12380750
11347997
15633686
11899950
9708281
28221902
10419217
18044449
24674438
10571314
10340670
27357037
16786875
18095425
11770624
18939748
9708245
10914672
22856560
23433388
27357049
9709239
11041142
25710149
25836417
14503709
27052862
16013367
10456738
17536677
20819349
7607998
15151234
23317858
21219776
11770635
16715814
24853529
25951387
15771174
15222535
16286871
12800999
19244913
25198836
18468030
24215706
9709250
20828484
12495020
9708289
15222570
12030305
11403129
15954699
10528711
11563520
16245711
10463445
15330540
12636310
11510658
16924904
9708288
11348003
15035381
23212026
17685346
20501034
9921829
11770621
28604177
11952219
11271781
19610325
25581194
24705367
21302327
17536695
22289598
22856572
20828466
11808801
24112584
17340874
10382657
9709213
21067666
17066914
18236665
23643136
9798165
8220653
22186061
11348007
22691486
12696698
22947472
16865884
14717372
11456197
9708271
16355843
11848567
11726162
16865888
19044280
12870745
12430694
18326189
21219751
19833031
15726991
15895732
14572224
16715820
25622825
23643124
24405994
19903386
25285484
17536696
9921826
9798150
18522039
21067664
10772213
25951386
15508638
20051209
23905792
26319718
17536679
28221852
17536665
11808799
16245732
21333137
9874340
15830670
28218865
23462088
21375875
9921824
17388065
10382651
9708303
17388047
26735046
16995523
15222567
19681258
25719891
17388045
23834790
15954704
25951391
19610329
19722412
12495001
17900090
25198606
16245718
19777886
11456185
16013399
22564949
27296601
9766078
11403133
19722417
21477471
11726164
12597485
9708276
17477270
17265852
12092716
28207307
16715797
24713162
24780332
25719890
15035374
22947463
22691473
11952214
15633683
12636303
17685327
18095445
17803143
12597473
19903400
15270493
10456753
16013397
22691487
21375884
23043827
11198447
15270503
24215707
19777891
2441419
18680945
20051212
14503737
16541685
