16094683
15897301
16102937
15641084
15943970
16160356
16235094
16174490
16453094
15639056
17477208
16307460
15767588
16283082
16384718
15639055
16126299
16028124
16260285
16382397
15835739
15744355
15725936
16315051
15986232
15708882
15716320
16030167
15638627
16379223
15885979
15684293
15639051
16155433
16204179
15589045
15845563
15898794
16179989
19495170
15570274
15705989
15996046
15958764
15786005
15979746
15784360
15996060
15661334
16113794
15490172
15608299
16041872
15972356
15934093
15748242
16180018
15934114
15505639
15856246
16280619
15668001
16324766
16207335
15818682
16192273
15943518
16252681
16247635
16000654
16055354
15716277
15922970
15892819
15797706
15870996
16167088
16288871
16079272
16079165
16161994
15755546
15580560
16245327
16193944
15813736
18499908
15875331
15868334
15639117
15939883
16280186
15876422
15719304
15901882
15966777
15787312
16006165
15946990
16125625
15776317
15966540
16135225
15689555
15644211
16372403
15963596
17123562
17461391
16365680
16337220
15942691
15717291
17461390
16380615
15899053
15941834
16343445
16078322
16118032
21647540
15853438
19418749
19418748
15853437
19119725
18484516
16691427
23596074
17869580
21810635
