8150804
1627960
11235926
25562903
11219364
1882992
17367555
11481138
27564078
9355818
20540394
9895209
8561206
11723200
19925747
3346199
18335611
10485638
9608413
26346165
26143216
5932462
22281452
18195643
10765045
18091073
27911311
22216606
5522811
9215950
18294023
18606046
20939157
16503315
12035753
18416871
5704828
17712100
14983398
24354328
5111150
7989914
6647634
22472475
8851986
4000741
14155664
14977461
17958943
23417636
20738810
10375979
14627872
23764210
14136321
4889058
6482061
5585705
17828661
3804220
16078655
10767743
18794663
9288014
5113851
21556866
23763895
12035754
4570413
3325390
5362056
3583569
24614773
8168799
6013817
14318936
5458591
5622707
11488372
15362433
9846385
4112818
5364609
11241716
906883
17261836
9812111
4151807
4717659
376450
22496540
21078481
5569411
9892299
15554582
4827468
5769839
25525943
5057076
3362374
5206642
1635602
17229400
24012077
23047960
6366646
369471
16980336
5243161
11285095
2611552
237735
4718684
984239
6033497
5018269
814798
5031098
4672066
21661203
4929611
10646618
22607518
26540080
27623026
9700207
1115261
23827164
4457118
4729065
16909695
9193962
16966661
15660411
26001917
2548116
1276547
1182388
4387044
15271114
16250064
17189642
26202623
25315625
21876221
25123044
23171473
24991776
12954913
10679840
2046938
2399997
22398564
15027561
27558216
25341608
23537476
27032628
2521095
27091041
12849080
12766918
19230
9493198
12691793
25704825
21890483
23731373
25403309
17474627
9075466
22373913
23174711
17607801
7878152
9330561
14512218
16801512
6577819
16856516
7795564
9526180
9427091
15504429
23400645
19252280
26577384
16529151
15935246
17077632
27391771
11336615
16877235
26864713
26303559
25311777
20857802
6232607
18841010
19883883
15001730
19735590
20863329
23395506
16102943
15207448
26968137
19703376
27432231
10427600
15319028
26836181
25323579
29252121
21688522
19039801
21717220
12151841
16816010
19811043
2808271
9876961
9348737
8354736
28790827
29439334
21617520
29154502
1613684
16371258
11974389
28055088
15819730
17341770
27003847
22345848
2272810
12834515
11215841
23562430
29349076
15956273
20599131
11191740
6116592
21206588
18058838
20480417
18392211
15481075
16088137
17846102
22381953
16879763
9469266
8316599
3797269
15650505
7594373
28065176
24991439
9022490
17690552
8930051
18957729
15940318
16849870
9786444
1771689
22026281
16447746
7991117
25667886
12090909
22323347
14690773
10226300
28754586
25750815
10648298
8376610
11929581
10622673
17703647
15804926
23752810
21737311
11015815
10069407
28750684
10227605
18316939
10528303
22644311
8905254
19965852
15106388
23963653
20301414
11869466
9215941
28360647
19305792
17984630
21559196
10526581
6493948
14567169
21763789
11870012
23508319
14566100
10817958
10804073
23359469
19557118
19235789
12436383
12208022
11111409
15104522
12680749
10940681
11775050
17157125
28795386
26756273
17098333
25614783
15624567
11442300
24677112
8181788
6395556
29485197
25403863
18265957
11748788
8790235
27532313
14984619
24576532
27037639
24450143
26949549
18243460
15304580
9850876
26199781
24798635
24466717
27497482
26778658
16361986
12973385
11994927
8843497
25061311
21272180
17444295
14618556
17633594
16679343
29409164
12169150
11748790
26174218
19836623
18289451
11419566
23494844
22123275
15336465
11748789
10221856
9356772
8169178
16970641
27373856
26056674
19079814
27689553
29213374
27734824
9730076
28075189
24635665
28670272
27300080
20301374
26890768
17317431
26711658
20301583
27132762
20464383
15207416
11865567
24685637
17044730
27626066
19026028
20458194
22746383
29038156
28334978
