24844173
28279553
25061565
21897290
24121296
23361483
24129272
25795157
26100191
23101746
24129271
26733590
26646925
22261320
28095029
23093453
28076834
26888612
22840760
27021773
26830769
22492214
27022955
23536785
24120614
24040309
21835250
28007768
26276809
23860665
23855491
28138924
22797288
28086006
22434552
27188579
28987196
24287384
25808370
26621823
22474105
22034217
26985861
25893907
25192426
26331685
21986682
22581847
26176603
26782139
26416545
24946302
27939821
22684770
24995938
25701909
25387616
24958007
21939610
21671798
15632490
23965000
22706729
25093801
22278025
28187802
24473251
25186238
26523635
26066023
28152648
27032925
22813952
23768722
26827816
24655307
22743382
27667777
24677490
27038411
26975556
18007571
28365421
22413123
23974873
25915776
21545724
22669496
25510206
25808503
27430465
23960247
26356288
26684067
25219259
22476089
26876926
24469948
25772999
24345398
27262056
28823091
24818956
23578481
24287391
24711857
22313617
25424870
28904152
22303964
22345222
23711537
21565227
28574152
26977800
22393019
25841982
25827094
24166015
22273264
27032917
24361282
25285363
25905928
23149024
25977270
27432678
24084179
21447905
25620180
27482782
15370359
25655872
27109180
26718196
25939117
25030069
25269125
23553572
23537673
24750698
22350690
24020449
25962067
25232884
22082737
24823717
28128026
23093451
27604312
26192104
28381654
23171514
20104401
25125270
19385722
22552850
28455364
25046537
26254595
26752449
27029336
25702224
25456317
25701901
304523
23093456
24342676
25702222
23619614
25162292
23212059
15574569
27033264
26208419
27260554
24215134
25308130
22542310
24931496
26350144
26016501
27430468
25002572
21172692
22936519
21787167
26853860
27417400
21586297
25904047
26635272
25356741
23842042
27883181
27184060
25058428
4316224
27856530
27931179
27524285
24210318
22800995
26581333
309380
23622150
24579770
24852230
24252666
25702225
25913645
27671475
22045219
23867398
28615277
17197198
16919525
29132507
25964500
28194558
26000929
25931186
13946416
23684515
24814522
26058665
5308595
10520436
22464826
11350282
22766141
22583179
21722739
25572430
5315659
28043957
27629984
27403679
25215453
26983462
21725172
25746121
25173368
26149166
22689739
19725710
21940437
28924828
16179650
14123081
22425008
23485049
14004214
1136215
26085630
23910481
21083414
305548
27890180
25587744
26981566
25488222
26246789
21820016
27834534
25064795
1791949
21477754
17684886
21434465
28189664
23060246
24514870
25581233
25702218
27834545
26730520
4725574
27671123
28294464
25882280
20611045
27627836
27738858
5304921
28686616
21321330
24907686
24139810
5067690
24156857
22106685
5300262
4956771
25122883
22953444
27616315
12880790
18423575
24251954
26981581
21223435
26733591
21602061
5050032
27758115
20874032
29135640
27184059
21764818
24094712
22070069
18157125
458877
22778210
4996765
16646126
20611043
27718098
23895444
27604725
22950876
4975631
23404730
28295837
19967598
26913374
25909654
23523651
26756169
26194320
21788943
25111571
5107819
5001164
24081351
28689050
24365445
26874219
23171530
21988147
24070614
24260518
26600413
23686026
24936431
25481341
26909324
19005366
24060531
25713001
28560156
25737958
28590352
19743481
12203669
26740920
26366515
20160645
25195045
7913796
27936952
11599225
28886498
24568300
25722949
25066907
22730072
18843580
16646129
22238685
23137802
5172749
28558004
26755455
17387485
21813118
9344311
24042400
4114460
25959660
26700102
25333480
22706988
28987430
11110077
25915107
16395622
22303763
27995066
24102309
25232881
28485656
24367137
676627
4775566
19507154
5084135
4991611
8084368
23558985
25813373
26031620
22007877
26132293
25481386
25692480
25447367
22287257
25314314
25313896
25740699
25061865
15737660
24047225
27547727
23831529
24531654
9949590
23294038
16213690
24635991
12391635
22285880
27432679
4206507
21088585
28248802
23548778
26619364
21345223
23469770
23122954
25179246
19640506
27743625
8836516
24646878
25366378
28724747
10550381
20089939
22847083
6464579
22394402
23689958
28672256
4761854
19822942
16206545
25287217
25078561
24529423
10599766
21511328
11447432
16324233
23945193
23842967
19836929
19243926
17000593
24923395
23108248
15489009
19937237
28243574
19942229
24136455
23009901
23555665
23040677
21879996
24399043
26918313
24469947
25995310
21075593
24923396
26502306
25363671
20446135
27869301
21250917
16009802
4548718
1635619
21813787
28123948
20703602
22077533
22345498
19914045
20388528
23558829
24247856
27911674
27318594
20815050
24064470
