18156250
25047842
24315099
24998739
22024828
20739223
12657046
26438867
15745987
16256438
26348349
26114871
23028335
24843173
20825351
18463693
25815898
23798446
27304077
19494225
24803520
19846780
28569798
16868085
16020694
18005712
23468634
17919286
16251329
27322073
18079742
18322037
27101811
26886068
18392960
24516143
28928454
16020693
18762149
11606763
16644284
18287038
15225321
18172199
19568431
20502489
14569030
24549842
23995135
9990078
15928073
24265677
15982889
21075796
22286948
24395793
14569809
25375795
19622047
25703570
22275220
26751071
16030141
28096490
21488766
25686372
24086479
25759383
25944857
25631047
20018758
25645825
20560067
22359499
16527544
24603869
20686708
23361328
20565114
22232695
18801704
19876390
18255326
28669536
24586159
20920149
28591540
15128816
25919952
29067779
28798178
23779105
29311277
28522728
29343644
28165460
29219122
11805338
24813997
