22350745
15987802
14512419
14622414
18590742
19755716
19409890
18954282
19530997
26887203
11071307
22080371
26935091
16470849
14617352
19210762
22968961
20596964
8558428
12408984
23150504
16023076
10758477
9013898
25828855
16091780
11032779
29071943
18294303
12504118
23297403
10384613
28536248
23671590
19645713
29346439
8419291
15355851
16850738
17284835
20686072
23112050
12937294
19562244
16734666
10095065
26474299
17077509
20430762
12867361
16137643
16569774
8627561
16801382
12019299
12297705
18285349
16895902
24349445
8627555
11818782
27540116
25781344
10584316
22404045
16514548
15490240
11923259
15879574
11417225
25228763
18596559
27113933
16113407
15919655
24532452
10617765
23874937
16873362
12110680
14727526
19365620
16528019
9176262
9876314
11804240
27711075
25450343
24173354
12176723
16878138
17021797
10362588
10833439
23404107
18495813
12467641
20598093
20012443
19402883
17347326
23073314
12107050
22205680
9824712
11917096
14988065
18451056
16101453
10354463
11015605
16954694
22704991
12837542
10857616
23548383
25212661
12662474
20385786
17122162
14966209
16099848
19171656
15860525
21476925
14668572
15284223
15144237
24962810
17150263
19144963
25033194
24239603
14990186
16158324
12164304
19689269
21364927
24786523
11284203
19307298
28171750
16245034
21895767
25603912
23720326
10448895
9352923
15715921
17952139
24077695
12724129
15947424
12801890
14740218
9858745
17655779
24349268
22362387
10868739
24905173
11483609
20695774
17553302
11896056
17217686
18607626
28800723
27028816
12122442
24386311
17074318
15081309
16728449
29187602
21826170
3982884
3170486
26510883
9495745
2013566
2013408
1649626
9159269
29610986
