17183507
8393739
4177915
102480
16524749
4360608
20931591
4967992
16171387
29235319
7872788
809452
4347665
14323560
4157727
7876179
25311940
14156122
3915360
23193256
4100957
14264277
563541
4144725
14282368
16297901
186484
2695060
25073685
3109
4333842
4310032
4317143
4336624
6028855
6228437
2999380
24296501
9051467
17912803
13966348
1671558
7849647
4304904
20122908
4104030
13956567
8791627
7003280
1201758
5752724
4433348
4293592
4314759
16325574
16832066
5071270
180762
4826701
4371127
4359231
6298443
4699477
3865575
4174323
6208846
27714153
4213746
8307189
4333453
4287727
5418375
3026305
13893309
31
192032
7781433
4351703
27142298
6114943
12656998
357353
4620226
6268549
4611538
20945297
11421816
982943
4299622
6320603
22126997
22192836
3086407
13404536
11872485
4522812
4341457
4367199
17886859
13965192
5697788
7002152
4300881
14363113
578295
5058403
13227211
5475482
21905123
9238516
4244743
200837
5257201
389177
445842
234391
13814337
14060892
4112278
17382383
13999242
5625638
6263520
3921400
16336194
6171626
132336
2895788
26101253
4350406
20306191
4067876
15445809
7012445
12824589
4825245
14009723
16519956
5461705
6396343
3103681
6830978
15066179
19202766
4356042
10706665
162340
5810868
6151001
6220145
4367781
11743734
4318810
6156226
11157238
11406580
7079734
18305117
19041687
14595783
13396985
4311299
6119713
4297338
6444310
4986512
13892720
6238528
1100322
4399581
4250338
4689401
11134963
9252916
13404538
27716796
18360779
11603503
1120933
3040068
13266604
20473582
4723721
6299156
13630280
4722353
16818490
22833171
10191250
4343202
4258597
14309641
4273097
13975574
2837976
18641143
203607
2917172
2417292
6249704
20638251
12534822
9599884
4419528
13352874
5431612
14158894
5559569
13352867
19889881
4314472
1388157
25407913
4151638
13885319
8004466
5067004
4816951
14486725
6259199
10215585
4929372
11746211
6185384
4976407
7451241
9655639
8083208
12842470
17620715
14263161
4296662
7118273
8846211
4944910
6277098
13835320
8349667
6270905
6446174
21741480
5338501
312296
1409539
234756
7764771
2167811
8920686
4653582
5118107
26699742
5025641
12997260
17087012
11361091
10601844
161724
4350817
14295313
3010997
14060465
13475341
631308
18155044
1328432
96653
8892832
14338228
8238009
4364140
18491606
641210
4453149
13682896
11579558
14174161
12536250
3067631
11794951
9584613
13124963
186133
5755569
19145890
5540403
2868711
2006156
1200075
15808484
1151946
812167
14151087
26662428
5596918
16597936
10080922
4920305
19154770
184724
14402933
13620216
8077192
10311
6298081
5567552
7896743
6783449
13921659
4319725
26790627
4211211
191258
14049965
1248782
9414556
13018748
314387
5435566
13170373
13271504
3518860
5359645
14106338
2158874
14248428
7898453
7391654
4422136
13584113
15249038
28935670
10893261
21933117
496824
518969
14401502
23751545
13357496
13937161
6061722
5795827
13952020
18058773
13557934
17698154
94273
4337337
22607316
1747104
6552184
5696773
2820943
14068039
14482763
22170011
4345248
178339
11271822
11761376
23179445
13747009
14293406
5738362
1262874
14153066
13198839
16626737
14151724
13458461
14073779
8481009
4828233
19420719
6485492
338301
14417909
14399018
13061752
17448788
4312988
8518752
9452430
22101041
4354966
4343502
12983406
10885973
12552153
23010363
16721659
22768133
7961958
27558438
6310400
14207882
7781038
4328463
23160923
13993095
10428697
13201635
6411503
6299997
13919612
4314300
14151229
5082330
16278211
13242259
4697863
172386
13045715
14456662
21141460
5728047
13549471
4830504
11465060
14976214
5050039
3094018
15922334
14187254
13851545
14411398
19710420
14439300
664468
16110912
13309338
4316910
14048780
15688435
28215320
14392958
21718641
4321805
357351
1056766
19928004
13538023
2084538
22412800
14022534
13823740
13445254
14363289
2517127
19765078
14237710
7409026
6346702
457455
4236803
15194477
13501442
4641853
1201194
14214220
9604504
7987228
971420
3132020
16786662
893381
7034333
11707607
14462361
13925420
13758585
4402410
13301483
4752949
7466655
4290134
13815149
4438336
28490371
23000451
17252134
14363120
16429495
13864481
13047409
240342
5576544
13343776
4332789
1658000
13641667
25655405
13224700
162221
14112277
14125190
9309648
6282126
22544251
2001997
25375
