6471341
6565123
6597652
6725818
6594449
6564951
6152698
6387382
6148694
6715653
6511611
6239073
6725822
6701282
6714585
6536664
6734901
6513788
6144865
6744195
6717082
6589779
25290325
6695706
8342483
6429172
6470276
6713811
6322560
6584049
6150197
6096332
6422839
6717495
6425027
6376078
6237259
6209656
10596467
6525526
6385784
21869199
6592520
6480025
6322600
6717542
6100507
6332077
6388421
6499956
6489873
6091999
6497448
6438034
6382418
6464948
6720225
6198623
6233001
6490198
6237018
6500714
6142768
6726147
6377038
6087655
6238171
6517308
6589384
6539508
6519592
6699585
6529553
2002127
6199240
3927824
6435622
6152321
6209429
6093629
6089782
6711914
6511578
6468782
24306951
6487121
6385856
6608250
6392263
6438587
6152514
1938020
6207431
6085229
6334992
6696303
6530427
6518032
6090913
6333032
6086361
24873855
6546586
6497626
6484658
6531688
6386823
6545502
6431068
14979835
6087296
6089348
6696112
6489606
6144366
6559770
6442101
6696190
6489726
2228709
22242565
6502273
6548676
6202852
6708034
6373616
6589383
3339094
6487574
6151952
6198347
6198932
6387711
6428839
6325494
6203977
6607128
2717970
6696075
6096401
6507636
6094759
6086240
12342329
3086262
6096877
6427278
6328405
6504064
6736293
6430066
6699174
6543226
6543225
6466660
6747241
6741716
6520228
6542865
3645977
6240833
6335524
6693416
6470130
6148997
6202586
6507883
6722596
6439595
3425362
8040942
6705621
6205876
6099587
6389533
6331202
6087191
6582289
7903022
20672354
2262245
27668272
12285836
3423157
6584449
6514436
6206435
1682393
6386824
6087192
6705622
6396839
3979950
6326133
6087189
2252086
6150112
6720871
6471898
6435101
3527263
6326894
2030128
6442100
6582899
6527156
6146270
6097763
2775176
6206224
6727442
12178307
6735082
6094809
6696916
23219682
16287398
11231680
6611367
16951709
3400693
6527157
6513608
6093188
16259851
18753866
2991807
18614927
23532480
2835700
17325605
10430217
23287403
27295613
1560346
18253479
19011979
3776972
19595371
1735902
19108691
18851885
2827687
8356967
25630041
3021715
23719351
9796631
22089381
15251696
2458136
7985660
27940218
26175521
23372042
6144404
