29065545
25915965
17212534
16088248
19021907
10138605
18508138
24503563
8940440
22168074
29354066
25176134
2066489
26977355
16757151
3765107
2604820
3176170
27505746
22060838
5061907
20210384
28699124
20087336
16000816
28859228
20353618
24286727
19065558
7002799
16698847
26058157
25049905
8334019
21691339
3479579
20385863
27111826
24157279
8736028
23443927
1455943
26058158
21831752
23214371
28865207
26059101
25934569
24484959
2571721
20888656
19735560
29341542
25251288
3488068
17369278
10797307
8572215
24332944
26400493
17575331
14753247
26833396
