16438250
22150656
9335385
7812336
17494450
11910849
16848383
11784872
19839078
16956397
10756693
11724708
22397016
27840312
10023657
26463139
25322624
8659482
10608513
17617937
8198380
23439376
10961468
19335145
8316810
26372336
22658934
23827660
10652032
21825103
1747716
18650406
28236332
25512810
16443041
15698445
11251520
21798393
15460425
24859445
2633068
25524906
6369025
7805364
11465241
17711092
10626826
12243074
8321069
14364030
15491743
25201150
10778464
25198158
8326599
24026180
12187193
1439387
8578279
16809257
11224695
6225103
2342165
24002043
16404621
5818178
11849452
18165809
3191354
19738083
26645870
12686843
7783706
4812116
24518789
8441433
10928292
1343434
1366343
3431728
2618912
16910218
9474119
4032896
23221031
8610664
6720487
4009825
23347810
1010873
12700096
8914040
2265328
482169
14084708
23133865
6937989
15677531
7783704
20435709
2617264
15237492
22480460
17619710
9048856
500323
10354288
12373623
28624518
14584297
26614112
23392537
22649959
6463460
17117307
9099151
15671430
24219634
3688038
2081512
2752249
27444735
28561635
3727218
514292
15111375
6749417
24578335
2021806
8618271
5095571
9780747
23532416
6216029
17928824
34098
10932926
6818128
20042524
27279491
24029284
21947122
11380831
20736987
9604817
15133330
15860912
3824255
7014516
7128645
11309680
9366381
19679672
1626243
447088
3344405
24335974
957503
16772638
2926871
7233649
18046318
12563603
28318298
15798414
15725936
6220270
9879200
6269684
18186675
24752465
11176377
11598387
7035692
26311217
24335976
15916110
19326108
3171110
6937993
2983270
12468624
11784873
4367891
12361779
351269
12030262
630804
22388615
12024003
6502276
1596833
25586245
6708212
634
8644389
20466410
12030263
24560157
6252761
22500592
21076446
3199675
4422480
1162800
3081562
23525976
19911680
11390734
5040764
6094046
4610395
3835338
19748857
20003625
26192255
5107933
5556049
16014041
3976086
1009977
18359391
17621514
4434241
2871216
4425790
2404327
3007782
9689159
9989691
18518781
4361815
7359627
14086383
9537699
10412964
9167658
19033043
371365
25229560
7747156
5781083
4665914
25150857
882476
6100075
9725780
27222155
11150146
7235608
14130803
12576800
25150856
9399060
2014597
18278757
5797755
7626596
14212513
6471206
6708660
7704788
6136646
661071
12677782
5086037
14552081
3035774
21123489
6558835
10672943
11942967
26645868
3727217
16013013
12752480
4410443
25947170
14236919
14139188
14368698
19596731
15499216
12430973
13934916
4715930
8335871
19555143
14314910
12474643
24326505
7994936
5765888
907519
27488444
4653589
4182793
6302932
4811877
14299043
3662388
4684855
5656279
11223695
3373342
12366731
5016022
6972114
2314515
13933691
11926201
16112044
6605551
8164620
9399064
22635173
14337639
4277691
26977089
26969574
10584968
22150657
13352574
3980960
13102876
27068369
14100262
207183
21325245
15579526
15018247
26241473
14129007
10203369
23438422
14092736
8650847
4610943
1895673
11721154
24573387
5556093
8130085
3170105
24960469
3696092
11543039
14236784
548607
181886
14179236
14047862
1046254
6938001
9092314
20124262
4578537
26150027
4706494
11784880
4598505
5548933
6725972
9382410
5326233
8332168
14245202
11260403
26615595
4094253
8074077
14137501
11269613
1096755
11530173
16837923
5863113
1956413
9648074
12544288
11221920
16595819
1942285
7666985
6295538
4458550
4487447
4177946
7671093
24032438
1653079
951322
16528260
6361754
16791711
23703881
24846196
2156883
1755403
9727373
2387042
6844178
10571799
5808655
25921845
15987848
8561157
27475231
23473903
23101150
11532714
37442
12692447
421710
5036744
25110210
1280051
17604750
20144971
25193920
838488
25970330
22041831
6636376
17572176
17511467
2059677
15493118
4349969
8178383
1776871
16438249
12004834
5773336
11025688
2291247
5412735
5825208
9096270
12649987
4393109
2752250
22425103
22088636
10468751
265186
7424690
5072007
10607782
5151208
34218
27932479
9040605
4023645
25623233
2645435
17190101
26552354
4808916
14170789
15815943
11585355
3012244
3811079
9724501
16435482
12474642
23247537
27024776
9510632
24128830
5820864
25463625
5658361
12957851
3573466
1338223
25169786
4973137
572722
1334059
9873216
22498635
4571471
17476495
24857648
12148098
16775458
9656969
14566692
17068668
26025494
23535174
908185
3502503
22341296
15253032
782240
821572
6324269
