29111158
28125694
27859501
27009040
26859720
25598862
25356226
24987823
24147638
23808548
23584902
23242127
23186289
23001868
22567747
22546688
21446918
21168708
21031543
20557350
19124226
19049345
18627004
18564143
18330092
17617126
16911473
16608546
15795384
15382020
15247189
14742597
14505810
12512042
12169274
11522615
11387028
11124834
11097495
10655261
10226576
8675192
8675175
8655963
7737649
8029354
8119698
8680440
1282322
1536624
1312119
1530788
3175997
3665683
3317083
2941396
5826867
29562379
29515340
28523520
27986746
27706903
27366301
26905607
26753564
26293671
25808782
25627425
24261021
23660771
22868799
22658783
22417003
21953779
21454470
21338457
20714322
20306568
20206126
20133001
19913937
19134051
19052772
18825314
18229459
17950011
17661415
16822242
16531468
15980876
15672354
15201192
14752828
14529653
12576510
12557155
12102676
12016137
11434624
11389240
11281551
11014987
10567349
10368070
9598673
9521264
9303490
9184606
9099976
8283136
7507950
2012874
1845560
2119877
2842279
6373550
6282638
4481723
29309776
28461687
28117681
28073162
27799254
27167000
26996997
26597657
25951856
25793288
25183874
25090825
24842984
24579244
24306496
24222102
23987244
23402083
23299577
23178524
23089706
23082702
22895388
22772092
22119618
22004073
21775388
21168706
21073649
20727157
20610391
20371353
20045724
19857758
19438606
18981167
18715470
18567515
18503097
18484617
18484605
17715635
17651421
17512085
16484507
16268963
15985589
15382022
15285580
12940922
12927923
12734038
12654963
12516386
12445420
12124444
11889082
11830335
10773220
9918930
9862880
9828225
9578054
9370953
9328312
9314133
9137805
8855202
8675174
8682490
8563935
8287498
1373703
1373463
2391065
2504809
3559140
7183138
14248219
13946984
14361079
29602096
29239474
29023811
28483337
28146303
27768254
27591556
27563879
27452337
27091156
26936934
26806442
28337100
26118582
25112417
25029872
24941709
24766195
24454547
24393274
23753097
23675868
23046674
22867675
22420978
21520176
21172805
20932596
20688544
20497314
20423349
20039876
19957378
19916585
19857777
19751735
19457566
19205034
19177575
18484616
18180304
18174292
18173562
17532304
17275128
17123643
16146449
14739107
12713866
12653849
11680040
11606505
11589768
11586463
11283860
10777570
10729748
10369717
10051490
9723510
9605723
9581658
9462662
9126804
9040384
7828963
7691125
8380738
1310477
2050334
2119299
2187064
2499553
2915800
3346533
2979513
3816091
6735747
6170616
5632669
6013456
13313005
26874076
22248661
28832443
