20935514
11061782
10574767
28379718
28576771
17928300
11748155
20460306
25799059
9247260
19536807
16396903
16185261
25112419
16632755
23727413
21689430
9636069
15878962
18231642
22190352
12403705
10027293
16788989
16707121
26293299
21437245
10510184
21642420
11044611
21816948
19574535
12648487
17296352
25245619
11823802
18625210
19955443
24339784
15328011
23762415
15906375
17202188
18843087
21254616
10862738
17409116
23376610
11755778
22968113
10510326
10330024
18083924
21801010
12756179
23799585
15811134
23077610
12514186
15841179
21820362
28954202
9671585
12743034
16682203
26503913
29189160
25865348
19109233
26959361
26633513
21256921
25370275
21732818
24465999
20941789
22388655
24415953
26619401
10226030
16326393
15132968
28720477
26363135
26411905
19214186
21545794
22391302
15707959
22072985
17392501
20118198
25134527
19706761
23287320
22369969
23595735
15013214
19149881
25979438
21701772
15793295
28527696
19632216
19445942
26001200
17121018
15554946
22900095
15548648
9321409
28794157
15539889
11003839
19191023
28735864
15342389
21893610
16616798
19834598
17638910
22214306
20024601
24712566
10225999
11719506
27689403
23403897
24013724
20333644
15905200
22114144
20581802
22342522
21793033
15572433
28370670
26297432
24804165
21183792
19818966
15128061
24454566
27752995
24886827
15888661
24889938
24027019
25238962
17507416
16003737
19095649
10495271
12361967
25140582
12620981
19028702
23109092
20049737
29221447
28726779
21380601
21633508
25340710
21472212
21059263
20830616
11748151
15617692
25114218
25977369
24131628
28418873
23031710
10725236
22178118
19015273
29356962
15496441
17392427
28123507
16501253
28143780
22949014
22084163
12183437
28276480
10504446
29164577
26318045
24165159
15249678
17083567
16818446
19458072
25490446
21209421
19570847
24573955
21679342
9216996
28219952
25362352
27862693
26617716
19706168
15537876
22493482
10559945
28799057
16574067
16855389
21129534
23283432
19738389
20107231
26413813
23163650
12907651
16293631
16510586
25476449
24889396
27905054
18924150
22040957
29662197
10395791
26190112
9584120
24468749
23019366
24362763
22110720
26182949
17191253
22962010
17115028
9349822
21713771
21468632
23359030
24289472
15806168
22302193
27036131
10518503
23861764
18756266
29628779
19479712
22365972
16914490
25448080
23371063
22609357
26024388
24553082
20839260
24433772
26744317
15833820
21577203
20934421
23788111
12165851
29250185
9892966
22354480
24741597
19071955
16299030
27758883
22201734
22374725
27917272
17343742
19136624
25816987
11472848
24856810
16878160
19474150
29484400
26790448
14602680
12235001
20083481
10534616
18725518
28030567
26085085
28562206
16701100
25632159
25313900
17409199
17196391
16826192
24063979
8556306
17494766
17628016
12215652
24357514
9655803
26868908
23482563
15880586
24962990
16434164
17660199
18241033
29045809
10769232
28631844
26983576
27229466
21610030
19056374
26482617
26417478
22797820
10725363
16813524
20081843
24440094
28413604
17342747
24464877
15521068
19190345
12573433
15890329
20445566
21088480
26512695
24688313
28973407
12142027
17296441
19177589
16041742
16229683
12221011
17187775
22992192
15604099
9425131
23781099
22906929
20175750
16316410
20881264
21063852
27504268
27109116
12438220
24865218
20516124
27221780
17726373
22910224
18990706
26154024
23943798
23667589
22439934
16376138
26184317
28986380
15545630
26179046
25823816
11124121
15520176
22115706
21520153
17698054
17312394
26179045
20433698
10375510
21496866
24710823
28524856
18218620
15555926
16880536
24202394
19077462
19168680
24765141
27836001
23916850
26146059
26945969
22076568
21875383
22133807
16571352
23981360
26141957
26997450
25888497
26107686
9486541
12165511
19433502
21674124
25295109
18789160
27065321
17035233
23520544
27698840
25294942
29570794
27894099
24064361
22237687
19559697
27903983
12455637
23645083
17845852
17611698
22952916
9731531
20466536
12175361
27621062
26545965
21839734
25913744
26088878
25667444
26927093
27793025
23936094
26010061
21159571
27801979
21172305
29627579
28167297
12220708
18359851
21424326
26658865
15604102
26796282
17309601
12385751
10096602
27796923
18328428
9438426
25810373
24506883
21300762
27744627
29659575
28976809
27877222
17683069
25693592
23626687
20821230
21821669
16168717
17376755
24443799
16855373
28548041
24450438
26446020
19700616
11472847
23308271
23873040
22397755
23063491
24906555
15492847
18381430
16278368
19878745
12426310
28744817
24782623
18332216
28768710
24312641
22069186
15780749
16327553
25992955
23152377
12606279
