10446470
7280152
22250353
11572841
5914820
11872562
10824309
18276237
8025153
7071299
12109499
3383750
7292078
3745650
28992443
11227757
18034917
6512092
3372832
3198829
11045774
8347112
12185209
10626371
12916571
12564755
7778110
27977241
17615349
19330582
1850788
14992671
1852387
4078683
28497609
6967522
7249828
8668744
6644521
7323257
19468139
7411392
28135535
1478304
8636889
6353472
11045743
6525358
8441791
2324942
14629689
12703653
12004479
16737378
2710874
3279521
25854277
21824030
15447640
19468149
9108699
845788
21149854
21887713
1110275
3198828
16913946
7861305
1577288
16942980
11860043
10740948
9987585
9866186
7277203
24278176
18230224
11485104
28795928
25551217
11901964
2798704
20069398
12081088
4075939
21940249
15600133
3168977
3746899
6334743
23013045
23602961
18682348
16516656
14596716
14991550
3572739
1393168
3757986
16916413
12147641
334800
20408059
9088054
311222
6879276
2707223
20105217
15039514
10146806
20804263
27017529
12075915
17454663
6832663
11346327
21480203
21919638
20827740
15272998
21722052
11816455
17073523
18815991
27247640
12370888
28058742
21534961
19828320
12816331
3344301
23330058
9455624
24137149
9309472
10979197
10717968
25606351
14622653
19742069
15367065
22826382
22191604
19686767
6601484
22369116
19819423
15002679
22830664
10750541
21722644
21481387
20605769
7593871
27065477
12764222
17524684
28848484
25982525
21827326
20699721
16193479
12472612
9735613
29422181
21987504
8770376
23730828
26215718
25793398
25537814
25656314
27153533
29504797
12371459
22209127
11203745
23113573
15108752
28236780
27149157
21219079
7713854
25822035
17365749
28523234
26467326
27387193
27773810
