11767746
11718126
15625743
11577584
27520062
11599233
11592276
16985718
11593876
11450648
11586664
11518617
12068771
11283352
11949393
11680499
29072849
11450657
29072848
15237516
11775619
11440023
11320978
12008424
11444223
11605125
12120175
15743460
14987370
14602943
11871340
11824085
24573423
11469230
11413068
14602961
12136776
11534149
11521558
11256130
11700638
11894802
11580679
11286200
11246525
15743457
12108436
11386290
12025543
11458956
11690524
11436902
24573434
11968142
11736482
11675792
11580683
11497870
11461652
11458432
14602957
12120586
12075622
11822406
11680440
11580681
27138153
14987369
11871358
11840997
11762332
11736549
11508314
11445972
11441149
11286220
11227303
11710370
11501557
11497809
11450658
27500053
11939142
11690322
11680492
11253146
11252273
12094806
11794314
11736612
11690325
11497872
11497814
11475101
15743464
12506943
11766669
11690320
11675710
11675282
11580685
11478310
11402765
12861478
11944469
11873742
11761676
11583012
11461498
11458955
14987371
14602953
12199192
11800922
11800859
11736616
11736545
11736384
11727730
11591997
11569624
11461601
11450649
11432378
11403031
11354028
11275492
14602964
12557858
11781966
11753229
11736614
11587024
11461500
11436850
14987362
14602965
12116666
12022135
11852864
11803910
11775618
11766673
11690327
11642291
11592286
11508315
11450643
11438777
11300042
11246718
12018188
11845797
11775632
11775613
11736618
11690323
11592001
11572235
11572230
11505675
11497808
11450636
11432377
11403013
11353983
18521324
11343073
18943392
11977484
11944443
11794315
11758490
11736432
24577704
11700644
11603365
11587027
11450645
11436839
11347549
11336019
11307352
11246527
11236758
11642290
19036266
11680497
11562507
11478307
11440009
25568894
17050983
11902110
11886543
11766672
11762361
11580630
11531605
11450644
27432396
27138160
14987368
12201239
11865863
11727159
11642267
11565506
11461599
11428298
11394070
11376412
11344445
11347558
27432398
27432395
27138161
16252178
11894813
21765746
11545066
26726106
11409201
25409096
29537518
29537525
11475355
14987360
14602962
14602955
11702332
11592930
11586047
11580562
11497810
11443422
11412795
11403020
11326086
18944226
11592288
29538991
11682025
11139639
18629243
15973576
14987363
12183914
11758492
11605117
11586687
11572231
27138155
11491112
11340938
11317456
18943386
18924868
12187913
12105440
29539005
12116783
11775637
11736547
11700618
11685355
11675937
11572228
11461597
11458755
11418966
11340529
14987372
14987357
11933873
11810110
11808435
11797062
11762303
11719881
11587025
11575142
11475653
11446359
18943384
11958148
11831601
11802626
11676427
25696729
11258284
18943387
12051181
11826442
11822405
11458952
11150312
18943385
18924883
12094775
11840636
11783782
29537521
11712976
11587414
11241994
11204596
11188770
16303468
12105630
12105612
12105577
11840629
11775633
11759396
11680493
11515566
11303860
12105592
12105554
11775594
11712977
11603383
11563387
11154357
12688259
12105642
12105604
12105449
11588671
11519534
11434334
12105649
12105621
12105567
11783419
14987367
14987366
14987359
11753719
11571920
11515141
11474998
11395830
12448195
11977496
11915775
11842454
11803927
11800857
11736484
11713028
11548737
11521351
11497812
11369994
11353981
15505911
11862311
11797036
11690518
11501558
11469277
11447298
11434340
11394096
14987374
14602967
11735033
11710321
11690522
11580563
11915865
11572205
11556364
11491123
11419332
11403014
11354046
23074385
18333018
11806656
11803898
11775616
11727742
11491093
11446382
11440022
25696694
11164722
12971438
11787494
11775504
11642265
11603377
11571263
11556365
11496840
11450691
11432407
11347551
11166629
11123601
18944271
17009430
11958152
11727744
11586977
11447989
11398558
14987364
11817113
11501544
11307720
12602383
12391986
12051561
12035750
11877544
11785513
11727706
11676348
11594665
11592279
11583022
11519533
11447990
11439937
11434343
11373726
11369323
14987365
14602971
14602960
14602954
11531555
11531507
11449128
11915878
11902163
11871336
11831685
11829011
11788100
11700637
11446381
11446349
11409374
11385731
11326434
11458948
15973581
12630405
11715213
11592273
11552419
11233233
15869375
12901365
11958193
11822402
11676222
11642266
11570377
11501556
11468960
11450653
11378904
11312814
17511108
14602966
11902162
11840978
11824082
11822318
11810109
11762297
11762296
11734867
11683167
11580567
11514829
11443450
11262911
11987853
11977198
11958153
11894833
11894803
11687664
11683001
11680498
11592282
11592277
11570379
11561340
11450652
11446344
11394383
11232887
