1941130
20160370
3941386
4809127
8052391
6511445
12120659
12450288
22821617
5025919
7416675
3152925
28304223
6573090
15868170
3790204
27900552
16546044
1808777
2077927
507551
10740738
9199683
10864394
17454766
7789030
1335171
17981415
7036950
1879264
11504379
12483123
10633307
12644872
11176077
26216058
2320221
9167725
1117332
9684962
2781329
4083005
24413277
24941302
9525726
1996453
24021618
17295651
1993918
6734008
6881106
6309305
8065579
19525829
1375982
20698468
17418959
18706240
2149542
7416673
16261760
15913796
29310398
19190444
8360741
1630574
12972813
20364771
4495790
11239887
16843131
18382292
28362211
7762342
15830368
17592399
23909619
7631553
14723267
2704362
10649521
20084032
21712742
7965142
27729085
8207515
21990797
7543981
19208078
7146932
15631179
9100790
4724950
12827710
4023736
19730087
7270512
16758685
8451726
11956925
2281298
22421254
20197427
10726338
12918563
28866065
2058302
23791243
19621292
25640561
9206489
5383588
17004976
12785185
19410463
21459353
15915306
25803991
8963990
11271387
2442646
12040287
14593939
2919307
525948
22017812
20963705
17124372
19954029
20094721
3169918
20518424
11713731
24962168
9689924
1941129
3434257
1757801
8497973
10735771
1456263
8371939
5369880
21866405
6580798
22005084
24203670
6748834
10853744
7143071
1199006
6645904
9879297
896037
7897531
5924805
17630110
1469556
26458596
11302633
4010681
7395561
3589943
20860957
3948936
11244373
8915056
8517337
8577974
10759805
9176805
1948347
18590167
11302646
23047182
18442211
12509700
2492724
16565853
7442393
7258964
16085625
8950765
7987549
12559357
7682370
17120901
4669636
6485215
10450844
23082799
9580466
21214993
21630204
18358656
18450635
19625846
25754498
28524812
11013508
6425782
9131930
7513394
3831268
5298317
2289889
22612241
12174996
2059484
7359980
18946690
11937891
2168033
12382136
19190445
17410711
2384326
6839933
3684325
3673433
7946985
17629241
26363242
7571087
12049137
2192796
6256876
8334623
9102601
593521
19999334
17454765
481800
10603868
10938710
20497342
16810540
6462357
21309504
21397407
11453387
3713980
7103703
25766770
15739534
16328772
28595230
17149966
11685615
10707678
17068718
2425929
14721784
19716772
25180004
714242
18776111
7317208
4773736
27144895
1327615
12735353
16933415
22583730
12578458
3703086
10527481
15086843
151975
20642897
24129004
23206630
14624095
9688766
10884135
17991059
2398952
6485214
10488517
8599476
26330397
20854060
3313668
15227851
16715306
9715301
3193757
3231805
8543971
14763580
12465015
23287329
21341180
10659422
16325512
8613849
1782622
21267702
1135894
24078538
2644745
3992785
7547379
27469385
16900473
24635333
7876012
16026415
7808974
16626049
2271815
6232290
533442
24122935
21576564
1551083
1294601
12013671
9686236
8237167
1690955
6664959
17918681
137374
22398139
422397
12948462
11810168
10086918
27314550
21161297
3352622
18688126
10730655
28698083
4022256
2101215
15690065
8754912
22482976
18374350
22885720
17337935
15716201
28776089
8859613
8522309
6095644
10752905
11747239
19862564
3437930
6092297
20514500
8454279
16645110
16703909
11699289
10413139
15460332
10091765
19415177
24286145
27590862
1034889
17561755
9812235
7732786
7586857
22524546
24480512
8220788
9894966
11992373
27052403
16222158
18308343
17965567
15944955
26796999
21716081
8237165
23491213
11913553
20514499
20702095
16122028
11059242
15942507
25434952
12715027
18946438
21053549
8542507
5839432
7708145
7683125
25070287
8232887
757897
25348892
26522887
28498973
904513
19294331
10218472
22274986
17414899
3787779
19687674
23108855
14501938
6646468
3566937
19267110
6657031
6829125
4467392
12571385
147843
4524886
6000760
6576291
19221808
19123885
25589319
474226
17337015
27018015
6839657
7438919
512488
5302991
8571897
114069
8263398
27491867
1624895
20141083
21772223
1776517
23169392
7266544
1922714
12667412
16242004
6665584
6984964
21104737
16943479
3412563
7099662
7874548
25053104
7157318
641857
1740393
3392251
20303594
6614798
3418596
5488899
1225006
1338830
27901011
3966213
9450838
16538392
931250
14555838
8940841
16753627
2227671
11417255
19260543
3574953
2035086
1546518
16936398
3805419
15054388
2609837
1471346
3834518
1154050
25350167
2288057
8385513
1470312
8411882
12859075
8837095
26982902
11392095
8117803
2084572
871621
12388524
15959793
19575150
