20741469
3111627
3929962
3918668
3087496
6811099
3119100
6412848
6416500
2837301
3087474
6423198
6416604
3085848
20742664
20742551
20742193
20742748
20742315
20742160
20742137
20742130
20742359
20742977
20742264
20742203
20742262
20742207
20742622
20742179
20742167
20742699
20742599
20742531
20742518
20742248
20742175
20742161
20741984
3094629
20742187
20742519
20742172
3931738
3922496
3129055
3929960
6435811
3921165
3080095
3918642
6786693
6139138
2456124
6789963
3094672
3101788
6434056
3135019
6805712
6802355
6794823
3926078
6802412
6805691
6437473
2441792
3125911
1393093
8555922
15528592
9040406
2506983
7627055
1581736
2514847
8520348
12511480
16020833
12907502
10644151
1515839
14670898
14551063
8595358
9233333
12003903
14726366
11899967
9158484
3147791
9472524
9549467
15705705
7695728
2497908
1458132
21729981
12714484
7833772
9632421
8499029
1458112
1590855
19939901
3142604
9472539
3139170
23183064
15499088
11693136
11041636
25270367
9652935
10445926
25183692
8939130
1559091
2493307
2105769
14715621
19783580
16150769
21914756
9066502
8518679
17569933
9774299
29669725
10323842
8597680
19465469
2504372
11039952
22113566
7613301
11679398
10688572
8518700
9022459
26715055
10938058
11090523
8173431
10968835
8842102
21831945
10496833
29288167
1515792
11090525
1855043
2492844
20765427
8461651
20765926
20754887
2503151
20773171
20759917
20754578
26318160
8761230
7787543
20775743
20756683
10875835
27170167
12052806
14905016
5485185
20747316
20748754
20755492
20763800
20746416
1131669
20754835
20769209
20777991
8490473
21106624
20756943
20755390
20765131
20758903
20766895
20757280
15684026
445010
728754
20761252
435899
5800373
4811858
20777159
8760742
5126961
14772476
5031235
13708616
10074024
8520400
18390530
18109331
5945556
20788077
20782718
20780173
20769125
11238155
22496141
15705694
11118181
14222584
20754783
1109667
14071639
20787832
13019140
14222585
17332585
26634941
14222587
13472023
14222586
14071641
20776241
5428764
21693526
23077351
15033878
14071642
14869695
5548846
13209117
15391401
13708618
1125645
5784628
15033882
314829
13873571
14071640
361164
13879427
8597737
13404311
22375
4206862
14222588
13702965
13356021
20778453
20776236
678834
14072644
20777448
20762016
20761954
20777551
20762080
20761988
20761976
20761901
14071638
13708617
20761943
20761932
20761919
13995378
20762000
11679384
5939099
8081135
10827044
20773394
13269928
20777433
20782056
20722185
13160473
20779565
20779402
13489277
18296460
9056800
15901643
7427337
14718266
7427253
111757
26865572
623994
9093109
13219342
1268497
19861377
10753146
7427506
13536459
18150208
10074011
13396278
709309
13510743
435795
5069621
16093253
5336406
13844927
7580661
7787595
1781870
15217841
14742346
14604931
5909847
14243063
19942665
8520339
14428077
1676319
21345903
4128001
4183826
509069
4250592
986220
10221941
18309964
9420489
10356008
28264797
19541707
19706937
901997
22434089
19342410
25609052
7427572
6770953
24324220
29114078
5420207
7437804
19815583
23516260
28202713
26658193
28831894
22778183
22675086
26113582
24842352
22791842
22789833
23427203
23933861
28659365
23898215
22649172
26173717
23457328
29326193
29282265
27067891
28971881
23965931
28760795
26339492
29527356
26916687
26614615
25564138
22767687
27558899
27090161
26038358
29333271
27900187
25320260
23913771
26525722
29247095
26861934
28615272
25582453
23929920
19450358
28916581
23572193
21726483
26883237
25116455
29018584
28801435
26586686
25183712
28566366
27056589
24793259
22561352
29382674
29079601
28864705
27601484
26359284
23811172
23135539
29440149
27388355
27198994
26762161
26408568
29439064
26493455
22102640
28495810
29248887
29225891
28801403
26634400
28698333
26873045
29472258
28674147
27496237
29331965
25838511
24214796
29472259
28003288
28637738
27707824
28645985
27793836
28626086
25869692
27660321
27029771
26873044
26270953
29654032
28373250
27707829
28611110
24861549
26482774
28619777
24508682
26399574
26283667
27130164
22996571
28588977
