15976550
9665459
9835012
16188137
9893349
8834160
11120527
18608994
9747267
11434624
9205122
15992764
20152373
10363882
8806195
11786394
9795687
9248715
11490820
10635975
10888205
7526213
11121133
11563541
11032690
27143368
15213090
23203097
11086383
10939977
8557658
7641501
11398093
11350729
12717522
8568762
9772368
16972015
10369200
7540232
9724154
8596427
10594750
10495958
12020247
9146575
12545721
11524413
12087467
10954221
10393017
8763869
11382591
7943121
9176017
11002739
12798907
7566598
10990256
7781521
12453985
19521900
12798905
12532773
7798644
10944083
11783437
11050773
9744316
10537368
10516769
10679473
8840834
11174494
12533875
11795005
14517852
11738334
10691336
10088869
10730793
21624769
11286618
7555678
10232320
10649176
8874475
10208285
9989728
9726606
10667560
9721770
12447454
23489898
9299678
19485913
11886526
10467926
9807050
9783988
15693956
11720194
8908405
10424577
10072871
19909246
9002234
14513045
12107119
10389707
9562567
8786112
10338318
10810648
15475932
24284305
12205443
17034293
11200843
8592070
11704050
12477506
11025612
10638336
12859941
10438994
9527324
11953816
10451350
10784233
11852252
7538737
7857288
9022600
11060326
15505501
9034784
11826659
15126581
7959629
9834463
11454538
7980139
11815711
11069548
11073120
12596602
9480624
10646821
11883783
11023294
11917504
11468973
12116069
1372863
8767174
12871428
9323936
8842486
9274417
20147887
10509167
17658244
9676627
15602010
9116151
8752614
10644915
10733773
10839310
10484206
11543792
10694614
9807017
9588908
11854655
8512562
8663424
12798535
10984289
12527680
11786431
12551836
10803575
10899891
11578712
9710128
12802794
9134347
9893343
25773809
9186607
9860364
10620108
11234902
9167467
11136949
9243096
11953596
9805576
8123039
11289578
9038626
10886501
12762479
7525053
12502484
11350921
1791186
11419899
10880538
10961953
12091131
9382973
9286253
12231605
11246562
1312256
12548213
10457901
9839443
11434696
12891306
10612767
8971481
9557237
12530695
7596559
11846206
11427521
27465052
9252720
11350732
11988867
11254400
14662410
11176459
11137400
11952611
12714134
23821770
11020528
12644529
7542074
10087479
12706170
10388459
11875709
10365767
10389722
11347762
16231704
8859087
9188862
11353777
11783388
11857008
12623562
12085267
26228330
9444794
10429447
10397476
11436061
12384233
8982747
27916568
8534862
15841086
23513829
12756808
9059329
12858550
12036691
10936314
12496665
11875741
19909240
12592265
9166595
10880162
26561594
12841659
8774132
9401819
9293925
9307080
9204237
9341598
8670141
12575829
9524537
12750083
10571529
16441224
9561126
11523218
10372409
11470864
10193309
9605068
10784073
16129816
10598753
8148401
9138450
9859738
11032698
11102799
10845866
8641698
10389985
9854484
12150967
11208453
16989023
11249912
10980868
17681102
9354565
10192184
8064230
27420190
12412005
11250889
9893345
10500763
11442000
8603372
9933788
10600699
9333658
10205660
11902537
9059335
10457902
16097569
12415710
10674116
26285805
9893346
8238242
12670505
15662032
15366007
10928508
7738377
9274916
9556609
11690536
8700872
8900585
12669432
9543253
26054568
8343163
12912737
12138404
12972535
11029549
9558193
10806793
8613245
11232768
11226061
9732240
15207016
9506883
12151391
21435792
10386577
17060686
11642376
11955426
9889905
9698042
12232762
11740659
12170754
9852717
12586239
2479986
2085441
10466111
9292845
10065419
25457070
12537088
11344126
10973633
12631300
11714897
12597922
11779084
9813373
7515293
10951392
11381293
11734110
10509969
9872518
10815825
11115148
9675559
11999550
1281999
16375663
11493479
9742966
11953885
16525666
12493399
12667320
11350730
8534992
11813879
15664382
17305257
11478399
12138395
26492995
12235821
11050771
11479503
9125266
10762646
10027603
12494887
8671190
9430997
22985288
27981904
7525523
16951216
14504135
10197615
9705834
8263163
9930379
11254874
12553370
26262503
10986998
15041796
12625958
11244738
12162726
11004369
11380293
11518504
10197634
12417438
9287342
12469214
19689408
12518353
10684081
7706320
1729274
29076133
11196464
11457758
9547084
7980544
12789611
11282785
14562681
17524510
19001927
10886504
12497000
11987703
9682821
17390208
1419070
20406100
11331753
1511446
27367910
10387338
10526953
11502826
12386279
11930687
16899623
9546920
10494799
9739995
12387705
14984487
20847522
12771878
10500543
18004252
8841939
9463589
1857232
12548214
11228486
11473363
