10872193
8108303
4267386
16129198
20729635
8953126
8883332
27160910
12408187
21842607
2740408
904972
2840289
8018492
9168175
21404227
27466185
8137223
24615786
16967281
24445742
2606128
8903882
2988412
7807936
18186898
7577396
27683045
213
20484937
9623410
3021012
1672565
24401050
3089795
7128832
15785938
28693455
25492894
3721723
10913735
1648309
26563427
17530437
4052413
7054592
28453372
23196040
12759569
17095876
8912903
23957306
12838162
8072250
19959713
28257038
18596576
19582894
12768079
25652405
2161456
27239251
20237955
26074369
7579095
11231339
21680270
12137232
16439594
3071173
17513424
9925754
27808039
24938108
28859264
28141910
29549422
7506438
28577739
1282722
29654216
8792408
28476317
26197467
25092642
2199597
25594021
24596683
22878694
27650066
28382841
25161103
25618772
8719550
