14793807
10277936
14931946
18914293
20296172
14856086
15425157
10049996
12669003
4429579
51166
4550985
5660168
19108245
4550986
5630942
5796795
4403810
6036416
17526129
1498
5655744
5464935
5021595
5137964
5346144
5640777
12388862
12361522
5638546
5111462
5883690
4391070
6049417
4130153
5694814
4384144
4382316
6034383
11475356
5968073
28931935
17981562
5806106
5055408
25307371
4378560
619906
5074570
5033013
4830540
4151612
26272056
4258979
5513924
2979821
17094215
12388847
1296288
1702370
16129084
10353090
53528
28701050
76811
19141941
17487083
23581166
11721928
28245910
4973910
25996725
699388
627114
479892
21704022
19141933
25498233
17487103
17446393
12656583
7127887
943370
4386544
25085863
14064190
21417721
8764567
282705
25996716
25996715
3339366
18760721
27644440
6898377
4586265
4764536
23686175
17487109
16817579
8538621
780264
17584890
16817606
15727510
11157770
663067
4027392
5824599
17487050
11749297
19369791
19369756
16968627
6707490
40764
4714993
6065141
5921527
21525626
21525599
19141909
16817595
959321
21525607
9157324
7665718
47770
7357761
24520849
21525604
21525603
20184849
19369789
18184504
16131465
1157960
25569549
12975634
12871652
23930772
22441667
20467079
5071041
25405408
23686213
23686210
17763108
14499477
10942032
9495872
2676861
4180576
4315002
26762217
23606901
22846318
21960452
21785883
19369757
19368846
2626668
4624402
24406951
21785882
11434511
12200593
23333320
22105386
20463322
19369790
28696780
22846315
22441664
21316057
1241956
4147164
22820273
22820272
22105398
16338136
11670574
3607357
20061993
17096252
17096220
17010324
9037516
6775926
29573323
24953818
25441171
24406961
21329020
21035756
20100906
18384793
12130686
22633961
22575308
19141920
6511848
7359260
23343026
17010155
12671785
20467102
17869113
15955980
29625024
437435
29560493
27864352
25406956
25321884
23881111
22846305
21050590
19369772
17360707
15569257
10734154
1386563
702236
15651930
26255873
25704105
23864337
20737282
19141908
15617774
16280
19141923
7461047
26158552
22928543
21303178
15319120
6797111
25744161
6472541
24917069
20184850
16644076
7056685
29383374
24935890
19026240
2706548
25601658
6965489
16817613
6748731
19276763
27723516
26432065
24646525
17096278
6422368
28272111
1295066
19071430
8395463
26496701
28243430
28274184
27178370
12391399
1697516
24614252
2932669
29584493
26027976
17192512
17192355
7896233
3494842
6146669
18278598
16179146
1896074
2993754
26436225
1541054
28108126
27586111
15692346
6601584
15672331
861383
2724988
16374288
12741587
3324401
26592215
2475285
1068203
26042575
26027962
2587608
2869126
14520231
2394034
28617927
28228699
25405411
23775282
2483465
3790745
26436232
26436221
26351737
25739950
21322063
18606956
16817599
16099570
2538695
3534542
3883396
24347622
21093046
16817636
2338640
2329411
2785062
2892290
20492950
24345784
23691088
22563143
19760673
19483261
19085162
16817600
12398263
1727863
26436233
24275055
22846319
18399787
679974
24316501
21079997
10215692
29321637
22261442
16968637
3790744
4000285
25811356
23903355
21050588
16764976
12941223
2836114
3772799
4032290
26192960
22078273
21512892
20854418
7780062
28857810
23135331
21660892
14610221
2821553
2868458
26989607
22863754
15671103
12427066
3614387
26660751
14657161
11044733
3361444
3345352
28193859
27466872
22042774
21445691
17768273
15776568
10668993
28904110
26432286
2884573
4009500
22314319
17311182
11927835
11522425
11158293
27336171
19139153
16817601
11743948
6802760
24345021
23872218
17096275
4078726
29651910
12766617
3181836
26318101
28398760
19085158
14691373
17230260
15520009
25551272
24799511
24786802
23905846
19259974
16832247
29584488
19167956
18519524
17230265
29174350
18519132
22914080
29185785
25115589
19085156
26027975
24462939
19443489
28937917
3024022
27586100
28112735
23901115
21060079
24368435
24127591
26220977
24439111
8736385
27775478
25911614
25541419
28684635
24500915
28032407
29367055
27586099
29518913
27042763
24768551
26239294
22868939
29360107
25157153
27398621
29257133
