8066561
14005424
2597179
1101731
5130152
2451202
2582337
23900960
11428623
8238538
11213077
10755539
12633746
17644109
25055840
23630952
23547745
23132788
16997736
1399028
25971771
26567752
20921063
10452837
14644347
5915573
9568320
9895238
22409285
18096486
7828222
3689720
6938402
657688
4425612
8596698
27102930
16143259
21550026
26313520
29061063
3318962
18257742
15022809
21635874
23805793
19341424
10755245
25497111
5523854
9247612
25125976
12412621
26324807
22172632
22684917
27444019
9154446
20194577
19389194
3893512
11291200
3862607
24260479
1720100
8452559
18044098
9421857
1889500
22214156
20104683
20654680
21103380
21401696
7881668
9647254
16924570
9622463
22883437
19700642
1335155
22028843
26982035
27283193
20601632
26156407
11091282
10667587
3954815
5875804
3180905
18694812
27715338
10749740
10923013
16905641
16713667
14125291
18341514
8597179
10576438
9826354
11509327
11763662
11192539
6008041
7840217
17525704
17904883
25881088
24005553
16243047
16672365
15967733
10090545
16083753
25228446
9563752
3775078
12684259
10638663
20461991
9685658
9152014
25669694
25150062
16337881
23260312
19464336
24987704
2175044
23469202
4413829
14556849
17084062
3817074
9659525
24968347
8013597
18689604
16445696
22198263
1366080
12446176
24357417
12907675
8472835
20954832
22129737
18707685
10759444
4695740
10442213
20951119
20428844
27832694
15823179
3305057
28004071
4695752
2658458
19696555
19789462
7663783
27617619
16766973
17718197
9556844
6430554
28531807
10533675
8467141
2453601
9639017
10444522
15892579
3862606
8981050
7286849
6082393
8828094
8658947
27229850
20693319
5687268
22931549
16489578
14758174
1424491
15477121
11782348
11684013
17034719
11201668
3278025
5971807
8472821
24521900
3809741
1611595
2011853
3698928
8759749
3194918
15078764
17370867
1165939
15456740
11053552
8143836
10587478
3716022
8494535
3376355
1423892
8143838
12576300
18504181
23607780
9692114
18998004
15555443
16083313
11491169
15297790
10634927
22332139
22378373
20509295
9011676
17631703
11289117
26303504
4019391
4582181
17588422
15524403
22242225
8560469
18204118
19520919
10745022
26138014
25257707
3394450
10649851
16969233
23771710
7995392
22701723
8212000
15461841
4927349
8560564
6424345
6725559
18562625
22316545
13979065
21801798
11958950
21349322
9316488
22318816
24293993
12023963
3862601
20822922
12471073
3862605
1518414
21306579
18204159
8819180
11964601
22815821
12175980
19755143
9651185
7067754
20220565
25798650
15579628
17477423
20193479
23543651
3985424
18045763
19734319
12460740
14734137
11796207
16614615
12972691
9551743
3671774
25876967
8463398
16585223
16377052
24392833
21092162
2442568
18796293
23775274
10801793
24777398
4201548
3099627
17397890
10500722
18399853
27937011
9466970
28118826
23242830
1768285
22453841
9458808
25821552
12682431
11815388
25300682
10910961
3862604
8607664
25156898
17010595
21239607
11704541
1928213
15204746
18480072
8492774
20368026
15569474
8312891
16306527
19090673
2278607
17266621
9216201
16268915
11571584
17620185
16846042
26647857
24142518
25058850
20150865
17124605
21984567
17889308
15175009
21824395
12371608
10508828
25769104
15151648
1957101
25837040
1119744
21187166
7704186
17512465
24275574
23363601
10713476
17046137
14982601
8275731
26503312
25716970
10468214
17071120
2665062
6005638
23492188
7733306
20863915
16113818
15256382
15998787
9458089
8989163
19788022
11976899
21391924
6806905
23006535
9747602
22163265
25300685
3111106
22122305
25591776
4496734
23734851
11306435
17292432
19648289
24442604
22451225
23734824
4745248
4836688
25458464
3985421
11168458
7570466
22836635
3997303
27208422
20845026
22850708
20653470
10993916
11859152
26198099
11076800
6065332
21618676
8603398
959332
6149151
20586144
14717657
11726392
9484648
8301583
15980666
17317052
25256050
16014734
17187767
18097876
4837000
7868431
16481226
23064245
10873150
16088183
25999707
5286189
21757695
7573115
9745543
4505946
3928342
19714806
13973420
4653592
18990976
9202959
18187174
552659
17336614
25717100
330289
11167962
19860915
11344087
19929443
20848084
28780895
19270193
19263279
19097988
28078769
16607484
18679109
12815614
19130331
10202011
12755377
10619832
9412572
28337871
22415624
10696066
18663006
12547733
11390505
15811836
580387
12688549
2827886
2428048
7797106
21873444
5141206
11053946
7701469
24480427
2308909
7954092
5283021
17548252
22065904
5209398
