27064031
27225385
26940257
28626213
28228088
26980340
27196460
25585956
27645552
28258773
27470381
25846344
25016505
24636042
27521286
28697127
26576862
25990559
25959196
27609846
29201297
27412386
26780018
27159981
29390421
10804043
18843655
28003325
21042022
27128623
25595386
12893985
11293555
19038466
27196293
12804506
11256140
19309229
19451089
22419293
18613804
24150982
15101847
24261771
14613272
12910047
17570469
12522515
19802504
21812904
28598564
24911574
11138599
22852870
16149679
10225538
19271020
16276709
27318821
15730348
22859357
26768273
28528242
15273528
18279516
12025527
25822877
12242171
10422544
12139371
16985019
14716644
12150615
16393445
16834834
26525846
17056968
24458149
12476757
26930755
18164917
19589565
22284900
19301720
12519610
15692543
17933588
12854279
19012356
19723114
26331772
25270186
17134116
12760313
21258746
11734496
18692876
16919082
16782912
20103722
11303053
20718170
16835340
16960941
19203891
21459680
15290743
26139640
29049211
15770856
10667579
22971487
19336730
16752024
17728965
26480878
22672748
12605743
22141388
11212158
16396699
11252686
18381950
17996386
24462351
15485309
28164777
27194126
15117090
17003715
25911562
10509845
26290179
24950067
21473289
12580647
17126650
22417802
28445800
19747744
15324477
25133963
26879869
25600720
10925968
27798865
21329988
15148925
12216965
24056287
17076604
18349203
15791193
17936723
20549501
10643176
18712436
16677697
12760986
21392822
26291962
21763710
23564777
11316141
11328256
23919274
18482683
16849589
18222600
19168192
25585969
11049912
14961568
16507392
15899051
14585913
27835884
15763607
19695387
28840978
10860137
15554390
17616556
26695406
12511311
20229271
15741619
28222627
10566562
11929821
15340658
12462285
17008411
12708604
15862805
21152316
16140976
19165648
24220749
21456064
15020310
23043648
10560596
27809891
23954277
26419487
11276798
25403311
25139150
14506910
16132165
11853703
15628770
26464643
15815733
10390127
21177414
22691715
19734595
10609815
16777855
28423516
23321182
19701976
17590218
11032098
19921480
20847752
15310350
16249246
18605234
20234350
12010890
15160322
12162474
15327804
17068392
24116126
12803270
20484099
26928670
18037095
16331615
17145853
15703837
22030088
23807846
22269407
23682075
21847707
23193911
22358779
12605423
11961974
23469980
21524238
11177775
20973952
23946495
11779086
18323548
21152323
19177022
17363401
15382000
24602275
24531687
23043637
17208413
20051370
27042063
22386610
12949841
21246519
22289528
16815864
18815538
27020655
19826045
23662491
20146894
25010711
29491076
16507398
22954186
16522694
11803730
25527419
12445032
16490472
17508847
18328090
14764122
23542612
17577461
17482376
16943394
17510421
15667901
17114958
21816845
17505004
21056430
18978565
16128193
28601821
27835591
15706692
15252926
16469112
23562431
17822458
26107817
20224826
12655261
21878579
23561916
22452894
20103726
12925248
16681880
20205602
18245486
24914585
22782459
23347845
17018636
22127347
15867570
16980601
19382200
10580457
21403827
15114711
18172863
27667770
25066075
15701860
20349084
19233181
15151474
20525840
15899100
12166613
18166099
17027257
22421863
16175586
27168361
16088234
21075468
17955053
16762702
15175041
19057272
26242118
16936327
26740668
16618783
22689176
20146877
19496103
12902862
14502644
16764647
20501859
25589511
16609031
17050867
10506108
17578978
25003253
19013488
11967252
17999057
16943401
12868200
18391600
12886870
24349176
22160883
21550559
17460158
12152003
22262921
15668361
23134145
17049084
20120033
23954518
11723170
20222755
15867233
21323904
16461440
15974939
21234531
22017620
24549815
23365148
21115882
25907945
12384538
15719279
23385883
16760295
20590600
28770976
24157144
12703120
23681187
24912818
22982372
14678345
23353808
12355578
24375287
11427506
21904784
28475475
18381949
15613981
11680204
19346674
17651933
23523954
12438270
22931375
24878005
16361565
20652724
19852611
22045833
15184247
23778325
28533319
23422093
14623542
26876621
21830942
26064929
23060037
23562638
19736197
15866343
15156311
11587283
24071615
21138530
20626589
17003918
10692773
14508092
19405999
19703478
23979202
16413115
24932515
24231592
21207018
12434517
18514508
16271912
21235334
15081595
19167595
16223182
19571668
18379355
15222121
14606259
23306427
18345954
20578837
23524145
17257533
11981317
16887935
22668799
18294634
22182458
16888001
26474041
12003372
18990168
12242157
17921715
24345644
23361589
20215961
17680350
22322727
26569010
23731702
19897019
19111012
16528455
20656421
25234526
25239666
