20278911
1179053
19015809
2318768
3360837
26724048
4725988
16869218
18990635
28290239
1860231
15005377
20240909
20240227
2407198
16678948
8834347
19843766
20999503
18774315
12543973
28297815
13631726
5082458
26146044
14456985
28258484
13172662
14468492
17982540
606145
13519643
19907073
24995425
13032894
3073160
14009993
13741466
13174346
23103888
17627085
8835956
19859079
1131847
12168458
22394695
6617282
8839476
13433345
8575597
1129545
19737181
8560100
21324578
6886723
26912507
9508250
19699023
5228745
23083879
9165252
3373298
1008346
14456986
15937806
14168885
7172113
22210504
10749238
5659761
6703511
26234081
4227540
7214961
1767921
5450290
3417691
1650089
9259065
7350712
11394815
26142111
4725989
17441458
1416428
651770
14914880
2520082
19411129
1728910
2312146
18153005
16842302
3331311
24804481
3268145
3948359
5354356
14457576
7436043
16982125
18925824
2234380
9587229
10809323
10078259
27550501
5734967
3662153
13930713
5033742
26410567
6144005
3342627
23035348
8867713
7297083
6635949
20859036
923316
18493728
6801752
23962887
1671262
5909392
18002145
11098946
11031457
15790983
9340701
636076
25630169
27999808
21664614
2736932
28854262
24459966
2390664
11061808
18647884
16723728
11098948
20732611
4087378
7447100
76856
10400355
8045813
21802074
1689601
8838281
25464812
19105391
16305844
11519993
21458135
22727571
22616171
6884048
24096528
11004377
28292544
25711262
7251279
28043727
22828357
10396897
18194845
6657129
15269686
22980552
2389022
16280629
14492610
27104780
8315451
17132121
17043975
3827514
28347606
25843485
16039034
9601120
2793680
28215589
19920801
15081182
17311162
3608124
13721319
9526929
417418
16428691
6239333
21640252
9457181
21075499
23123431
27644060
19541583
10806185
2602337
3988672
3196551
6723014
14058412
598148
26930061
18952361
6836125
19085159
27530540
3547282
3558199
26100939
27984155
21835144
18647883
28288947
16388884
24864589
21739192
11876291
3640761
2009754
9146348
19754494
6407373
22202708
17510795
12458066
18779067
19085171
7846370
9194232
26116848
28062206
6614645
19308820
8638238
16954939
24109696
2312145
28428021
2791229
17468118
26908658
2748491
27586114
19850808
6795912
2793766
20825870
24975696
1213958
26190673
26873050
15340728
2671782
15989893
7316258
24246115
24048666
27247512
25913223
5463311
21481517
12867317
8606428
1442479
25639554
5054237
1523034
7864480
10825624
27987159
24109695
8561453
25766094
24345021
10078808
10203407
11845544
9834794
16553333
17141936
28065557
19195761
27516194
116498
9715775
1087531
22397944
24766903
2390665
10806156
21827652
20598426
26586906
8638236
19537125
24157632
15567051
26745521
26027976
21960113
7994856
28550930
16815758
27103035
21881391
24557463
21238683
15904523
24372080
21272986
2777281
16185120
15145007
6518031
11098947
15535059
26847307
16929194
14614936
11875795
21798678
9054868
3982000
9568929
10825619
4025679
3409510
23824936
10203406
9118534
21244811
21606561
16386562
24094949
23997810
20732607
6770665
16879043
9420954
10192705
1640749
12383373
16301107
11953642
9710404
15722829
3236184
9093827
6831889
25307379
26310803
9931643
2104727
20138157
2994372
15152675
899026
16996278
16442677
17033945
1100594
2352091
17216533
1812267
11247945
19660182
7294377
19674954
7649939
18421481
23337850
8252897
28882147
2980074
20373242
16418093
20953073
25450572
17389210
26099051
12163738
7674069
6497152
28115002
7085741
19214453
3558194
10369904
20151103
8739123
24983200
9795535
6834188
28343813
3975822
2643888
26296585
11218112
22177000
19747779
10563442
25725929
9445284
21940133
10758059
23054380
7663807
28738007
3967345
7809230
23541615
2137682
25976269
21516987
10404749
4445960
6546482
18709820
22891051
9597861
20449911
12435322
27304210
9646656
12435984
6722678
11382529
25533924
8256916
23952324
22241003
4016812
8957363
17879046
15111690
8475432
21002080
19647359
7174416
17628319
15325447
2668854
24388064
10615367
26306435
3610916
8002486
25400126
10560078
13017315
8178245
8309743
18000689
15135194
8003832
16389091
23964585
71760
1559935
1490933
7085740
19493597
3182512
23087278
6396069
3411988
11015237
24180542
27246666
8902484
21501299
6891838
24280228
1807520
8333491
9408396
3846531
17716386
1707147
13204807
21888522
28349529
11476601
14848599
13237131
2463680
13302920
24630766
11367846
14303946
21728960
9122752
13395672
7268497
