29442201
28766815
28609707
28065676
26598715
26177606
24891875
24123752
24093717
23445348
23024764
22496794
22296572
21287275
21043468
20546677
20334504
17691854
17655489
16820969
16691001
16602718
16472946
16082049
15954592
15768079
15661282
15027845
12198111
12188895
12003320
11958619
11772464
10867240
9677156
9241729
9373947
7814438
7765077
1607370
2279984
2951388
21267337
3957956
3081521
6715395
869798
1033266
4938688
5787003
4974588
5912588
14213398
15411538
28386631
27816868
27619892
26796482
26748590
26398666
26373722
25173839
22901730
22768074
22623343
23761311
21657229
21028852
20405122
23766086
19191566
18199670
18155517
18085515
17010412
16542404
16429594
16329142
16290762
16032158
16032106
15922349
15185493
15064992
12487408
11886809
11864820
11693193
11523037
11499950
11496830
11345742
11064254
10822082
10768760
10602073
10458565
9241152
9500092
8987576
24415101
24185523
7622533
14536367
7763364
1610731
2207224
2524222
3845443
6841371
4457559
4801355
5721806
14104961
14088785
29428461
29043809
28926642
28533766
28156000
27271048
27147528
26956947
26935293
26742560
25827964
25462848
24768602
22618240
22026626
20932614
20424836
20023207
19481795
19191313
19086887
18256821
18192005
18177047
17897222
17507089
17385210
17172659
16935498
16817192
16683266
16092867
16032118
15738677
15656579
15630499
15046574
15046573
14734836
14674370
12507876
12467462
12366754
11762827
11546789
11272011
11064258
11064252
10737871
10628665
10397972
9788506
9429091
8987649
8828789
9019486
8858486
7639686
8053860
8126010
8421167
1607373
16031120
743055
177189
1113079
4536407
5080323
5484688
4886688
14098172
13940984
28242666
29397542
29218472
29043376
28198339
26969604
26901050
26825819
26272088
26016993
25577472
23563913
22623267
22318906
21775942
21644533
21376369
19743511
19709740
19323880
19042147
18286624
18253867
17499486
16782171
16762410
16730437
16460796
16344932
16032287
16032239
16032146
15768136
15545458
15468270
15240248
15162402
14643599
14583196
12895559
12801687
12537437
11486866
11375920
10880071
10772163
10713211
10494763
9572137
9468041
8874190
24414653
7696518
8589511
8568640
7532996
8116917
7763959
8408111
24425473
2792591
3030455
16031305
3722215
6400019
6413244
28308611
4599710
5136098
5305791
5652073
5750911
5706417
5628697
14060129
22712780
