18395842
14619615
9804070
24637805
19340908
11247161
10098016
3259967
9829628
7331981
8963023
3293284
12522956
2291979
15533224
15786970
11770020
9745088
1299768
10792274
2857903
1119056
23626860
3303207
2973522
23184590
22312881
10775584
19345386
23555173
2386960
7532886
6740931
66946
113563
15370038
8231110
19555194
8763259
10171
6323732
13850583
7817127
20185148
9864862
3783800
9175391
11828721
335164
952738
11205661
696333
3903283
16679860
21057166
11007027
4021445
2717499
16966457
24925249
14156252
9379013
3828962
4401279
11515603
17585195
10792768
11982860
7834753
12744066
19392901
15240671
11092258
9826711
9916732
7377287
7679554
9241529
23567898
27601621
17879417
9854614
10879793
26545888
27842621
6937105
7241705
7165173
6649338
23855307
10367659
4506294
10907690
12687964
3056056
8745476
11442204
1705752
6696829
11350550
6391191
28219158
6220464
21078905
17070600
80360
23889118
2940737
6698535
5849234
22217210
14607901
15808621
6336271
2661293
2784516
6482685
26758786
14521454
10374340
6945902
9295981
598464
17064292
6323910
2284138
1663137
9741458
3930338
3513678
1155988
4876839
8423034
24512671
112889
7027805
9915593
10781897
12739787
37739
3472701
14678265
15110228
4868581
25033787
7520412
1071878
64426
9151124
16794801
7889789
10842995
6989299
11888650
362689
6602176
10998920
242113
9012223
810955
19264530
2948634
8659189
10803791
8253358
7812506
16672585
25468259
3875693
1650532
17626499
11285572
4062555
26916269
14522135
9058744
15571041
14688129
9529315
25137049
12845623
4179834
20493902
18154639
21376153
11311318
16809892
8685110
1882804
17072728
6664201
6596475
6280567
1086596
18815463
2717825
9930573
3543741
11579501
3365444
6994261
4233395
9849864
15612258
7058046
28217252
6185217
6579506
9250807
15488762
5085676
24624845
8114032
16965640
19217218
24429456
27872561
3946451
7554660
929120
8012093
16726715
23145171
25910901
9023556
12931565
3530944
2032692
2024347
17017671
6531789
17449398
10730774
1471929
23744440
12389636
17804901
25354009
3484726
2195836
17431676
9277054
12399232
18770365
179508
15579442
24200545
1455295
21439873
24736146
18679995
23033222
28075526
3307287
9620319
21327045
8909324
7353816
1779036
17559983
613962
7927138
12876667
15855275
23665266
12241122
20079188
12086417
6594995
29062205
1758058
22997955
24112365
19869895
8937181
19537043
10865963
10202184
9256477
16284431
9074287
22792509
27872212
2988387
25332524
1533692
25989715
14688128
28588726
9207441
6524381
3618216
7917761
8409333
22213244
15813921
6583469
24057705
29676377
23505726
6334355
1963624
10692026
28637894
22531527
23730508
23876844
20308398
17123604
16904870
23241562
21331944
18227728
1512028
936426
804020
9725228
9640767
11201151
23238935
27902909
26481866
16646567
12972812
24761381
7948606
17459408
3520203
10686819
29672927
7777791
3945634
7783357
15737038
2542015
10696435
11371117
12496190
16623817
12800262
22211284
9834102
11489992
27284536
9352439
29103006
25332523
1658079
3579441
8766958
1750363
8972558
15899915
17567706
3297206
25834311
19901919
15774622
8208705
18533919
3066673
3263543
6399627
12740446
6370419
9736168
8184613
3264364
27047191
2625707
9597812
21647874
26868085
28112564
29340126
22847974
16179593
24887152
19838033
21789181
8057678
7687118
8785919
16684583
317052
278639
1515493
17040289
22968949
3265403
10360966
9096364
10713664
16211218
18408798
17431215
18393099
6306053
26252293
17877537
28451478
26061932
1765434
155978
15054816
10759366
10580607
25619015
8425204
22789862
18725623
2390633
9648162
7755158
29387474
8395969
27805515
26213712
7845014
9537480
8036712
9211526
17588474
26349949
23372915
17623960
26978423
2969170
28922443
21858730
20095152
2069212
27178525
24905750
28414669
10692062
10365385
12676782
19608277
12724572
11005767
22895849
17404090
26492371
7540556
8435433
12773806
18537185
19104711
16888613
10627387
2834733
27468034
23491079
1664987
26150351
27091931
26329588
12569361
25219406
10485820
9420250
16533236
21992110
8004820
8203085
27551290
28251930
8839860
29419478
16034141
20622117
12563348
24021059
24122813
3620018
25565828
21383777
29138019
29109286
12692646
12533744
