23973803
17686564
15465055
11606573
12522032
2480517
11846569
13882753
13919482
9683256
13158342
23470213
13428924
13470250
14375438
13428923
9588947
13719273
13370555
12447909
9041392
15274090
14406698
24375974
13855361
13409764
13453488
8951615
13922471
13409765
3724758
20012817
14227179
14081472
13670139
1281749
2459610
28142198
1457402
8760283
26756394
15828768
8132513
20230047
22669719
3304697
22038799
2494173
9710248
10563772
13803575
2211723
9010246
16195545
1587817
10398409
16014553
8203727
6305231
3891777
6477908
20847101
8577700
24361717
2478638
8413321
17149770
8621386
1764977
16434745
3958153
2811871
8399186
8276795
16014543
2492278
14267071
13486834
17040948
1577730
13574437
15595875
14290946
8218158
22650421
9694303
3889156
2104617
7547875
8952448
3698917
17603995
3237215
21980336
16954202
10986398
19130240
1765651
11519941
6656777
6197634
24974892
13602753
1454847
2508085
13574920
11474777
10068041
13811761
8581376
22428805
2011128
8189055
8132540
9294871
13570352
15940009
12207241
11474778
7873647
21167484
18937423
26417902
13570351
12115191
3185570
13716510
13790269
14153242
13739590
22278817
13961068
14283670
15596893
2090294
13610415
22237742
14005830
13486835
1655892
11581214
28330604
10382841
6197635
2015553
13696230
14457673
19430394
7668383
8228283
18500765
8232321
3905971
14270455
23362796
14344210
7687266
8621385
13775145
11916842
13836803
8254684
20627153
13728292
15300761
14061556
12919288
6205023
8119546
9613235
11545587
17253656
15801725
14367687
2220357
8559147
2935688
19740635
1375594
19254378
3973394
21195184
13923093
21700475
13706641
15213990
8576336
14002392
7701139
1623558
3785231
6189788
3319803
15454188
2995416
8807210
8193136
3768301
3838361
1856233
3522496
3255103
20151444
18055823
19778275
6477909
17509712
11816596
14367688
12133634
9143809
3526906
20393106
16568958
1776694
6760472
20136418
10841597
1367186
1540631
18770798
10451503
7656457
21539804
14082026
1701460
16473407
25072845
2422963
16422104
8017196
9504759
9460543
3881011
3397546
3892689
18571115
17541335
22382503
7510754
12202246
8060979
19196707
24403566
15550392
9746235
23562050
9451512
10727101
3805732
1827372
1764978
23742857
12244502
3930612
8713852
18729468
7581885
16797477
2956330
2125619
3128049
17474131
2860567
8331926
22868474
24937271
8713849
1370836
14912073
9367505
19294309
15898772
22396291
21036181
14420397
10657525
16090221
18311943
23421875
11535814
7679380
22762373
13828517
1715521
10639088
7622593
2413102
10850671
7490447
1918451
11944025
1918082
2189457
11941454
3511078
10022384
6423396
1345807
12417377
15178254
13022857
2148644
18566477
1958053
9171897
9838252
9502154
15916631
10644968
2643759
19810705
15731389
11264136
12423961
19644026
3289621
15455425
9050856
21155586
9431536
12419333
11933219
11606404
20370340
7801812
10398400
17503459
14676208
11529866
21515282
9092718
15361524
26945556
9636161
10524316
14766205
16192645
15909997
14505897
12950259
17012279
18218715
22465331
9415446
3821741
11483208
7766607
14202251
10075643
9171284
24470054
7766606
9212820
7809028
1618641
14256630
13945817
13741624
20521132
6431268
9617829
9788313
14105307
14273654
6195250
12938323
331113
4114650
8626674
25271045
181400
7663005
3055952
4137516
4564403
8474256
3896569
7871969
6165737
1786995
64321
91623
2497510
1898692
6340359
23098839
1704180
4097660
12945055
1958052
2788611
28024591
6283961
2156880
1738072
7027698
4915763
13600304
9237251
9889225
22722073
7024060
7356715
1090667
4607520
7038927
8462521
10919903
1100674
820637
14098072
7730720
13927780
8544859
15251409
13728145
10772492
1542300
8799724
6177633
7027844
4106782
17102010
376559
3262602
6424987
661152
6752203
3048656
6114118
6391545
379224
809980
13921593
9093194
6795637
1709612
8587787
7853598
7237414
1372954
22339489
6177070
4569470
12471114
14188716
3527474
9685974
341633
6749384
2066570
810493
6782935
13808993
14298487
10783955
4502932
4901472
6806261
14106923
2443578
11118031
3104475
2425537
2419287
20484583
9161952
18680902
7313555
6790620
9376364
3525820
8576583
16195542
18549243
6437730
7523365
19894757
13959678
309474
21292302
62807
15395569
14092927
6438238
21941149
5139992
1694167
20740278
14209997
3047430
19728704
12433076
211888
1092231
9802938
7588537
9358184
12751686
