26860632
26285768
25313237
25098701
23658659
22172718
21865400
21603965
21242491
21195488
20200024
20150385
20124186
19687425
19636006
19562255
19345322
19244127
18562769
18559968
18356283
18320068
17916900
17164378
16075787
15609304
15474340
15124028
14693735
12473573
10413158
8760846
7807189
8239229
8484806
1330152
1325539
8958216
8675647
28710771
26643807
25670220
25605863
25573794
25250735
24838836
24440720
24252196
23139755
23099652
23086432
21358821
21134890
20380730
20150372
20150371
19512898
19497271
19417015
19234232
18682580
18359760
18056189
17684142
16269608
15565816
15522712
15494094
15277620
15095422
12805330
12672281
12629279
12582033
12540498
11979441
11150357
10375091
8789801
8556392
8584002
8583999
7923173
25197555
24728236
24552324
22986743
22083647
22067145
21377994
21105127
20828632
20644085
20513661
20212225
20143438
19423540
19293394
19208739
18607344
18184972
18167341
18032970
16616334
16598069
16533878
16204319
16194456
15632263
15331444
15113549
14769140
12749719
12714541
12692593
12488403
11560766
10673511
9584956
7489565
7666461
7931468
8453582
8260751
1814940
2250312
2179476
28256619
26194676
25446780
25368508
25365423
25314963
24239935
23940635
23236496
23086433
22780919
22624719
22588883
22451194
21813511
21771732
21727940
21547954
21156278
20934264
20633285
20406964
20150366
19427293
19190341
19114704
18701488
17440165
17079691
17018597
16914578
16697959
16140629
15781650
15604281
15452184
15173007
14769138
14695205
12646512
12082547
11854380
11138924
9699667
9334729
9095178
9815695
8616717
8919593
7579377
10717146
7731507
8200000
8170553
