16100567
8921357
1852697
27377431
10615265
9356223
9875150
3770438
9449653
9355152
14314987
9511006
8793892
6268587
9355154
9875154
27526993
3411240
11989756
12899841
24884886
11695401
12443682
2112974
23648774
9462296
9037690
6384150
22334732
19135145
11825042
6379087
17032831
10465392
8405895
19439635
16284451
18973935
6357478
24279179
19055044
1660861
11314982
22827382
27465898
28077733
4422685
18539728
14676008
4178178
18335240
14601742
4192619
7902798
19012612
28813468
2083600
9860189
28606566
16942793
26161406
18272210
8838686
9154618
12872975
11371125
162577
28532517
11159364
21872303
15454640
17394771
2765605
21741977
14967913
11449914
27579331
29513530
1655760
24040191
1393777
26966259
24744268
7621674
11987467
21618141
20558346
10979984
24162567
8419123
9038247
16182870
3195364
3117017
17399919
11128380
28166638
16892153
2856396
7799307
18765240
27342592
6436255
1850350
23050470
21785972
8354884
7790055
9454940
18711212
2241995
28006025
23796121
22220906
17499748
15233929
26954140
29427036
25109942
26847677
29642668
25965022
3446328
25404002
27578881
25125557
25239534
17665930
24338491
1880624
28682120
27844496
26755655
27436519
27760584
18931177
28990706
29375826
29480030
29614966
25947104
2280214
29053854
29050438
8239665
8197722
17385554
3188349
26911648
27267260
22835656
26614687
26915544
10661414
4953312
27143766
8833540
18753449
10661412
26994207
28814309
196631
22002540
15046954
19096074
2691620
2912962
27262503
2320536
24897640
11337973
1247536
25681475
18540201
8359401
3058120
9557124
1575514
1940719
29546310
9144340
6986169
1517583
26896863
25893240
23123285
2751552
24026803
19226930
2409088
9649881
28027943
3227854
15369835
2838691
3197948
8047515
1445292
24166402
17401111
29452261
10890223
8612748
6896157
19267947
21316342
16055852
1637312
2174044
8812849
23333751
3403518
2600544
7929067
1918027
22868208
