17784267
3310034
5098715
2789677
6843826
7443077
7374961
666782
6576119
736922
3609025
4365183
7322442
2339667
3666131
3598580
3687593
4018079
16819627
518854
7525352
6832148
6389118
7686380
1645281
1723790
10998094
6689272
7271575
382781
8099331
6641720
7534238
3205730
9928988
588561
6930192
562135
2914620
6319596
7097281
15864502
12012201
20148944
3705777
11748247
7582112
23032192
18226545
10994785
687601
12788505
1655408
21305030
16337809
6271110
22178625
20813841
3714045
11298737
8917583
8841407
7916688
1702709
18384381
7642710
1646821
2972320
18718936
7925348
2339666
21452127
2379584
678518
2966312
8515882
7958418
8946959
291025
8245477
2213148
9122251
2972321
15905852
24425546
8874153
1279705
1643420
2320126
8237460
8734989
8131263
11124891
1583885
19057648
18567854
15056718
9521839
3896807
25064185
8356903
2432468
19452518
10087048
26733679
