18247251
10378909
9694313
3104034
3684324
28336819
8354254
1406199
10205683
534117
2228881
12218730
2044535
1929807
1505543
594687
8492685
5766155
19419660
12609825
753710
8201903
18374003
11281624
9470402
5806087
1618183
2600031
3751915
11168294
12005161
12695298
16826018
8964211
3057138
3264043
9620133
22270194
25795714
12370555
2598612
2911133
10664084
11513326
21389841
1102630
11029019
12433857
22656250
9172248
2222153
10453922
11689980
1444777
3529281
8231755
9347597
1941652
11503947
18586436
3619150
2230794
12572743
2233202
1580776
8332376
15456347
4837664
6618941
11541516
1908339
8247602
7753573
717061
6451040
2131865
16614031
8352412
11568044
2971154
4000697
8883257
14752683
22333734
12756603
2190594
8601974
10901538
27065879
1838238
25207223
25028147
25131174
17926909
17482709
24578408
7631935
