14689793
27801499
345572
6375490
11495257
3937189
3051607
23077942
26810651
3715980
7041725
12395981
6988627
11932759
7740377
22430968
15117298
12797703
6751175
15139457
7023526
6765476
22664964
23043067
17575680
387140
21502621
7030654
6386028
6989067
19965813
4136827
17452486
2652281
7952606
387136
18279043
27855070
28240571
12546119
18390450
9342069
4110537
27155187
9597244
100029
23816410
3906875
21575292
24200275
21486974
3512281
23278775
28438924
24903795
6366945
23410999
25313213
766340
17705974
6658432
8295879
3076999
11211781
7708637
2155569
25337748
26056101
24752957
26237828
3004550
15464185
8256898
1565812
25860010
11679013
27155188
8290746
15819474
11379469
10072822
9441058
9487448
25654354
11363924
15504887
8722940
24684601
28100438
2485910
7837720
19460254
19345831
25337749
25216842
10623869
23183433
21457984
20461008
19542476
18720535
26248378
12645166
18516898
27155189
20025724
27458223
12519740
27156611
25196020
19667282
9525297
25686142
18778540
25795076
27322164
12902209
20179751
26482301
25332327
26501782
2235951
27550361
12475151
27159505
8341998
7561554
22272302
8876848
2688005
18230244
22927424
10359410
8721904
16517859
26260983
26224768
7561530
11263515
16675781
24821594
7841427
28193240
8912765
15260278
23103177
10094168
25156114
22850121
7548903
16302471
25489785
6109855
6758252
19406981
19159566
3935036
11399698
25406657
3535594
2891333
23629506
21990937
17915111
12882618
24860154
23744519
10067058
15992932
11595068
17002050
27186634
24157696
3881230
7927544
22915310
26661397
23843980
7862181
11247549
11263519
12381217
18097109
2673644
11965845
17574157
10408487
18541933
17883288
9441060
11132390
15706008
2123613
1990938
27182275
24236723
21890776
24594059
25941223
26918554
18763289
25028463
16109981
14769157
20550762
20421121
23226065
17588051
16088472
24363887
25876977
20827821
28827417
20945558
20945562
