26535469
19732805
11476604
17763282
10684095
18098052
7568079
11514987
10963359
12797383
9133379
18683040
9703032
12965229
18071753
22924694
28591570
18523043
9369155
26115766
16455079
10550003
20638477
20877279
9668378
12957504
26448642
10336254
11226640
18072082
7781171
10774729
9104588
8033959
14689448
9042532
11036204
12410396
8934566
9729303
11600317
9490034
9334423
20835249
9608533
10720615
10581409
9262196
21502195
27490526
11406290
20445049
9348334
25331604
23175841
28076782
16914836
28853928
12935687
15352210
20572899
12855194
23813868
10477104
9710270
14999407
9624622
23669186
