7841060
18663934
865125
1397441
8180085
1510895
9344283
3526308
4946899
3914750
4516304
5696549
267624
24024275
26744206
19112421
24756759
11705251
3858007
26064958
9493438
11218286
28279060
25799794
6234935
26617944
9021732
24192734
20857074
10635237
11830977
11921919
18848117
18951763
4509560
6434714
24476162
1601646
5388812
16552233
6948853
12139232
8604403
6958588
284645
5795301
11908366
9192546
12886850
107135
10614418
6947649
26424740
26548152
15931363
21094719
24147716
6355442
2569110
22034737
18387267
27693964
4516294
1009702
19998655
5926989
4522526
3614812
11257847
20069764
10468451
9552665
12198985
3742500
1815548
9520677
4522118
10898558
20040019
20308002
11603011
14693233
1801991
282112
3475338
225705
14118655
3855708
22996481
21748976
3098205
6572124
9844365
10598904
1095626
2129624
18444048
3457838
24838674
23508899
21094209
17605971
15892674
6763140
10898011
1291995
11905094
21726688
284647
3468481
9601170
28982847
3315345
21571415
5285864
12754877
11199564
5252196
19703050
17518970
10734617
21105545
12822012
3858005
10592559
15881303
11372124
681840
7920160
16295466
14555380
9211456
9594703
8757911
19514245
22779201
7770650
3859522
11218536
11218465
16266822
7811603
16767893
21441877
25081677
12687726
12146119
8471708
11603317
5109732
23923462
1461880
6765307
10600072
15637397
9170723
23229266
27329013
11342519
11905687
26718020
3742502
28947694
8431737
26225839
4992886
5560162
25115126
14878366
8149862
19445556
15070790
3158411
11042998
25052678
4520388
26470564
23736164
15006620
11726063
6335843
995923
4213571
11921920
6948849
22354325
1544110
2977715
26058748
23652503
24074487
24098040
16942730
24655525
24109752
26930750
12806732
9229272
14629332
21133703
16299602
16859662
27206995
3217894
10218034
24608056
24834517
14062628
25640063
12420405
4522120
21338205
6029385
15063393
24699922
8334658
23900623
12607430
16967447
12004680
22495403
8762870
12525277
18828326
24504663
2302356
6964210
24889757
18019328
26803944
23712713
11115577
279641
19411038
4502923
591779
6086208
15186070
22987535
7552882
11577672
10390710
11194401
23057317
11320393
16468464
26163301
7893543
12198984
18005417
9089527
5238277
15567366
22502661
22297551
6557285
22437085
17252594
6582830
16648036
9552694
8950210
18387263
24024264
11480185
18512516
3163134
3193286
27004748
24328950
825862
4764898
10810170
22868078
8243745
17546894
23959350
18181483
11996421
949263
26191149
18356024
24034791
15562946
26920439
21717520
8948207
6596347
12403038
12123114
12243093
22612027
288288
7055784
1084509
19388239
17230556
7932347
1729147
24318971
22990112
11404968
10497527
25973020
24682763
12704964
8909746
28032596
3868800
15645951
22937998
20040018
13956536
22111655
22537656
17323711
11577670
12112556
12444391
20218142
10901403
9518776
6599245
23679299
20427899
12577522
15743687
1463946
15936403
8431533
26685475
13215213
4622676
24115516
11039627
26606784
16602446
6933685
27834359
17802956
23470377
3867549
4528623
4630494
13679198
25189888
25294488
24639019
6519876
21044562
22993322
2098269
27229476
1522306
23910471
15222123
298704
3932709
20214513
15689610
12734307
4895896
8445147
25879353
21036742
20382050
9782939
27426465
16580911
17371181
4960613
10715874
18512517
1053836
1919319
1357004
25862848
6557286
16888885
22851129
22381695
2701023
12901046
17227640
20554475
10694953
9335695
27739364
25359463
22126022
11480242
7500291
24778013
21737671
20890780
10682902
12090042
19213596
10759427
11337266
7632867
9089528
440747
9415327
28459200
1941328
22842166
11120490
7210891
12798401
12242764
11218482
5287292
15293123
23265945
16875016
7606301
18304465
1291942
18042132
6573562
28055109
23002498
9146862
3864587
27480005
12686913
18473667
7822644
20403722
25401496
15252432
8129283
7932259
21170004
27441818
28562351
10022996
21453055
16507225
5247561
23130927
1940700
2511733
2688725
17709071
19773378
3708540
11900631
9002888
23092348
24283025
24692681
11593428
5268474
10077212
9693515
29029655
18206397
24482244
2278474
20187013
18676096
8907156
7526347
16518005
1888178
22895832
10884263
25638423
27244985
23725115
484780
26171415
7251636
15748253
1504943
1809869
16360861
910279
8402305
26977243
22128635
8127323
11153379
28545021
2630790
24884513
2439015
9930355
4764897
2280152
284649
10101701
21802978
2629795
16519764
3537583
4625567
1424549
