10212220
12582160
9344458
11500926
22854012
20163680
1434542
1901860
7961776
16380093
7075855
15050736
8496153
25910898
10843988
6350511
6368548
17046817
7613224
9504960
24063947
3142663
15677459
7639523
15269838
20729554
3095317
8409100
8829090
12023855
9685221
2861612
14707133
26424506
12732622
26111647
22820507
10850442
22863863
19387067
8895526
18585473
10963994
7982489
28208699
26844629
11449885
18076035
9425
12054629
12566248
25645065
8573721
16507112
9023050
1480088
15296936
21262216
23313125
3939546
27803161
7488237
26303525
19287388
26232072
15634813
18092746
15958203
23437358
24453178
27507057
28174297
2470379
28495333
25345341
9421237
21428880
24888546
8808588
8766133
24410666
7523632
8749321
23421805
1894882
16368548
25901025
9685393
25940780
1962289
10341271
23335281
1850705
24930779
17668883
22659080
17553797
17213683
28696225
7867626
15031128
1022870
8588942
15735689
21341524
26290370
1480063
23485726
24506883
27835650
19574535
18399623
19479999
25238962
25195714
2071043
19716818
27459899
10949665
19252244
28112064
24008336
20634805
27860422
24269369
25465115
24463079
27197076
19601788
20660365
28379718
28613895
22879413
17507416
20973059
24005989
25192899
25049282
22891645
24614150
19474150
6387076
15049128
18475704
3514616
22059089
9500522
3305938
10885579
9644306
6815099
19956711
9164647
19355880
7913895
3819867
15226419
8995276
20176211
17127395
17718386
3182822
21984514
12370004
2542176
15982635
15630339
17275314
11064275
22380687
18854370
10562536
21041295
19679200
20026068
21691093
14510234
10357558
8945720
21963154
27646982
7828672
26025392
28086235
25400590
25393639
24388213
10429942
15481322
