2184410
15484671
12528846
6346861
10984805
10047767
10162348
10121542
22136009
27352520
9510900
9597019
24887528
10297796
2649392
9113959
11475516
15055833
10630723
8174690
20849554
8021023
26642596
16276126
10142146
12117122
26460452
19731184
23230704
25790389
12739301
1500651
6386517
21391456
24128745
26794167
1619253
20820020
25388597
17165226
25995304
10167858
23918162
8690351
28094189
22416302
24249814
21680938
17266386
1739157
17339682
24574131
14618745
26788839
24753968
11236230
22128492
12782442
17583262
15894706
19555397
20402195
28661816
8437308
18578578
17610442
26623566
10199673
20049252
18810555
10128262
18206483
27662591
21833759
11374296
20393361
17077390
21919639
17610438
17702792
10162851
26994649
20832833
8314606
23799718
26551430
24630423
27152888
21417935
18056290
11841528
20351586
15686812
21433023
21054374
23660430
10353924
9614421
11131084
7629955
19164300
17995546
23065298
11147483
18829778
26979611
9520952
22515792
22525611
21954966
8463107
14971359
16496219
12360394
27838034
16495039
12585777
16211621
22936540
24919300
23598992
22606057
1748386
11441735
23742848
22453330
25768961
10800976
1748387
11646075
25419605
10297490
22922636
23733768
28891067
26542189
10298106
20864119
25441234
6995147
1898529
24762418
10297577
11949916
23155929
25985289
24988615
10297967
10115567
10297449
16396121
7050234
17111583
15700903
25130292
7824224
11772193
15516179
11503884
156158
16438103
3049917
17427842
11645607
4569392
17894031
10659693
12166451
2045054
15010437
9518979
3512847
2500476
10312235
386236
24577756
2212531
11647913
17238764
11545781
16333877
18219577
772426
2526096
10310954
17673117
7035541
19285289
10312009
12278416
29274634
10302393
9719815
332516
11653547
11646841
8469991
24368719
11211554
10532766
24804782
3330953
25506291
2289762
10301085
10140706
26892911
26742593
10437337
10301323
10170806
408234
12374292
6378832
26014375
4618206
23927908
27475258
6341412
15015403
10303344
17878183
24855185
17411880
2685738
26067881
17684031
19339334
11661025
26892700
27659123
12710799
11220812
1089365
22235545
26001817
19728371
11656209
9865222
12722747
26131658
17339663
9791637
21885138
24932840
2669539
1890598
12347484
16405386
17656394
10878143
11647150
15453175
149762
4272483
6147466
9017952
18783452
9240280
17304077
11409818
3043369
10304044
10183194
356629
10304178
15233491
16708010
20074367
10148837
23521571
18199191
9314687
26318941
28079673
17102186
15286246
23367797
11650623
15868692
10379426
2124355
2663051
19797754
9072937
12347839
11659094
10312387
24309671
4933555
22405153
15643377
15952466
24369387
7007284
29093142
23082349
11646884
12236387
4588970
14503460
7022043
16012150
25758548
17238393
25248962
25033135
15159479
15149475
20964853
27861824
3916182
123635
10143032
27436418
9782046
17001267
27465165
18852404
23072736
11646900
15239528
9039881
21430286
15700906
26079623
6237055
11194846
3297080
11643688
24926714
11950389
17355585
18640951
2120734
20030647
17995548
15962917
22611648
10538909
6445331
24417309
22235544
367180
20555015
7711919
19375890
4570362
20812463
23371419
21646593
10302869
21507494
23691732
28529137
4598659
12190214
24683930
11654022
15506586
2182339
26782360
10313515
24926849
25378513
11713437
24423031
25424134
24936938
11236415
11656307
21667374
10916972
19711657
23728046
15225329
26284632
12286902
21836742
11927453
22622483
12564433
21079524
4210537
28639701
18815532
25621926
10301392
15750051
21391057
11655256
20647910
23522295
3050302
20395647
15101671
11939244
23777223
7010346
23895494
10695640
14717752
22418570
27066873
325411
26445915
1621191
22870571
11858281
18618206
11703894
6387325
23003669
26932230
17102178
10981187
27864706
9217035
12968820
16302835
20644058
24650835
20194269
10299964
9119045
1800761
17339684
10312282
18595955
10728241
11659107
803293
25271598
22983958
11588405
28806455
20453375
25738623
12627695
22981229
11371397
22299763
12347485
24474436
3051419
12262416
25552759
11656918
11654024
25047831
9253552
11643067
16311492
15612411
11258692
10313414
11903765
4206810
28212899
15829013
18479403
17471526
10303496
19202256
23206293
23092662
24948584
16043666
16635978
15760799
4592387
26456766
22424383
24093970
23615092
7005390
329018
24113815
24861537
20487622
23850143
25290644
11397355
22895233
22417137
25561041
22411913
10645756
18469421
2511163
12674810
1464705
16854774
27766625
18581931
2655875
1761313
11650768
27244044
24788422
