29483579
28572494
27364991
26453755
25683381
24928992
24755782
24665394
24629340
24614760
24023891
23979380
23695513
23603835
23590299
23492190
23321985
23187315
23161496
22988108
22504483
22277113
22087230
21942704
21278567
21239967
21173118
19375644
19299692
18839041
18804111
18708630
18591435
18538129
18450610
17909107
17399979
16766632
16732119
16717302
16330813
16211791
15854099
15809133
15616097
15459312
15333427
15272506
15235127
12459695
12198048
11973184
11963310
11926951
29595879
28931657
28780611
28726085
28288052
28196122
27482003
27183167
26800872
26632665
26414702
25898201
25850656
25001468
24686256
24391213
24262796
24187149
24086109
23812746
23703920
23584256
23540714
23338058
22895458
21788939
21659868
19815856
19769545
19741501
19707555
19321876
18838482
18812468
18404508
17855480
17727332
17442731
17077301
16799190
16625120
16563325
16275534
15815886
15814769
15583013
15281493
15163787
12968228
12954753
12888162
12734157
12173855
12088815
11435050
29358413
28798196
28759485
28701304
28515178
28487310
27671111
27320922
27094811
26597410
26527068
26492475
25943416
25687754
25359381
25358054
25318478
25209655
24682118
24126264
23413361
23263788
22064429
21813473
21586359
21566208
21560048
21506753
21323543
20546702
20505145
20207994
19342675
19122655
19095825
18779379
18665255
18511695
18436620
18436149
18410870
18404475
18353866
18309031
17267736
16954477
16912063
16520927
15950847
15950846
15175452
14691629
12955268
12939345
12651675
12373046
29561267
28827387
28678521
28569735
28407018
28169986
27623176
27601626
27461744
27245611
27142306
26598954
26188061
26136425
25987665
25977449
25569809
24828189
24534852
23815257
23636509
23584760
23535933
23534573
23360900
23234515
23028059
22415303
22389701
22322265
22269324
21625583
21587159
21357264
21209250
21170046
21126189
20864313
20348420
20185659
19105964
18787641
18578565
18325389
18291154
18222262
18159247
18056839
17548651
17353435
17332491
17284903
17038639
16670267
16632801
16616673
16514707
16512971
16342386
15734454
15494470
15374566
15337008
15319286
14708134
14633578
12620954
12540646
12370277
11932484
11794164
