14123577
37797
27006081
25692658
2707562
24549488
2736785
4360367
14215462
14235358
4391121
6278143
14343761
10451123
8698835
26263423
16579765
192202
22653543
29126300
27592202
12889731
4144231
9013405
7202760
172065
235382
22370971
16604373
25289390
16720433
25355314
6725936
11300510
15333576
25322673
2221397
6875338
26593219
26873466
206127
20828366
2621487
23221771
1458609
10828001
19960564
9242370
24985027
18635541
4369217
7225428
12832719
19369827
218554
23435312
24108264
23968888
16730329
17924057
28792876
24454842
4335249
20696207
6093564
21178975
9298850
8025753
17065100
25041433
12683577
7964126
10545220
6466661
8466540
25828863
19151738
17127427
21826208
3769505
16720381
10561372
22967583
26571336
25223558
16225456
21166644
9788741
18180302
15149876
12853070
9071740
10509758
10581389
14650208
19520722
12807891
17901572
2104633
3932085
9168998
10578138
6658149
18025229
17657274
14864147
5582530
3788606
4373968
4292934
18239847
161
6616872
10477767
4333557
3211210
2989402
6992640
206386
50814
7334020
206073
9388747
11229541
6420008
4376200
14327317
17380199
6733930
2065968
22383490
3829407
8885129
17803959
6528536
4345618
2507201
16504181
7144577
7139960
1445964
4288874
6088199
8307191
172263
41707
17254841
3016194
3086121
6312646
8419035
6321096
4323397
4307131
4075518
15627715
10769214
8527495
12768344
12557914
4295089
185085
8484755
12993493
3533148
20334912
197862
14134431
14560110
14515488
8079718
16013451
1457616
1497344
3698322
2995124
1497678
23033342
1482396
2144280
7488179
1616916
6277561
5578677
4053296
229759
3021444
23406661
2121543
2184897
4655615
1831983
32974
1417882
2872675
12083366
21917911
9805245
3723017
2073739
1489853
7378403
2920444
4306242
8931639
6332
1638756
7947921
22069723
4347408
10361707
4364208
4064338
2157501
2948416
3184162
3052927
15128022
9699988
4383461
18227641
6912071
16530294
4313324
22899221
16873929
3191584
8811878
3621898
17562166
3435458
10354495
7331998
7256265
3158648
23790833
6410906
8541291
6446902
22935477
25530451
7055618
4052077
11229532
6697489
23861
6895179
8013633
6571993
10347010
10625740
1768255
5152827
6486422
1648518
6537435
9266501
20369765
2973317
6885277
2893588
1987166
6762188
11216837
8504565
4381761
6242153
23659
1721049
8222231
3593480
2529911
4150351
1941261
6327687
236077
212417
3605614
6397027
6178367
17065063
23397389
10744347
2551542
2822659
18657191
11425497
21505151
3989540
6564811
2970751
4089863
6616831
8385996
2631163
8422247
11543496
20452621
15514246
4150350
2997225
11966575
9837856
12674223
9593673
6935665
3941077
17250676
9652085
27649962
2183647
6202025
11299392
28585366
19429039
19182797
12631439
20116379
4290441
9042331
26645635
14166767
4307653
1303165
11154340
10751328
16461578
7056208
1455165
3113311
9371711
15936302
11874983
4362736
7288496
4328987
3197265
1886084
20661734
22796188
7572
11918279
2842211
4347070
9010628
9832086
7692303
11732654
10464266
2983319
188074
11229530
4323948
2996369
7495842
6231048
9166119
2223826
7786305
4328780
3494509
8502126
25276815
6634855
11602597
6087122
3136858
6418155
6302196
9265786
1875800
7793986
19166857
6255934
6329661
7758212
9168964
26891995
3025192
10871632
1311020
2561940
18641549
24730578
9575813
4398696
4353809
4319696
11445566
8311938
17983582
193872
6237009
7752823
17027975
1705707
2461705
22864539
12403647
9111023
10734087
26942863
11566731
20658209
20462348
27384613
2357418
2528238
10357176
4155181
23284917
4326267
15882838
4287485
3283121
1924352
11701885
186342
21624365
4338879
10416028
26865334
11820804
177420
6634838
185675
19413991
7976116
82368
4376485
21074838
1282004
18005249
6256409
9349848
11038276
11768753
11875069
11459021
3985048
28101298
6116659
7752845
181867
19671062
2827672
6993189
11420117
9323038
56934
24877769
25953566
8848578
6300163
2502436
15556075
12181113
11825610
9570746
11874980
2848456
2297904
1826680
15683711
8746846
8267613
14629896
7510695
12379145
20518072
18805792
8658500
1908144
22115979
11983491
3016048
9257725
8380811
15178469
4313177
6650495
2262440
8571400
4331045
26076986
2009284
4054128
4392955
4345357
8101078
11825584
1469082
7945264
9645840
3728686
27358028
9099752
19266253
8791005
4155625
