28148596
27923387
25693890
19636020
18990749
18398028
17455065
16613653
16019226
15241833
12433715
3143031
26974041
26694052
24341717
23345348
21877142
21037116
20526739
20230859
19234281
19090415
18297395
17673070
16791103
16569779
16040903
15941963
12653491
9663274
29406368
28851411
28143431
27882855
27113363
26619259
26512815
24684876
23468058
23152984
18589461
18190724
21049360
16835973
16297098
15981209
10975883
10517456
10207477
8596842
3440708
510243
29463881
29502324
28715088
28052757
26820374
25745020
24528147
23337616
22761274
20351335
20193894
19304727
19258482
18385204
17803883
17548785
17507617
17437179
17220330
16713059
16043676
15900925
10847395
9456970
9228095
8451443
27406346
27406347
