4582408
4678839
10626494
19202934
4545810
100877
21942966
4948645
4847129
510190
4214627
17060393
1099300
4410363
605908
6994616
17948713
17976506
15250303
6987712
23098152
16541222
12695728
22016400
3706923
27608803
6999746
14725212
21879650
17953037
5558645
946254
17953019
17948716
11820989
17953018
4715386
15181886
4658685
5081516
17953020
4744272
11127986
16493354
17415946
4907872
5036854
4134715
823462
27164938
7253394
11119428
910530
17667033
5022142
19119692
23666306
26985483
4200204
1892671
4841614
25178809
1231157
17953033
21944143
3041289
1756567
16022815
22661042
5556109
15223458
962456
16462296
4633524
1130925
15457310
26182634
6308775
27965998
8952771
10560235
1578752
4365621
20019033
11978949
26085524
4809320
22179126
8141878
12237609
15750478
1784056
8144326
15725041
19774484
19859068
9526380
12449268
6447440
7377888
17953021
2404932
7304057
9098589
24240524
4266126
17948712
19272728
4053434
15005974
5093817
5192697
17953022
10816285
649286
19046713
18053675
9322684
534213
24532756
14631477
12204726
1545604
20406240
11208042
26730867
10995424
17953017
5422430
23805352
17953025
4202522
4265084
25072910
17571422
28376074
17117227
4344121
27368420
4844857
22120982
10325712
6397412
16512402
26691443
9301876
466534
644546
21140713
17953036
15548780
6610344
28902412
5028324
8087959
20723125
17953906
19375532
23430095
10198745
7301612
6465192
8689533
15685095
25855795
15844302
17186873
17948718
21801318
15074860
17392991
20954978
4703855
18626836
9235640
14686660
852321
4569587
16296554
14574638
17953023
4207345
25380671
20177006
7224574
3991939
18333364
22004240
17049636
27108360
23589008
21743265
6978539
21575282
5556300
22422296
22853771
15127833
17180574
4634166
25664579
24048230
15831144
4833945
10519355
951686
3850880
15614344
756031
1199919
15888982
11430559
4540990
21665571
4050698
17502755
11337691
4265892
9173483
4931321
929486
22158282
14736448
23907362
430677
15189667
9428942
6650767
5558650
19262208
5419988
18052017
8685526
15473586
2318613
3615306
17953034
16539818
20668804
25796283
3226804
26469910
423583
14551498
1366072
21705186
10908241
4127171
14581920
8849656
24243287
21453343
6543784
23903515
21805586
5540704
15088358
748585
17445922
6601211
27270692
18284356
15028364
2327916
4028364
14749449
14727463
22487413
539870
11797034
6727432
12666438
19089965
26517765
8794638
4410364
5521035
26940554
20487049
12501578
5777691
7288120
22003482
7218847
20005014
2309109
21562356
18412145
2190052
9181041
17083988
9037651
1439386
9288996
16354466
10730411
12378443
8900565
6275550
999385
23703803
15256610
8001310
12932614
26866075
1203670
5673609
17323869
9324806
15120802
20467817
3495887
1133892
20499793
4684765
16449011
9036760
23720146
21591586
602075
7601373
10023794
1005817
28461794
5818403
5553971
5572945
19364316
20172907
1516431
804871
12094395
350031
6879273
9562707
7775250
3310624
2348648
11216584
7752506
9647112
27265599
11676527
15476569
12242064
19301285
24245449
18664217
15599678
25770033
1082702
135868
21561056
1242472
15078581
3759426
22425311
3110072
6866799
17435839
9124944
1738741
5518843
3527811
12101758
14749455
10101564
26407332
4985333
644454
4479658
22472431
24114575
6994176
15678267
7791312
21959650
25964280
11344790
3752151
12199982
22337605
9691997
17125721
20237928
19089964
22525028
17686673
6746384
4201473
23711245
7791696
7087307
9644932
22679159
22002733
8584340
9326689
24046478
6966352
431176
19564787
12238580
23402470
20374322
4074039
8175283
5573067
6804166
16396690
7788088
24579442
11372808
7426160
5565463
8420882
1267277
4148767
17157704
1197830
19126928
1294788
12358008
6363798
12047417
19379918
510189
20007205
21429636
20024476
18001370
1173621
25659555
28473276
24823380
3163026
8362742
1081672
20178709
4743963
19593938
19296063
22289657
20827555
664708
11261760
11125326
4522047
8935432
1185999
26515657
28131443
12559551
27009889
26524710
24750218
24570572
29390286
10651213
20212295
5552838
19545763
25904083
16712756
12897345
1876474
8353916
22855353
8300759
15675587
4638413
20666277
18390456
2397681
17632772
7775233
19015608
15148842
3152998
6981995
3986645
10494166
7144050
12101702
12803514
740530
10553924
748577
28486324
15645232
21453335
15486149
6602385
2321516
14578708
7991022
1146776
9755389
12756478
7975810
