10788632
6938201
12499560
14594807
8642208
10601861
7608189
11445076
4583640
18685272
4778939
15910006
6948991
24914049
12859202
9353953
22345504
25793461
3482862
25336638
10951216
8910318
5053247
18537713
6173569
10682863
16310785
6948992
18491921
17697123
15926885
10951223
11862544
3042142
17450321
14669990
8483851
10788330
17686778
19798741
14672665
6238102
3463246
298844
27073879
17401207
8819333
6928732
11092948
12699687
3864441
27878988
23146073
6780551
12475249
12437129
4415977
6934715
26437775
2612884
19245793
3460592
3465328
3456651
9808738
8514782
16545926
10362268
1900200
4550801
11553608
24557072
17223713
9494071
6139755
2405435
5018272
17115711
4263614
19938152
12419809
6586595
8435070
8142361
6931629
12860390
3105953
469373
20472640
9211288
1691817
17198377
23698001
11444981
1380444
9211287
3477542
2948075
18690713
11686925
6571838
19199517
3082866
12650690
10429190
1023905
2294090
6311631
6593495
15362861
6122001
5158486
3312191
6950896
22904325
3164040
18092812
23104984
6946725
1599953
943396
18155152
6931818
6357923
18540071
2565183
25341020
20007320
627561
942470
10735872
15581586
6953037
3270418
412915
2817794
655428
15850974
3457007
11592406
19074983
16343540
6574747
3480285
1379236
1404244
3164828
3479029
110432
5047825
603055
6756481
8934630
485156
4258184
6948580
6936720
17019685
19509301
9515915
11302742
590515
2492522
1991505
17768244
156557
597293
3935005
6932974
924
12440894
983617
6933868
235700
18095
1213990
720691
22096201
3466649
986188
950286
2317511
2461938
10403368
26269602
21821426
6948989
916626
20135153
1255174
8304142
10526175
9044347
6948967
28615445
20584901
4858225
27156617
17368066
3859292
3553189
4433041
6945304
6597350
5168599
1771401
22004669
12871026
6584367
671027
410413
3478048
1252245
6960622
3479705
14967041
16577
2555300
20446008
1201034
6286464
4818824
4798879
744086
8554581
3862410
6929898
6151084
11549764
6939511
12967554
736562
23845
2873064
11323440
6931367
170130
7642583
17214549
597313
4108645
25433292
3469134
15381399
26312
19151091
2922757
6957246
3456754
6581619
6954952
6573162
3456879
6956371
15911379
2983992
6117741
1201046
3270501
20213443
16042606
6240264
6962088
3236071
20060433
10525840
6769373
6930969
3481223
15328616
17520087
4140348
17407324
5145896
22081391
6952939
6956338
2387754
3475402
6958873
3475273
25100160
3470565
6172419
4129
6950030
19720832
3859117
4710574
4732915
1139363
3859706
3456349
701274
796411
6577858
16107337
22773787
12482614
1195402
26841001
6784721
3170581
3860202
25725525
6946927
168892
27381758
3157430
6787041
737567
9590029
6339537
6948422
19768473
16897469
643076
15850983
15037613
6583057
318999
23600844
3855849
6097140
12372623
3464463
3311031
3869238
23929717
2180904
28412453
4551941
6159237
890521
447677
6948990
1170859
28592683
6586330
6137486
16021469
1374839
22607542
623791
3492601
2992467
3862362
7031066
3178139
6572944
10722656
454618
21732914
10819988
20705081
25725523
2914953
17408957
6953754
25721201
3481677
6430704
6597720
17130129
691057
4814340
1483467
2718769
6959650
12062419
25078593
10300
15507321
3866608
1429739
6928376
6930978
6357922
6402017
1336905
12119030
2919401
3097018
16737835
911868
11315557
6945862
6586594
27146345
15073332
25900689
11886751
11200528
5124393
11389890
4429544
15181206
26083070
16377255
430559
6945182
2995855
4601536
26817826
3456746
6572769
2918539
6935142
10788513
6589361
21189252
235312
1012054
15278785
15450488
1448185
9159885
28735
25009947
3860259
3085790
2445385
27973427
13142
6956776
19821612
6576226
24929517
24059101
6573305
2332141
15556618
21497584
12504674
11709175
2363709
17098912
21856748
23542644
3855358
4795695
6596951
12571226
2632515
22081392
8347132
1440700
175905
27259294
130934
7520175
6936065
5028120
11254178
12471501
11160115
6938246
2268288
3471602
16195795
11834738
23630326
21724998
14983069
6583378
242325
911854
11313137
26369537
8098660
8448389
4128
19820084
3470420
16500920
3470292
22412184
6575013
4370594
12952945
9862460
15213808
6402020
6586944
3191921
20971904
1708376
1236801
8355260
8490572
11375696
10709617
3305312
23475618
1333420
25532835
10506943
16367969
17014080
18252828
