27943160
17605137
22049354
19538001
25738481
19769454
16685222
21405957
2563945
9562948
22011686
25680887
23028213
12714973
25216597
18990240
1569484
15823625
18360019
7845479
2442550
10510149
19390542
17652375
22114203
27860389
6308685
25244280
19153776
15711679
16326361
15030262
24026142
9021525
18568181
27861335
11131267
20075934
17407390
16197366
19761681
1439067
28587581
9465848
20880190
18289739
28752275
16234805
20520537
23341959
1687447
18650836
28331214
29581605
27122684
24215578
15963099
15002927
16257280
16710211
26055616
24825981
12228846
27855717
24075077
1665407
25035720
28531239
28104972
26449354
22745561
24249722
25992295
25985606
1462917
25153199
23591987
26102850
17656729
22145142
10193003
22273141
16386205
17563574
28177101
15128469
11825318
9384470
21544512
16035305
17702622
17919641
28706401
18558566
15883591
2348572
28003286
22053259
21613812
26102824
29455335
29153114
19617273
9443772
9633802
23114965
24338675
22243442
20456739
19789415
11013922
12036389
29430198
28755451
15607614
17405553
19911691
9424166
29458778
28480805
27498444
19297124
15752922
27217022
15671918
23837009
2691132
28676030
26039117
22560948
17540309
21265878
18443573
29402648
8480986
26818804
24635324
28856581
19018744
23426547
18437139
20015049
28870047
26711829
17559720
26115878
19018735
20970072
25459067
22825936
16158203
28831829
29045341
11294048
19689620
26802018
25353321
18843604
