29041846
29338634
24314753
5117514
24646781
13639510
5371222
5371221
4928226
14094392
28569465
27371077
13625238
2326666
14362121
9365492
13509135
4526358
5915014
5839529
9689391
13280483
5208066
4661699
5497602
13320967
13393462
9689396
5370033
4229281
13639702
13410401
14379411
13397978
13388587
13207730
24515780
13596973
14182406
13365163
7210915
5834530
5589801
5325023
5830318
13246380
13558588
5584688
4872952
5827755
5295925
13622826
13547513
13530434
13126177
5523520
4250651
5833598
14092002
13608781
13505399
13414282
13308025
15657713
5054692
4882410
6043271
5631706
5959938
5883370
5883364
13511586
13337242
13264573
13234552
4766083
14273979
13472125
13472725
13419998
13410402
5628312
4224427
13509803
13509125
13509101
13337812
22506378
502123
6056950
14310363
13644464
13550163
13600987
13493652
13503755
13418699
13333204
13320976
13152682
12988463
10798262
4434696
4688096
5351162
5301635
14296359
14182410
13669738
13631000
13617618
13600985
13544760
24687571
3651207
6923670
7375743
5588498
5883346
14225621
13648839
13530433
15444888
24138767
10366334
7394759
5853219
13904755
13636981
13526394
13469454
14368798
14361070
12784448
9543790
5110848
5152303
5510083
5979778
13632154
13599530
13427199
13255535
13300815
2513747
4718544
4663077
5359873
5679329
5241454
14192731
13637381
13389341
13399253
13388588
16255508
1566005
5364097
5941655
5888883
14200502
13645215
13599533
13594525
13531237
13527117
13410400
13337955
13234553
24687570
10672360
6030848
14094566
13330302
13399261
14379413
13086607
5679438
5239284
5877703
14182409
13652135
13530447
13530444
1021203
4742872
4575231
4936656
14316398
5883347
13600983
13599600
13527100
4575098
5364098
4971753
5684110
5994818
5906953
13638691
13551181
13515729
13530436
13527101
13400033
13207727
13206598
13180906
14376933
24934054
24683792
9781086
2870217
724658
4950232
5685911
5727874
5238691
5926999
5840244
14277010
14182407
13561621
13530357
13600984
13530446
13258187
13207728
20997379
25723610
7984945
5373313
5979776
14335988
14156856
13420013
13393408
13330237
5435530
6078749
5927304
14304916
5883357
14347686
14089521
14073257
13621696
13625239
13550177
13601040
13498695
13509123
13192664
3963714
617758
5503892
5671140
5300953
14156525
13600986
13503757
13399255
13354301
13275321
22209703
11192975
8542813
596667
4930752
5709048
4955102
5326911
13601070
13494959
13530442
13399257
13289581
13200497
13171658
13047100
733513
14218898
14044460
13599601
13441571
15444891
13255537
13002507
4848182
13625250
13606850
13469681
13526422
13330281
25580977
3803043
7036000
7392775
1026179
5316664
5877727
14152027
13673540
13673627
13597233
13383881
13401845
14381491
13258205
20341904
2973047
343399
4251878
14264962
13643689
13449817
13338415
13195287
27359232
22145237
10942985
126723
4541203
5818779
5592756
5595867
5887476
14152026
13622197
13387064
13414314
13335354
25798574
25580976
4654731
4662959
5382520
5588595
5333588
14258324
13622581
13663340
13374998
13330301
13343685
15444844
21648139
9819602
9118792
2736424
14262353
14294672
14320749
13645209
13583520
13599532
13234561
21082527
11534367
9556988
236537
5536996
5815999
5593590
14347759
13665562
13565269
13599531
13427546
13527086
13427257
13207735
13161261
14376000
14375258
26259969
22140
5066017
5580577
5746568
5992818
14273981
14099353
13655697
14375741
22068756
12101514
3982519
7390629
4638235
5072148
5045938
4933721
5816460
5696409
5297141
5233547
14347764
14271639
13551020
13033385
8511088
3390127
4928227
4320748
4257362
4254445
4909227
14258327
13418316
13389394
13401846
14358623
13205955
26461569
11760486
9446464
460223
4928224
5672409
5233583
14153323
13625240
13600982
13597247
13545097
13451853
13387903
13249886
13234551
13153307
26132611
17136374
10551922
1202854
4804882
4573707
5771943
4868145
14347804
14347803
14335766
14073258
14051399
13642923
13461378
13427275
13197947
23016222
6312166
1134936
5316006
5996300
5233546
5233545
14335990
14219825
13497566
13377073
14387723
6137162
751289
4928225
14347763
14219824
14262516
13646373
13663436
13645216
13609079
13447321
13346506
13397101
4441041
4310860
14125399
14058370
13487130
15444942
19883031
2241511
5160653
5517636
4988311
5372150
5813979
14309463
14175183
14076761
13652341
13599541
13544972
5157656
5162957
14245823
14120192
13668613
13642733
13606970
14384719
