16375939
20605567
15823612
22179184
16227264
16537609
15280460
17098980
23950713
24050998
24089572
22258249
24453358
20684967
28283804
25589638
17959676
18440578
17692882
17459446
19458173
23185558
26583313
16904649
15650180
21147917
15448364
24717150
18667520
25673911
14599789
24453369
15919909
17977969
19587032
16480754
17254623
16439527
25803697
28455668
18787007
20631121
17686837
25552723
28138777
25010267
27489276
26378167
23804633
26792745
28747496
27072881
15919365
17425423
17660437
19948350
15950997
15113888
25831513
19457998
18456301
24927585
16916528
17494063
25428869
27335462
17640695
28747497
14187907
26552000
29237836
15731228
27505156
24829334
20627346
19629176
25926640
25815701
20943976
28298602
28931689
27512068
23971914
16705129
17049367
23328395
16254346
11333918
23807746
10982362
29316047
29459504
10400712
2538574
4020965
3865176
9371660
17507474
7333793
22949640
1765772
5101090
4288604
1321873
8385701
196101
4372398
4320701
27445371
10648182
6205118
75889
16397490
8862406
4289526
16501116
2915385
21795356
18715928
10482624
15893670
4285642
1731697
6093114
23449801
17964629
9847393
3573154
2769228
2445904
4108932
2836617
11961272
21986028
12743284
12388698
9733810
1548771
1853577
15604442
11886243
8910921
2330672
12050355
10675409
10559305
10074164
21185944
11264390
2841416
1320792
19141450
21680523
12186912
11581375
1713260
2644448
23698295
2809621
21994464
21885079
23077314
12610112
11907235
11533163
11287556
7474081
29593671
23012473
8764007
3171549
3553964
7228400
2535902
6278179
4295947
23514880
21321234
6168243
23269806
24211720
12768033
8741847
19121325
9371592
3262715
11836393
11160725
10196285
2183015
6389770
23077318
3973974
3755751
29330069
18614634
29324359
11238862
9185598
7996144
7494313
9856104
2212992
283416
2995550
7229439
185150
2162111
2451708
6263944
9420195
18216117
9400618
1602561
3005975
11831692
1964374
3840621
12482655
12239285
6798822
22049094
2417412
293675
12525652
8392321
3026647
24477785
19932912
19907358
2173260
2161050
18515017
8847531
1654380
3033123
21245317
17307214
10198633
6313743
8360634
18597807
20164223
6292361
9344902
1550958
6548594
20439109
17632199
8438585
1976819
3008420
18079210
12743308
1651608
20537366
16413485
10357214
1312118
2167555
3572366
2822598
4734650
24530984
22935226
6296222
6248857
12482656
8858164
1372038
2321435
6770034
17360488
8116239
2732706
3754000
6924892
216013
17170438
9346896
3018130
3003381
7130334
6766174
22171273
18362155
20020826
17417875
8165862
2718627
6300140
27581981
8021163
3025345
3012869
12504558
167689
26056282
12477822
2167560
2152995
2545038
22859308
21175223
27766858
9740790
8195149
23183373
22811544
21319800
19439476
19439556
16188974
15563593
12496398
11853412
6325468
16051811
15308711
2041085
29263887
17005665
10332733
1328668
19710150
15564482
12642107
26994586
23785199
21270148
8985396
9400601
1898971
10846072
15280473
25706132
11932384
26712026
10753717
10964786
23060508
22144107
20937132
9434724
8035485
26283363
12540169
8057423
29343567
