22376037
25016744
17914985
24370493
25974743
27352778
19012043
22333168
23625292
19151582
21508249
18045121
21143167
20570385
15687480
26903052
21849810
25412597
28953991
18972077
27009285
24155898
24905085
27246697
19348245
19248193
9639370
17714083
18557800
11454810
21703011
21357630
20044807
29382024
17410441
20535005
24084213
18678790
18379253
26632190
26997214
23103625
17567477
19628656
11487558
12297856
15195528
21136163
11984540
21455560
27576303
25852263
19230890
10464155
9438775
12677092
24197250
22886508
17518368
26190501
23280243
11981469
19717256
21762203
15504291
16143895
15382153
9370501
23953545
12651233
16768124
27063275
15244070
22469867
18785501
12930639
16608017
9696961
9918907
15046234
11361048
25110042
19744164
11855558
11592599
9331004
27063274
18383932
26929000
27649410
17611332
14620537
19116369
19365601
25135142
11058959
27779478
19760950
28025965
26316717
7774681
15573910
11487548
26849969
11714476
14761280
9590462
9672185
21338989
23829789
15371669
21372165
12445418
12663237
25831611
25328056
10601066
17565640
23301938
22750630
28283858
28419124
19395110
17630472
17369113
15910503
16482638
18853664
10444579
9683925
19515217
18392239
19386026
7635425
22205355
20624207
18501344
16938177
21699905
24517519
17376054
20390403
12871826
23087176
16381542
22364262
17096069
22922994
17435339
21850387
16567593
21273589
18422814
15701819
20364602
21748770
24188631
11739278
14636305
17205144
19879274
20015057
18184928
16877964
25248847
19726145
22548407
15743363
16265156
20207207
17900296
19362607
28231800
16866024
17380076
25339808
17436021
22546234
18239590
16510031
19818312
21332549
25320533
20560162
9211022
26351087
19403015
15674105
9336021
17624468
15555016
19713003
26265520
12844469
18987443
20818485
21327395
16279926
22213014
22592665
20633100
16941706
22483492
22940262
17547713
21432860
23762250
26585398
23117086
21457437
22081005
27400757
10611423
18855269
20584070
23344981
19641881
8411773
25453980
11825094
25287898
22791343
15984907
12761244
10889138
11380826
21654755
20697163
16563943
23553811
12775556
9010643
25774446
20413721
29381974
19940029
22552372
18798581
25187428
17954367
22285953
15592575
16309582
12818283
22242283
22914905
26867195
19246643
16872305
22349361
20843995
11584371
27453714
19782079
28494541
15619341
24324698
10589374
19371232
17004092
17168728
18813860
25140400
23075871
24678726
20400910
27269004
17600527
26019451
24391821
25111236
19040540
19793108
17406843
21800342
21497747
18486983
18816630
24380237
23560443
17933965
19808361
24455970
19191767
21676590
12072584
19229613
26741265
20968204
11709804
26385087
11960076
21436212
27521506
11338061
27470571
27919004
20372825
25805925
15698413
11245778
22099507
17188388
22310777
9679046
15094704
28174792
21679007
16971004
9389380
23086915
26034979
24679496
6205842
2879220
16843085
17963695
4355382
15854525
25444550
23990596
12655347
24415756
26681751
11487547
11983442
24204981
10025057
20833658
10449201
11822101
15740493
16596278
23892949
24412389
8707268
19303015
27415782
29462546
8430843
24129399
14593533
12029630
25325737
7927237
14097444
21357335
21873937
2569263
7843740
21298017
20428791
4322910
1824629
10702208
16917017
10655250
24648895
18981327
23875703
17138490
10376439
22998019
7499219
18508290
23247798
21192246
17578167
17496526
24548199
15056131
22479572
7504137
24067600
7867232
18853955
28849131
19641658
28144388
20804105
25445411
17987382
29470765
28357214
27512731
23163573
18660815
25096756
11253286
8585275
21861830
29200746
29636553
15821820
22953357
27271344
16933034
24021937
29264501
20421884
28888756
8206613
25225013
27037930
12467906
28682033
23714175
1686570
49892
10771045
23700549
9529167
28839568
23189222
27402170
28292877
19275674
17616752
15316086
28725324
24361511
20649581
16469824
19965779
12193141
22649411
20517471
28213512
22936342
29665445
10063923
9324114
12177688
20301424
15199296
12899511
24673552
29250918
18926148
20301541
16234607
9819154
27014752
