15627510
23269237
16527819
11756522
21992875
18980809
12586388
25761794
24728652
19946177
19740092
17310063
18317590
26250357
24860418
16789923
28272863
20641366
16951736
7969065
23676312
29071431
21705486
21186266
15940298
24121201
26088715
12151556
20041293
19429025
17040410
16601320
28491024
10364189
21371073
27288483
24595820
21473034
19646988
8863842
15774771
21097501
20842720
20641463
20641685
26845564
20219086
24450286
25954931
21439106
17452640
16140280
18295409
27688655
23336055
26924154
23609403
23195070
21886569
21633976
18542930
22412882
21448568
16870614
20641336
25614630
17697042
19577546
11054690
9245500
15721757
21334895
21670993
19656393
18445122
17980355
21983034
16472867
18712364
20641346
21060495
21093224
9543202
2386181
17511889
19698744
25202009
20456632
21473030
20641500
19270731
21730142
22961814
24790205
23274951
21473026
18227069
9517841
18534635
9105666
23594365
23410504
11487658
7869097
14501206
16955282
28362488
27743931
18606402
15728187
24834316
28209599
26388777
20644949
18602929
15271993
11881994
28442777
21473037
15834538
16465456
24937096
21473035
17957753
15240357
7823027
18550438
18216289
22942288
16940156
26514584
21473759
20641586
28127108
24680725
10578533
18506000
21834587
15770240
20006597
17765930
20729489
15087484
27770470
17355243
24973209
18815045
17083920
16790633
16181139
20838024
21454670
14610240
14583654
28104804
24878716
18482682
16882008
25512553
17673199
14693373
15634764
25819144
27422820
27143784
21273531
26223876
22525280
20298763
18801947
18177905
20382236
18832433
16510483
17449534
23798440
19075665
16640648
10460242
29487159
27624075
22257570
21481100
19576731
10546982
24462583
23798435
20642399
19183998
23630162
20641424
17991706
11994534
21129446
12944413
16631080
20641915
21325831
23090625
19712556
19539610
14622117
11844791
11709063
27082144
25760924
21918544
20210852
19323988
22451649
22435794
20827273
19854262
17712549
12439295
26621784
23632081
16133393
24693450
22828162
22012473
18085744
16452989
15937150
12109010
26340513
19275775
19121357
15226739
21525301
16515684
12388212
11179447
20459657
16750380
25558276
22759966
19326435
23953133
22557982
21893166
11099832
23338678
9693389
24285317
23989888
10432563
20226815
11523428
20153028
19539356
17987662
29588593
20704641
15589347
29518708
24246466
11311448
29391756
28260320
21177701
14515341
10731037
15542713
26699847
24562640
23531115
19306930
23321808
21036114
20889976
15743177
12660809
28316463
26393490
21308996
19587001
17235610
24944746
14700733
27140629
26317087
16803896
16280633
10407194
25869136
18581099
10595507
15974579
12626658
11304754
24490994
15678084
11027216
22766166
11207425
18437564
12944499
9878762
23161175
19263059
19095763
27831486
22451652
17506858
15226315
23618227
16434615
16352846
19747920
15993612
28109119
10199939
22409535
11709064
28585320
27282696
26302762
20128812
25933062
21303932
20118234
18209475
18197083
15679349
15361494
10655481
21437992
18695640
24405699
23053324
20004658
18493251
17897403
25497691
21143705
17003521
16358330
15848758
16353921
15236602
11746710
10436198
15953487
15937308
15936305
29288796
25684064
21232166
26742023
23738774
17949903
16536124
10987842
20610164
22564678
18581270
29667320
29644713
10490710
29361593
17476685
16430230
14612137
27425420
25147514
21542830
19207716
18854178
12381454
11750182
13226361
26793096
15820756
20524964
12135035
29392233
12598736
10541838
29216407
23084043
22745492
19430461
17510552
14642278
27908600
25816791
15527862
10404179
21276807
25903124
10494878
18661256
11320258
15841106
26781794
26019340
16552692
24950119
20037712
19572987
27544824
15155839
18022203
16804504
16408260
16185723
28982335
27986813
22951260
22006250
17092972
15972295
22177971
20203198
14653307
27488594
27236282
26628402
26423910
18073772
19053782
11592963
27626923
24251585
23432025
21148024
16259761
12374464
10956218
26100147
25861735
23086945
20583995
18039673
16939636
14612142
9387868
23778763
22732516
20851771
18841348
18060532
23526784
16197922
10575045
27111230
24083388
10832081
28406285
26529424
19717141
14971892
16298349
8302430
19012636
25309082
14660713
25819044
17045171
12398910
16722230
19849804
22192271
21272963
19222758
26757547
16160948
24443158
23318273
20623110
27673137
19546210
22071255
20309682
19687750
12457263
13077800
23856117
24650575
21970724
12536247
29357981
26706694
25600870
11960503
25595980
16220332
25087780
26676714
16339917
28499269
12325046
12145795
22235148
15801845
29563547
29030987
27125304
26311446
