27594680
29614695
29491187
28950692
27935086
27854209
27778149
27539584
26852139
26600317
26493388
26387652
26096164
25858469
25687486
25315039
24247158
24063296
21989729
20456865
20232337
19770166
17638341
17186927
10340603
9581764
15876
28827485
28384516
27790936
27604137
27561030
27252039
27060209
27016494
26900585
26865514
26502762
25902190
25636639
24992595
24925362
24694198
24176421
23975875
23898810
23786521
21247994
21232596
20163181
20028701
19928762
19048187
18313848
17559265
11012593
10774623
9368743
8026437
7763943
587153
29306442
28728956
28474578
28450193
28130882
28052644
27309957
26717916
26154615
25326637
25310188
25305741
25241985
25106108
24903219
24845958
23575739
23553484
23384009
25005949
22854705
22544365
21816654
21793331
21793326
21496629
20166659
19928918
19883239
19454308
19443716
19378905
18662883
18213585
14968977
12643544
459859
962942
4436297
29565448
29443664
29149772
29125635
28468029
28112226
27640744
27310574
27188467
27038520
26928286
26882682
26662952
26508031
26387654
26280938
26248804
26230529
26014123
25670332
25600914
25455450
25406855
24849495
24826784
24706769
23685796
23025473
23024693
22939042
22135909
21793323
19288172
18334324
18327917
16602590
16178033
12645918
12164694
10504200
144916
29655455
29091570
