17999401
23675971
27587801
7169351
23257701
24117338
642016
25950650
15744727
4774854
25052382
21844606
5528160
16369906
16642327
19504159
27048488
3408287
8714697
15562696
998092
8837304
27094888
7327933
4700082
4347286
26263838
12046905
3396927
12541138
21072730
3382218
2910607
4009757
12094654
20651176
22311286
7371267
14518007
3164320
18866299
23174321
16167268
20264906
17222853
15923857
28841920
23412417
18997648
25097936
22275701
24482396
2283109
18324636
8458155
20993903
23300623
2317225
9731395
8024421
21000878
19787158
17986391
13256287
14443756
10693558
13300147
6255320
21014153
14018675
1994062
20261694
14908244
28185265
7481910
18118334
11781023
14865841
10103092
15442839
18881557
24211116
13184786
18151567
15088790
13790299
13119818
5775530
26754193
10854016
15042321
13825113
14605729
956868
17558881
27340203
13879621
1934091
13524963
13665855
13856919
5304492
14255279
8889124
26676088
14841794
11949748
13703539
4078869
5604789
7068407
13289330
25326856
13519672
14906907
13951583
25077911
8971498
17108459
11061699
14105991
23759803
474097
7265045
13427857
13038848
517359
15484678
14021261
23331914
18110763
13584176
13703599
3704410
13836055
13318636
12996202
25928987
5659893
14032795
12395155
26021589
13441416
3260282
13221954
1948108
14266337
26690753
14100497
3294252
4283969
18760206
15515516
16552509
7001305
3563540
1992436
22809725
10543595
13431440
13511602
9168410
960657
4013482
22480497
5871752
1613037
13730066
24604156
14175179
13569803
644688
14735069
14883736
13253967
7079208
670745
5856209
5292168
5504624
7445579
13517404
7167258
13426265
1270314
4187178
16732125
4026588
24536462
22333418
14193538
4430217
21640255
5803528
14790748
21953233
14296488
4695180
16219961
1416577
4411249
7169359
14214854
10235230
5366779
6014866
2549524
25662763
5615619
26738311
11523822
3703633
6728468
7776042
15660371
17579134
3621659
28673118
17134056
8047702
11915014
8484098
7876933
9931898
12704513
18057671
3261613
8782334
3200766
15381516
15066597
6994971
549355
17983467
3819540
1604252
4415454
5112711
6232588
506402
5539218
1230469
22652502
8222458
7295049
21464745
27863792
8027089
262021
13894022
549354
15728667
22508255
18683533
7180874
10418210
10761266
13803899
3308272
15205960
8444971
1434571
15803076
377763
2727775
10943192
5748295
5577873
24956613
785577
11870685
22368976
19701633
3793461
654722
1093097
18047022
3025064
6738873
10088563
6324705
2803379
16228959
12705524
6342247
10091642
1423703
2924176
2265314
24788506
3080843
1853462
5372066
7360380
24519519
23169125
15060814
10450487
10855678
991870
23589685
19945187
14175285
1142665
25174936
5914825
7767678
6821862
511883
6728254
14119579
28809628
18580942
9136247
2058030
822725
7433677
5173124
11398163
8153809
2614468
24573594
22967825
10223847
6858508
8316780
5637790
17092719
8876581
15502981
28813910
20143005
6027003
22456800
20951628
21619966
26021689
8591084
18412511
12763438
10613155
28079744
2716935
27197822
16393748
23942010
9082474
10342630
23808227
5932909
3720561
2048397
1748701
26914741
16373315
24459803
11341014
2248287
25008865
18837195
25287938
7990848
21302174
3739474
1842672
3472818
18330549
11714550
21615397
21480004
21439868
2930348
3592821
17909342
232951
494906
21225372
6929621
2712327
19181900
17964876
9158168
9310043
665063
4333304
12586560
10778797
12050889
25847517
26387155
3752967
20347359
1297548
20627960
6394303
23448284
25026764
8250153
19387370
9486729
8027090
19292305
22535535
271035
6627777
2597980
9393905
682668
1999932
27260174
6946289
26226165
10209167
26801059
10550533
6713795
27255483
3423586
21377366
16034409
17329124
9885067
15995442
19690944
24534377
18083743
22362202
9031787
8986887
7931787
8839016
26942858
5637795
11188824
8841194
28792929
11150909
11357456
9555994
21747297
7602333
19647927
24923738
20170774
7828847
7562720
11441375
8887209
16441263
8883676
20338402
9644813
8161089
27061164
8792827
25640292
3474053
9132141
28276913
17929127
27315820
25083759
4698315
5173129
9224849
11748578
27980012
12560682
15168311
19526625
16274905
8336064
9749294
11414778
10463019
23971472
23381941
22001649
8890028
28651229
25745513
7720131
26858480
16420377
3112974
16194735
15150643
11339447
27152289
21764521
6706628
9190281
24872778
26190477
9158469
11345012
12466771
6498397
27111914
6075776
