17686798
6716123
3752651
21273792
23102793
25515379
8439994
22266460
7490029
22203432
2334961
8402842
2051568
4014810
19784815
6629929
11607402
3379002
11289499
8627978
28857141
9662096
26152685
28094045
2865361
26060721
7033506
22174020
2022584
468605
2317361
18058066
29179773
16150527
7855376
9062590
9416321
14570681
8048523
8644658
1592713
24434235
3420318
9727774
2208267
2794265
10150931
3222560
6402942
24837177
27379613
3723621
22401053
7277110
28805028
7440291
25472941
1772813
1968178
3693175
20736024
16959914
7720296
4055594
24593834
3733623
23924706
10807328
22856061
2970787
9676814
17890965
624998
17152307
24624897
9367098
7599827
3697680
7994739
3136133
1490933
3528115
28477341
7205670
24633073
1590481
6767673
8732018
17874286
29666293
16081202
8062783
8285330
3575482
16490640
8448950
2806277
10704978
10735786
15886260
10994938
6602557
19781139
18534933
19943861
19342463
15045168
2781161
16243979
2260664
3597233
7127686
26530028
15605960
12832815
12484554
10080417
15075308
5499810
23661619
19400463
2189861
9457440
8335582
8877422
3654467
991165
1778935
24128163
20979257
7497485
7819682
23400994
7103157
8053432
8509532
19038404
10388319
8280539
2387929
2957410
26113383
23563472
2257787
22563175
18633328
17613904
25413320
21513603
11583498
2344754
25039041
23436559
20388245
8831956
931871
26204735
20228950
25741459
15815936
6492220
17223803
8927502
29212447
11751668
2225048
23851872
23075689
28661972
28298779
17902961
28565363
8417543
2259395
24602828
1599120
3409510
2912605
19238648
2966569
1249602
24264456
2931038
4078740
8208813
22782994
10376732
8770494
2968153
17935462
2148973
27047418
357450
18380532
27658370
8184917
29284370
21705180
23120629
16840517
2384408
4088320
7963512
1416134
1859064
3884583
139626
168175
26900181
2659576
23748969
16892908
12734163
10401844
9662153
2497504
11252601
4052294
19211181
19150160
9769269
24517440
21449898
17722670
10925518
6638626
23168199
21311066
19726816
18708443
9539490
26415792
28717405
12211677
10388887
7836182
26970561
19457723
10530745
9533718
6238348
19392263
28112479
24788707
9706939
20729034
3160755
25908987
21096121
15098531
14503132
8165044
1616518
1892292
3411513
3921519
2306781
6494650
21231448
862406
9184580
663647
24373197
8284192
3188392
2943533
7298421
26859896
25711195
29306919
22129576
19136233
2930441
583630
1259026
1590230
10609583
1468461
2885997
493748
134985
8922329
4696535
6228956
8957874
2934969
3881551
7284501
12732026
3237710
23475440
8444293
809628
15081184
27607477
23509359
9972739
7498208
7294372
24049120
10155411
2331017
3675521
3519569
319039
26078035
26011497
6545084
3777586
23819690
1801520
2759962
2953226
22109977
21596588
20595458
8989182
8420061
27373014
11797764
27870919
23449242
23398074
19934776
18261035
16614144
8725317
978536
10194485
27636467
11228897
10855926
8237684
5917513
8693770
21991574
19011792
15499821
1875737
665788
15316956
12022183
3241283
4008405
6853297
2529053
10792143
612355
27713665
21874601
11533114
8913900
11293948
2546414
26844819
533746
27066062
9686906
2050932
27410955
23004957
9677624
6525187
6830011
10636315
25288826
26158966
15698061
11502680
9304933
1914990
2521578
1089357
11059744
6211240
19435997
18815163
17672189
12030342
11300206
8149422
2063782
11776095
3972219
19756240
15709825
14704022
10226632
3125139
5869595
18053398
17457870
2868812
22633143
18076439
11954943
9517894
24077644
17251133
12623398
3800087
25933305
22623339
17281681
6211693
7356497
8074216
2952374
2933116
24817861
24443287
19027429
2956101
3887951
6629967
24014806
10960408
8245345
18765287
27036239
22955052
8554280
2521767
2972418
17841451
27638905
6679013
21187609
11549746
27582395
25978223
7677715
8267947
2735541
6769141
27389670
27378066
26634181
25689459
12882376
11223896
3170140
6359975
378918
20573148
2606863
7298456
25983653
22266224
16849178
9108626
2040355
3693166
1147009
28473321
27710021
10243382
26226454
25506750
24867054
24753160
21248779
18796688
15659077
9475852
2940283
23621385
9483595
3622714
10300224
7140316
7191974
971461
27230127
22577438
21118190
19112162
10654217
7668431
1419011
1889077
3745056
2411562
971170
22460774
26991168
26466298
23971556
21599353
20867625
17930658
14525296
12199217
7824186
2131854
26923502
25817062
22903860
9929750
9296432
