23724448
2689242
15504598
27505360
18059720
7897988
11938714
18710294
10653082
18830291
13648499
7229092
8424728
20706425
20424682
6862263
20670050
19022130
3157426
18026291
24373328
17052421
3310284
3858505
11152827
15263541
25636799
16660500
20168456
2316900
1493118
16657546
736090
21446416
123952
24365806
16724135
16657949
22111572
19045086
19089034
4064385
10822884
19015852
6604261
16660670
6496747
17337725
20415298
23898578
19081774
1527751
26156479
24182108
18566834
6668515
23283927
26531140
1569884
27179485
16668400
3618792
16720760
28487544
23876225
28733683
11523678
3340859
22088061
23344274
28241565
3968208
3152987
15337567
10920337
11759470
16228948
20094265
7722252
19921948
29649932
24470221
19089057
26900513
19140613
21405794
15278106
28112113
1999257
7943071
2316906
9369833
29091673
6860215
8538503
18183191
2810201
22432573
21077176
12806322
22610869
24298451
2135139
1643061
27394644
17195797
25802801
17138897
9040623
19519123
1734574
20198060
11147683
742712
24893843
12641701
28727386
11805781
11733285
2643343
27910476
26193132
8291759
9396549
8314827
20577315
7055719
17432057
9134118
1131702
16935230
10647983
3554779
28777341
29328299
9888414
18233886
18855971
24245211
18066330
22400296
21405768
17783445
26171525
22400677
20577437
22639442
7204480
10392271
19795817
23084122
18217988
11778736
28842673
16663488
18307343
10945687
24475485
19867551
16860014
27806599
23241778
7023248
8141493
1931298
24201691
22150987
2781448
20067725
22186686
19831350
19791931
1429800
16668099
16696996
17416612
19467460
16667468
27800647
20548402
16956267
7722894
14681625
9061142
26753714
15012369
12831179
1588248
6608658
21711786
20867452
16660899
2399317
28880409
16202873
12847449
16721271
17521945
461326
1510050
19471728
25084976
18164913
28753021
1909098
11439770
27281318
16177921
24058214
15233420
8247481
12568388
1924362
3286881
25402091
25831361
25007349
22933509
833522
28104754
21150676
29547019
3493707
6829445
8263430
15065795
17666605
20671287
1729010
24941218
29676419
29321464
26525474
27993483
25469488
973539
29206556
16799690
28095521
9678463
6543576
16705977
26215180
21494191
25544948
20470622
11833685
11201817
677043
22980188
29630253
26393714
6548481
8150819
24231603
23894674
1453931
19456966
6997224
27624348
2132656
15499934
11525263
27878146
7343708
16664369
23737473
24603619
23031389
8765271
16660000
19523864
17406556
28337564
18622548
9252604
20032608
21992348
25371635
11249208
16826098
19452176
28749846
25393092
16847642
28742354
24781883
12462922
645860
17365882
21054038
24020422
23951798
2593797
28505712
15228345
1158971
17973274
26488849
26072826
23328392
17514293
24514492
19934713
10701258
25680061
24475968
20379681
23053710
21280837
2719320
22818887
21158298
17210181
28517525
17634656
18474780
16888557
16845838
17129100
16214008
20076383
17376476
27409882
16108657
8825235
16668852
23197332
18822154
9646791
22098481
21121334
16331883
1457344
21377796
7854414
11503981
21069756
29047968
22368340
24451863
19797218
17715955
16387487
28624073
26174058
19817403
16855096
1811482
25993808
20977367
23372136
19350670
1614030
24565914
28634378
18989229
15030443
21488623
2152125
20355888
14735524
1536105
25263687
17429817
19787929
6703043
24907701
23759811
24383537
28134819
19577140
3098944
3714779
27627387
12564483
604447
990925
16218725
12510747
23214595
10917997
27004569
18044943
2194614
3152985
17348314
26925697
29338123
27365003
29225642
22194366
2375407
15187469
19836040
11324673
28764453
22100081
18536850
20005746
2266845
25950243
15103111
21285951
17727023
22154530
17455439
21394391
4086665
28124691
10073584
24217703
23706699
28248357
26034926
24730709
7847948
26004761
8735535
23114827
27568364
26019229
26979835
25448520
27036800
22456275
26306556
25004340
7934111
28088669
22949711
26545751
16270549
1921369
1020415
17623645
8989840
26585213
25449793
25310589
20936801
19199347
16160659
1837209
6961511
29236716
3096395
25089975
18944019
1735319
18600342
9300739
7542581
24003046
18157967
25174538
27656473
17126651
29544985
11172289
28676639
20126618
9406721
2014192
23791258
16404547
15224633
11133860
19046014
10591613
20674085
19616659
29661011
22705139
17332042
9344625
23228273
20472290
18778923
16376651
16129097
15354901
9921586
20890238
16840640
11301634
3289861
24269483
23960506
12737514
10654151
28266629
27874052
26170430
23136420
22695276
17921205
25504518
29413857
8541135
