5334030
5858161
5490477
5077310
663093
14791441
684185
13058418
734090
626398
95941
3704134
7455056
13117020
549072
684184
4529081
5865223
7281766
2798791
6729078
5727499
13058352
13429029
3186967
4383203
13481355
5112575
4543445
4761554
571390
6649729
6896247
13549504
4049322
997666
3223109
3261066
855395
13212472
3936221
859108
2075089
7072302
9704
7199210
169891
13562922
5422503
153074
9487756
6891120
9085281
3378445
6375208
6084345
4013437
1811659
11843256
2426567
11182031
6504948
1183431
11556825
3347935
10807776
11855886
3272297
22610974
11290433
11916547
26074402
20505894
19322503
20660003
