29532745
27243371
27246143
27138529
25412244
23406296
18706766
18437669
18092382
15841413
12841611
9575430
9137492
9066703
23334525
19800171
18325596
16075238
15703892
12898139
11753779
11317524
10953348
10757067
9688273
9575431
9270000
9137491
9066586
26979208
22875636
22516842
21484351
19641290
17935776
17498882
17382191
17244018
16199300
15054573
12115080
11753781
11753780
11753778
9066650
7892229
27358425
27039700
26026721
25971605
25862481
25490921
24416192
21989859
21207078
20517801
20517800
19182673
18789594
18668409
18550462
17952816
16044448
12945103
12857283
11212857
11034313
10885728
10663059
10531028
10355344
9703881
9137469
9066701
7727740
24488721
