21594482
10920916
8639310
1829757
17175372
25581856
10517044
21638031
7749764
10803929
15808162
6698761
7113673
8246028
19372328
26412252
22112579
18430742
14598485
9339181
8094750
25654108
9018306
25871459
19649035
7695971
8695248
16496669
14740147
7742620
26148482
7981071
22455380
6189855
25837407
16098569
23280456
9356111
8608488
26941872
20136490
12436150
10553422
11413272
6189856
15164186
9818863
8978585
8804550
23724526
9628503
9677458
11816483
7035492
17040305
8836974
16458676
8335048
17577262
47310
3571487
18195592
18809833
6192219
10190821
18351689
16913992
19583975
28508653
23363877
6743066
20614859
3227802
19407026
11930047
27348438
120670
9041345
24232939
21490322
9987758
9752283
1382909
807132
28195856
17295709
28446032
18417225
16907958
29631219
28221489
17619962
1284792
28421270
8695853
1652150
23488964
23410987
28132812
10389803
7513316
24784801
12829036
10920884
9154458
8759260
2997402
24704940
12888069
23722323
16480743
2428837
3493450
3907490
10618693
29514348
19618484
15272896
26055922
25798075
1320318
14600896
2953164
24944797
24313854
19621956
12898335
12414770
10871788
7490015
19324980
11681251
10865316
11357948
10401775
29326489
21908583
8429105
27195939
29294714
1403021
1355285
6843909
10071171
3873164
22968543
1721023
9762666
3260270
15859977
8505405
24461640
25767968
17849318
9822746
16129713
16104039
9670849
1856732
2584397
27599159
21585290
8773148
92911
9272185
25079687
23637915
15000438
1505588
24161620
16136465
11478144
11431015
10228297
27634586
25665698
2290463
5088081
7684400
8467823
6201313
2422865
72138
24260717
9493635
20937513
6969425
23083081
22717612
19922965
21375344
6180592
15506607
1991822
2234430
25536787
3960327
29329103
28669988
18178866
2413703
24729187
11284129
10877455
10612093
1901396
2364627
8823384
19541792
22362332
10068804
26237497
22686597
20930282
10629642
6159303
6998248
3651021
15121436
21757039
21169067
17548437
10695733
8936357
21152961
25090022
1134902
25162134
16313974
9620811
22439522
1814824
6586729
1177544
28505233
28290957
27980130
15837996
26966895
23077021
21462766
8749706
8843109
21083890
21472444
2337003
92529
8024899
1050115
28777826
18268193
16549745
22775275
12356213
8133310
2314583
8862139
133588
28806374
15039386
24014572
3542897
3490111
6637392
8773599
4830019
21157625
9851447
25917639
12911279
10089088
23037546
22749948
8204942
29036680
22416248
19834961
11370826
2446461
19595376
11314776
7821473
6605824
26616865
10672555
8665535
6681559
938265
29284552
28756343
25863118
6905467
25480867
21199106
1856733
2794300
1866024
28632031
8503256
2420146
23065603
3559753
21815709
25767979
26956729
26024983
17531277
9335007
8115429
7722338
29545974
6175158
20207019
19453289
10329758
22717564
2618588
2879798
6971037
1251680
7822479
1308387
2332322
3336460
3022975
389147
25630526
24458958
21947491
18239564
27660993
6366844
21793603
3313228
22526766
13677995
9778615
1374422
21186809
6604241
27386506
24595502
22121937
2458871
27273459
19879655
17455797
9786611
1724333
3109143
9340040
25799300
25735018
18805840
26170531
25241010
21468680
9762684
6840137
15177978
12927722
9883968
2208805
3809854
7459016
26330305
21505015
22056540
2129765
6206680
21370893
10714440
9599333
7783768
7827372
1316552
6193672
26709738
24771091
22232006
11416945
8706191
18208884
8148439
1628450
26934034
21782249
16395285
25310270
11083510
7822487
7517704
7293969
28616896
27862614
27022960
10505981
28407932
10829572
8536590
8583236
24336147
8598391
7788823
3736986
8138810
3632376
6298370
6185643
26944149
21523461
7529475
8190301
1978261
6981657
6165804
21638919
10612991
26190530
27860224
26598575
23035083
27356622
25663739
24145667
22029888
16187826
15059376
14705111
10447940
9828412
6746894
26770996
8583211
24600749
23576854
19433119
17187963
11227132
10330301
2434624
6872050
24756568
24364123
17188575
15497154
11054140
9562310
8765339
8164836
2033117
2473214
27659441
19452784
27555667
15607214
28414963
24458972
25194223
19657390
27998455
27215860
26745205
23175382
9536879
1904073
3033976
4363158
12111306
11865633
10837188
1489484
26375387
24984830
17942520
17053346
10736102
10084538
9727074
9562326
2465313
28349129
3198747
730605
25692732
23344741
19925532
19749420
19372295
19187172
12799023
9875621
7838671
2474079
2465311
3539957
11542401
24608196
25978820
25711235
