25035103
26678400
8047703
24213942
11923182
11987872
25703187
29362647
24142799
25556982
22324529
10531529
11848587
8865613
21881896
2095291
11689036
2946860
21287028
6090239
25676452
25685862
20438213
23556992
15058856
18639361
24641093
11296490
14979755
28447200
16374626
22080502
26869220
26895978
23961969
22329791
9080437
22403926
3268278
29503621
23874738
25109012
10439504
21703589
14202466
23821435
2972803
14577549
17500644
8138788
26071204
12611756
12152363
15605959
9843622
18247283
27076433
2876652
4917875
23855548
14751011
2705977
28066205
23406285
25688907
12763265
17500646
17464367
11806700
2531421
26010827
22683809
21286970
25697782
18913663
7142482
15914648
11766920
14163637
25498222
14296310
28710599
25769506
876776
23697810
24293762
17087580
17044743
24909526
6036350
14208303
5286705
3104959
15603291
5073209
5966625
14923933
11947996
16248909
14032826
13987370
5436482
20561536
21909163
11396550
18605871
27778754
19429139
9624703
14212127
13118070
14197798
14955589
5491016
28701985
20501429
29649712
25154723
23768680
29659655
22754045
14140116
16082817
21741434
12656299
14749294
12090945
10832792
17935001
6768832
16369310
19128531
14344082
26451598
11352214
20667877
16436363
24678864
16741635
21286975
9532625
28115199
8616591
26643999
3987245
27593377
21274782
10320865
24036398
4011950
6210750
876796
6479455
24364683
17715797
21927535
10972410
28424596
28405958
10423854
27130259
18812226
19507426
9773084
24410154
15847231
15560343
15482444
27553426
19822328
17823242
7302595
14570517
19395360
25747009
28323076
7230541
26067784
28206784
22809325
8346330
5889955
8547597
11394061
8339690
10909141
22016743
19070656
1996942
28103267
24203829
7824594
9375199
26286882
22234615
17983311
7320709
2804474
19045991
3183577
18605508
11131818
10890019
23103616
22302949
26661336
28516420
11293462
25747006
1850139
2957457
16262674
25044872
23815458
17128603
8648287
12379592
2589097
10820586
29315628
25257711
28847491
760909
7895469
29522808
20621408
14620366
24406717
24233886
15274517
7951203
25529185
11065330
17853214
9705731
15521800
7595236
6927564
731227
6886631
27045585
18047230
21875248
17959354
7802106
3226822
7795940
9225621
25844876
7421098
16478300
29565611
22645644
3364219
22087327
19686017
8021311
27459940
28767646
29637259
10456589
27464491
9794774
15998200
2058757
27368416
23772263
11776425
7824586
28760172
12404541
856931
26277740
26500511
20445203
26525994
12452533
27868481
1744594
6864200
3128818
24214509
9460740
25089226
27879321
12437938
2526857
15122956
21799485
17013905
20091411
15959894
15767303
2524544
9133857
29335040
26073942
27664818
26173251
12366334
7119874
26227582
903742
15327727
26300388
29340248
27711940
22778411
3426792
2147923
29467630
23717346
22796338
21480751
16690255
29518494
7697984
22809061
27831715
20417063
1647763
3653060
27066308
27160985
15082018
23625323
16971536
10875382
23760869
20411590
29528684
28663547
23445934
16574711
20590480
15099597
10082639
27182810
27484747
25952058
29555854
28224246
9687196
