20354340
16416287
4041831
11147825
15878951
27327080
25190738
26520769
22895743
25968578
25817538
8945985
9361698
22622772
27006199
17869224
20064544
18413670
8331580
9419390
6424725
27631554
28122718
23892475
3973745
28464351
28279595
3004107
20133434
17360978
27994494
10409618
3052102
13129858
20555033
7145233
24305065
3807784
7869601
21270258
2871583
7028561
17196162
3360221
23449935
18385973
9724715
6376217
14988417
9276740
23029270
1814605
20071562
20855892
26653333
8344895
23284747
16934174
11848685
15300211
11877467
18403917
16013443
11448854
15864501
3091112
2037765
14747283
25618331
6480453
2390197
11936859
16286513
21272187
11017142
24218571
16000319
9054664
6267128
7312101
22079157
17374695
10921448
10545524
1720596
3800971
22659017
20643769
18959471
20926583
19717672
11282894
21551008
22678909
1687027
22124970
20978738
22290492
20157526
19492410
3308605
21085672
567166
12856810
8922362
18779586
15013953
12067851
9662046
25279585
19525228
26048235
12514170
14694219
3276351
11118004
11044387
8621009
21083649
26233560
19213846
7044136
3448098
15558076
24142145
7977729
23951293
10751190
11129782
27921261
23754622
19357791
12108789
2407553
14766360
5944244
3593269
2982686
17045610
16586065
10601501
10803358
19401220
28526781
1847297
3297172
20646063
27100489
14682471
11070087
2499048
2422060
1674863
3520625
3522277
21762719
15140758
2185847
2437108
11535787
6371219
23114041
12432017
18445701
15904667
1484353
22814762
6343063
23187123
9342346
28031464
11700942
28683292
11001758
18752295
15932692
1907661
23834894
2431383
2417189
18354169
24582731
26259649
22206924
11850201
20138024
26049045
10967315
381635
17574990
8177372
28588097
21334985
7610925
22405695
22042850
2418891
24794871
24803098
8739911
12900378
17254607
25386805
19622178
15637328
6397250
7655649
11001779
28105440
12456829
18308401
8045856
1973257
24930970
10364709
7678199
18443281
26156633
20923839
6759632
2133060
26307586
24990938
11986368
3552623
8140828
8660305
15809439
19826462
19116346
19514063
7562604
15135066
21220317
18362842
21349852
26634639
5818749
20972743
21233183
2973105
24616478
10208311
19692658
20421289
6629211
28403169
23056385
165899
11739504
2541005
20231372
6412256
6317750
7047468
2302389
15457089
10939961
7888734
1846827
23891695
1969420
8010955
25090630
26456058
15126625
1845801
7850466
24194524
16983076
15454081
21278133
24835010
23835259
19144636
11278673
2746658
9390651
23951092
16839840
15570023
23852511
29466430
26063461
8309351
3957155
18070763
22479589
9392003
18326618
12133896
20308250
19681769
18566100
21097306
24030943
10455061
15687481
8954050
26492471
22713505
26991675
11673763
12837128
11788366
7295822
17471296
22275361
24124572
12540602
25251243
22046328
9415073
21088218
19739641
19071005
21762439
25555452
24130333
16219665
21525729
17979500
24861730
21712531
16926377
10868950
23241062
28437835
26447738
24749347
25707365
22069292
15706699
12897241
11911494
15165992
12746281
19526502
22411259
22750521
11336779
2578179
11429650
19910724
9271099
26137696
12690704
15132980
22153810
28874461
15899404
25738783
16481327
22606032
25336481
15867292
2686330
27501183
20978128
12695547
239732
15878932
23912895
22760787
26901092
28524857
2391656
24037094
21895961
18372336
10398873
16166234
2836728
16678791
25522529
18632454
25605734
23047485
28222445
24990858
17130644
11357893
16087721
27778639
27668547
2391654
12099888
22521466
6242262
25595780
26004136
27126323
26895791
17031070
19997051
11785415
23271428
20453072
26384234
10382588
19351151
19945522
7809976
16309723
716314
9648830
11712791
19359662
19903520
26376412
26162095
21369727
24705403
26907336
22593445
9618560
7007082
7406890
21840335
27387758
10713466
10609345
23886627
23747316
3461457
10579584
2155021
19558450
16931572
28938466
26679997
6321058
28079162
27581061
29174367
1345889
27303363
29215310
27994044
29071734
23060693
23633387
16557739
14519071
28303003
25057440
24665358
8430890
24567902
22347426
28599179
20569453
16118471
23248172
28904018
28986396
29446245
12051969
5925315
16345946
26101629
28053881
14584751
27421847
7019445
15963039
29449530
23531205
11395867
29331507
29420146
20175431
18171589
28779980
29330386
29242278
