21944023
25589895
26226910
28189167
28209991
22781697
16305440
21944020
21515932
24927263
27301170
27755970
26222081
22182972
28338065
22038530
28410846
17683252
25277749
23166002
21843904
16981821
22537805
28576744
24037788
27576672
26391154
28705007
26139121
26456750
28730537
22437869
26895288
28372823
20708556
27992319
28866730
26185420
24345494
24692682
21543509
26548904
25882061
21110830
16029059
27233906
17703940
23503600
27492706
24910388
16163242
28185165
23064055
26568261
25882558
15573743
26266637
23259831
24258971
26545843
24789362
20053770
25382372
24031011
26820296
26819503
21291374
26928089
26765776
23160372
21933331
21338257
22180401
22325103
21568680
12223047
17981683
25368293
25882562
26253814
28202661
26576089
24928447
25676878
25281917
28561712
27031164
25652125
27112171
24794084
15771953
17624601
20943642
26285240
16552243
21079135
22966018
26654747
19914464
22586314
22650606
26363180
28863449
25533666
17628119
22999010
28872367
26947813
27444228
21527063
21501203
27376745
28912397
23262059
22474069
26703803
23695030
21110824
17785201
27329249
26281675
21142664
22978336
27866431
18552863
22763259
25414302
12587246
27903969
23545045
26112808
27995437
28449873
27240402
24591535
17150003
27197880
27148822
22046024
27865460
21953712
23696246
27467543
21317450
26083153
28154318
26930249
26548905
26027569
26229391
22149037
29242381
26222083
23591158
20878592
27511159
25597774
22333688
18198919
20587899
22581357
25426553
18836658
28095746
22950499
22235862
27249757
26164085
24756203
28060562
26578705
21540021
20702611
26134178
20015264
15010072
26105190
23651790
26603345
22229849
21752724
18587556
25985622
21910667
19663766
25104089
27137746
23035262
15268628
21046524
27128302
24924180
24840076
27926493
25434362
25375341
27473523
22225740
24984781
24985058
25733707
23735730
22841437
24697156
20954319
28174091
12793897
16618384
24495446
16445380
25895919
26474780
24927119
17153906
28396911
25597775
25948551
28973703
17803883
25993179
24415852
16981833
22494652
25306384
23664091
28446466
24987059
27976952
24857127
21648074
16982470
19208830
26888310
23977763
17504124
26791134
23598982
20663741
26602923
22810810
25725225
21808269
11002230
25010067
25524381
25448010
26000366
27836202
23092075
28104566
25726911
27210721
22137482
28174389
23513886
20545612
21696676
23054134
23977754
25973541
25435124
26837167
16370913
25998715
28840297
26844984
26981779
26260808
27865273
25699096
25725224
23847217
28423659
28423702
26138514
24221053
12079484
25597784
22545315
24673900
18765157
27509178
24108540
27075079
25113770
25681967
25174400
27480598
23834153
16289851
22231450
25824606
28600175
23532331
22289741
23828775
16029052
22640911
21777178
17671639
16010519
21563983
16928810
16843676
24727990
24615197
26670720
25704901
21300030
22034206
25910758
26372038
16000608
28660602
27338857
24565583
19142623
28208698
18379730
27565250
27813876
25766095
20008257
22318523
15546182
12781076
25078674
25244502
22330682
25555494
21134823
22429999
28350329
19838639
27139190
23676344
20923341
26850375
25989948
24956294
24295132
25918280
11871865
26510912
21110758
28629381
17483434
27254305
24012402
25918294
21947958
28941356
19402066
26857926
26724249
25896000
25253784
28458284
23008496
27561803
24724497
29215763
12204598
21676549
21255711
15611285
26306654
23863723
17667521
23907440
20882008
27938382
29313655
23680713
26629855
23805382
26596559
26560712
22903697
26285451
27610752
27337224
12360278
27381686
28528684
27215436
23909035
22621669
25109955
28321817
27573903
27756009
17942887
25434284
26676609
27355333
14757531
27612952
24418724
22513137
28551612
28961310
26435382
29037469
28279895
25294806
24316909
28387541
21707290
27300546
23294221
22580498
24122209
26764249
27605071
23174713
25512634
21286593
20070139
24358232
24300916
28460571
27466356
26135606
16905462
27920520
23463481
16459175
21452927
21317449
22607765
26165625
19825369
26652031
21805188
26646051
27179744
20943632
26238076
17911165
26811609
26262134
24957465
23877042
27626176
21697653
27174875
26220043
27106017
26839346
28460479
23313176
28038727
22357445
22202060
19064409
27765921
16086635
26887377
17121886
24115146
21248173
25465236
23160326
27102148
28008141
25439609
25877716
26929739
23477512
28088467
24529447
16248789
26922329
25400118
25395294
21266359
19997963
25670382
25268375
19533369
22596237
23294202
26589398
25109831
24043487
28935020
20738211
25849953
25441001
27041412
24857126
27775259
24504486
27431460
25869102
29117359
26185368
15831177
23394116
