1734890
8144702
1696725
1844241
3092218
1590769
7508312
8297393
7893147
1673908
1747218
1754602
9518695
3115313
21469340
2117281
1439791
2465394
15288950
11257446
3115314
8568848
8003343
10586509
8182071
2492285
7773187
1908548
8352776
21738225
7961867
2837291
1906890
1335731
2541406
3118369
7686903
8317966
9324047
7792294
9622602
8978816
1643658
2822865
2900071
1322665
1901951
8417362
7526920
9348225
7720592
2544596
10694441
3134019
8632914
1929409
3119579
1849000
1899568
11202610
1751527
8034626
1901952
8107031
9658197
9730895
2127736
2158884
2105488
8570618
9243509
15541723
2107277
11236575
8382287
1330868
7869922
9658088
1660534
3104540
9009263
8707711
7493930
1916091
8416955
18064416
1657658
9182703
8226730
10220378
1464587
1599487
1903186
3143813
18959208
1946422
1832710
1645175
14980915
8436590
1906007
3013680
9236105
2116980
2156152
1656197
9565765
24130842
2567609
2154204
2108729
11145991
15140914
3026845
1316893
1730660
2507090
1811054
7896797
3017507
15936113
9290567
9736452
9606722
8897310
9374424
9049394
1634508
2834352
11809807
8748679
1315770
1510703
11596917
2544573
7475348
9267409
2166901
7657691
10092317
1938104
9312116
10570952
7918584
1909964
2510151
8751157
10449730
8224144
18175322
1379592
8406362
8203713
7693386
7876152
7600581
3114255
15137514
1900988
1544891
10373312
20141037
8601462
11019909
2118762
9016270
11751935
8781552
1518273
2900331
2561914
8192667
1512271
8129675
1652051
1904217
2560184
9585526
2109182
8574587
9168147
16055216
8302589
12214898
1899567
7900846
8419353
7680658
1908795
10882696
2175580
3083418
1279687
8195123
1335563
15020218
15033343
10037756
12421353
2161623
9618155
10025443
8621377
9087168
1356569
3107563
11121816
10930450
14630933
9077452
7489748
7929227
8781557
7525719
10215674
26987813
9636174
8482358
7741715
8895668
1358245
8397512
9349536
3139784
9547223
3127239
8376407
8102338
2496120
8752599
11027221
3921021
2505887
12724533
7896743
8419127
10608476
7959412
3143845
9751433
9852093
11264662
9469451
8772484
1901650
7913465
7887921
9305878
17069756
1939245
10559887
9543256
6146263
9406140
8305740
19198542
22589533
8226937
8760286
2125461
1378727
7784451
3090543
9118210
9038321
8254020
8493537
9122261
8218170
10749796
11234020
1612434
11403948
6145704
7556679
3106971
9545273
9799231
2118518
3035877
10551809
1577714
18180318
6310406
8343499
1849644
8639784
7681262
2431411
3155258
8112315
1445283
3151231
8139548
1429253
10398422
2843545
19655169
7696346
2155099
1419481
7729003
1318322
1701214
2902214
1906014
10690676
23207763
2995588
6144254
15604595
7692530
3099111
12152300
7821803
2511428
9751138
8458876
3033414
7680347
7536844
8147460
1904963
1331063
9595445
9649803
12941430
7780830
7977700
10531372
2842188
3930291
1310693
2826014
2492160
1379346
1383067
1648693
8471631
7876829
9493566
11356044
8499223
8794903
8824295
27074662
11342388
1445250
10087910
9600939
8206723
9789008
3143415
10844119
8770360
2842531
8434024
7515886
2845983
10788630
22815963
19060417
24639496
8279534
2969344
15953418
1658727
2433590
15925428
9803310
11068131
15314476
1966327
3140790
10388807
9629459
8141770
7629196
25049222
2999149
11171620
1903720
8192647
2161358
9208232
6146612
7614816
8952694
11370673
7916300
10608901
9374269
2493392
9783897
3132535
1900389
1318428
8857584
1632762
2498464
11237748
3086121
19233129
2551365
7779099
8910601
16828064
8038204
7626067
1382635
8798553
2443865
1317509
11428836
7720569
10618720
9176240
1316924
10989284
2120702
3128344
1319725
1908462
10066250
6147897
2526538
9113419
9305638
9010215
8739255
25291362
1666552
9359460
8396150
8198537
2116967
1464310
8698840
12096069
7796906
20347994
3040750
1733734
10698185
1652244
9261180
10395958
12485924
9502768
16708847
10428799
11134008
21294109
8832375
1319465
1794602
9264413
10995757
3004474
2563204
1320749
10347206
3032649
7603303
8678943
8997178
11416164
10758162
8454639
1540187
20026606
8119955
16405927
1656456
1652000
3139262
3098233
23171706
7511746
6144576
1905225
7631958
1709005
1375958
2845068
8752494
8862232
1646113
12831845
8137813
2576411
9600080
7711017
2516242
9325564
19954860
9084586
2505888
14530286
2121501
