23752712
23665615
14657396
24062854
16005634
15373460
23329828
10571013
25727146
22212498
3335536
15123263
26065637
21531554
17505964
10933860
23475710
22797904
20105403
26896591
3137457
7884311
8460945
12417424
8389564
9201996
18695988
3609442
9631941
27629416
12114791
1908236
22259131
19919547
9304793
18282281
9557871
17892882
7698730
29174415
20841351
16741504
8557103
8519928
22183981
20387826
4071540
17694322
12653628
2658987
22180206
20652405
17708590
7496593
8601528
3606136
20144722
12790194
8393363
8588939
20863315
27808459
24946788
13679364
1520525
1410507
1410506
11506160
28723077
15540986
1419961
18985719
8512827
27333379
20379764
11729180
9849856
8064132
6313829
23495799
11214861
1727693
4076517
1904864
21347715
11788797
9881763
6208064
17632070
15385431
1940443
1394295
16768837
9529089
6208062
8770386
20351933
10714169
19731911
10358439
3761065
22707724
14578315
8562686
9304091
3621238
2622352
18296643
9659519
1877406
19468051
15967742
10596898
10526012
236691
25107907
14551185
9673446
6404904
28719645
10510286
2381620
18584353
8595254
7945335
1354239
21877
15481946
2613437
1822231
1275931
14533679
23765378
2910468
3600778
23987472
19877716
17170056
12547345
3053414
17172897
11523928
22611120
20816171
12386454
18373265
17300782
7284369
17113877
1719230
1754513
2317577
3664522
8922959
20669922
15623298
11308013
10393083
3168399
1498415
23424082
28745318
7545541
19237440
15350598
7892042
8181802
7512112
2738159
7139659
26723492
23140450
26880333
16091596
16329574
2076897
4018257
16177266
1563908
1933937
2942250
10820760
25722186
20735851
15271345
6208063
23071675
26637460
29579213
21651499
20800830
10619704
9267478
28719662
23775548
17988798
14533804
11159462
1498419
2477368
26328495
22461008
15623485
11159923
11115396
8982378
7780194
12616638
10599506
28744137
21028831
19460755
17918860
11141302
9044839
2442170
29499182
2717641
3378785
26610890
29247646
25951175
23242014
16496270
15900124
12626414
11085939
10409676
28628803
21265808
18835818
15342645
8746265
19969597
16128800
15652185
9337856
9180155
2373681
6350194
28150729
27054587
22186971
20807760
19067536
12495288
12244115
10993278
2084226
2306371
7735044
28876832
11591497
22259135
3208252
28988842
24233973
23954365
22329400
21614187
15944793
15743802
10816505
9915862
7960120
8179312
27281159
19533340
15955459
21349845
18624397
18417620
17675499
27229122
23052838
3310433
3569536
94350
443321
23231515
18411716
4007242
23943488
1381596
6687562
25026003
19407012
11821425
10744707
24118321
19880513
15003492
9143414
12114800
12588648
7798209
7827404
2655712
22948156
9712746
9455905
2323843
3071532
27529800
27453411
7115315
8871532
8487160
6673173
10226608
8594592
2090659
28842487
17129170
25701318
24115046
24082034
23463814
9182658
9129046
11303872
3447512
26498027
7082299
27632006
21695336
14683501
1823156
25142945
20557876
16716052
15003504
12369919
15274643
22334671
23689369
23650604
14613581
23765652
7662805
7519429
1338191
2318825
22998734
21517058
20461825
8835095
2420694
6349673
6870863
20816164
17090050
3454216
3709529
6201272
497495
27059389
18604642
2061732
2432407
28448610
27409642
29061849
29394131
20816477
19132687
15645015
15467186
11456757
9614693
7513368
23993335
15133511
14652017
11448678
6083839
29523772
25433688
16897177
15271359
10913333
9175751
1709970
14557669
1473746
2458884
25124036
2941299
8688428
1718981
22235337
8298304
19095295
16113887
15334254
2747607
3182101
2466827
23765650
23147167
20959392
19954190
15116234
11773621
10659352
22259136
20563275
20095946
12652802
10686541
2454227
6619131
7130674
23584042
20439703
19277555
14751965
11483437
10094775
6650711
6802482
23877648
17449537
15491971
12601728
11114584
10838014
2282960
2497978
3729459
6809738
29569811
29618060
28871005
28955860
26619014
26527272
20667006
19562481
15352098
11085493
8567787
3905953
698979
27322213
25192513
17671675
16250646
11788799
11555617
8947852
2687409
549649
12135769
11741899
11547903
11162376
2195016
804839
25362349
26598643
23564785
22290229
21604133
20215525
19788053
17522109
17116474
16254363
15987769
12485464
10542054
9918165
9795029
9182286
8610472
7742375
7509790
8164108
2221354
6692399
6688756
6954321
1115774
28688929
27681930
26161361
27493855
24821010
24610964
23572154
23536887
22988448
21259410
20736762
19420743
19318798
18784084
18721887
16978585
