24926253
20738970
28602047
525350
29570169
7426427
15677974
19874317
25494114
8615055
2436499
22911186
22870348
20802019
25403328
22112196
17638660
8080420
27332103
3771841
29507844
2011628
24807120
1856346
2486047
17363913
8193080
18544064
22151391
28229119
14322358
3989011
12642297
19659918
8881336
6491008
766948
11531782
20447266
15909555
14322361
8575266
10916699
7073972
17381802
12852387
15670180
7490363
7783424
15687362
29228734
1688899
15365368
2794221
17250755
21908370
22507669
3592600
21317613
16792757
8040608
15243519
7369780
12534801
2347678
6759811
27892931
24535144
21324100
19323662
3320130
3573365
1293250
1805650
2743812
8632089
12641791
23833126
15612329
18419607
1802896
3750743
5548461
6725671
7232562
1300143
2135389
18269608
16482942
8589477
17448191
3672814
9274625
2071226
22568408
3204179
26133537
21822427
17960754
10487003
23800248
17381799
14616820
26443669
9779646
1241076
9724086
6605370
17202752
12639469
16103454
15489925
8697387
11123772
3020866
2415305
19675558
18798233
10461464
7636312
10504457
6870347
1018061
15009383
2229637
24521735
25579807
3249687
26253115
3550313
8403474
26472403
7562853
7396541
1891671
27298142
24393208
21603643
6752223
17388926
17341870
19054052
1869651
26909586
26588332
19850194
8135477
7364972
2666786
16637813
6833536
11896420
28753253
19679960
157892
22050235
26179661
16871032
21950299
11857317
7165330
11453901
10953445
8169026
10848739
9366817
15140067
11421052
8434706
29676831
23446228
16149943
6627203
6519646
26375216
22329784
17184874
16120151
12190877
15761422
15270887
3940069
12971267
11455139
25415140
24506234
15357678
19175787
507871
12079630
9796629
24614722
17204514
25610668
15689220
25844617
21392084
1873201
3525692
1689758
25864511
18404866
1775323
6847221
151979
29632943
23135644
26272626
24061405
20827433
1707041
3157708
23860115
23662922
23231506
10343941
20526171
16848817
28925390
24684198
21574981
19769835
11190441
17318466
26288411
25072678
3383113
28164977
2484848
7310169
11860423
1864586
2915056
26857527
16948833
27876133
11918707
11903232
24709066
22827850
23919015
12581086
25441468
24703260
9529683
7730209
2475547
3391728
8574978
836079
25006489
20837790
21595042
21054563
10725814
7560349
28726212
24471189
18462369
14657623
11870785
11204524
26370649
25069694
16922949
29504212
27731897
26885602
19032378
19017038
15869538
15586567
12880362
8989926
1780360
25051041
21040129
18076606
16414907
12817427
7770961
19725743
11407981
10918287
10429983
9787987
8884892
1397667
2453988
474127
22870347
22077137
8629846
17870432
25262755
16433788
24158236
20534990
19615005
17199572
29111617
26555889
26188628
20497220
19177257
9366815
2646001
28223751
27741334
19758420
19744179
17872975
11928814
9486677
8881669
8760576
25666116
22183058
19213229
18071725
15798442
9810922
20489568
27487145
23940574
7496671
7857114
26381025
18781132
28601392
22103432
20874786
19899994
27240341
25111348
12874767
1931621
3521997
28403573
28162852
27822947
26460622
25864463
21409965
8575267
24568890
21674250
28638810
26209219
17308829
19152592
16965143
15900597
15769275
15654955
12362258
10816231
21482206
18704747
23051629
27349256
24674027
12079631
26968261
24714202
24520545
27864996
22582911
26996264
23833303
21913010
10417681
27566079
25048708
27342647
22295070
18496419
25798811
25623078
20123452
8642088
28511756
26282084
25162299
