29257781
29183051
25745901
23689761
23172324
22901424
22491626
21350886
21161736
20414656
18655129
18196433
16601419
16595462
16309680
15891538
15292812
14749579
14740154
12710786
9208834
9172247
9167637
8981897
8027117
1556624
28938284
27037517
26001348
25386574
24534222
24381206
24275357
23970554
23888324
23773406
23406384
22585347
22528391
22464203
21733449
20844776
19590328
17518747
16452748
15273210
15232424
12483952
12352565
10912856
10521639
10428128
9181193
2335535
6491796
29373451
28459772
27027801
27003031
26955493
26909654
26460664
26328224
26191492
25972697
25379750
25205682
25143509
24647506
24500592
23813242
23200031
22846406
20511442
20415400
20065780
19516098
17981592
17910523
17349840
16951107
16757775
16462562
11149503
10497858
9547813
9224263
8886198
8207574
29461404
29461195
27763959
27243346
27176565
26388615
25844592
25435134
25238804
24231580
23887564
23452364
23262998
23224398
23022082
22929495
22564833
22339192
22169068
21863226
21857540
20073015
19858977
17460719
16766980
16721350
15995129
15934108
15069156
10666654
9529171
27214720
7479397
7761317
7885728
7937385
18829901
