16959221
24476913
11069037
8297104
8394170
1657425
9108439
9393603
11686928
11468185
21878638
12963818
23757188
1332112
11295289
27682608
10597316
18381889
8306337
17372087
11325562
24695359
17656417
11274964
9784837
10502399
20336347
10378675
19043076
10462703
28472494
24220011
16914642
10570059
26009876
16678798
9330528
20855424
17983804
23340199
2537956
8567404
17411092
7739599
8747604
22067657
27521587
25242524
23696909
2537141
23088786
11094065
27358488
19763955
22106228
7769390
14642564
8653270
11597574
22155972
18062937
1351300
7639746
21920000
26907945
11334111
1980425
9268689
19763951
26419945
27643560
15849317
9328845
21304601
24013413
7644381
15108350
9765623
9062401
9863061
14996935
7819046
12604590
20194637
19763954
16757578
9352909
19114353
23012366
7749214
10762754
21520487
9801310
26320664
23770449
9452492
7579726
8146299
20372057
15886298
15457132
16932348
10959840
7564505
8951349
19690141
11106659
8390259
28167481
10447574
21107989
20304553
8093110
19763949
12504087
25240701
7727861
10573111
1312063
1674871
8625310
21489802
12199144
18164362
10811120
10697567
1331602
21419530
7764055
16510521
8382508
16928835
12653966
8395870
25592869
9633900
23999236
11551518
25815590
17876042
23260019
25333701
10428858
23313378
25437617
9422071
8261408
27404349
10968252
18076140
16025133
8948668
8043587
1353968
9025094
11707421
12842886
17361331
21761866
16598074
9788593
26988802
8656700
11136718
25586498
20939813
9887261
9408961
18334211
25472619
24796883
16450374
12237334
12011253
9649144
17723179
18582559
8386368
8096076
27052176
11160881
7825022
15211611
16950806
9778692
15461662
16644553
24047216
14736527
12034365
19390626
12353631
7688089
15215131
11835580
15492841
12907735
11360183
26520368
9914381
12745084
26649766
25468822
12234992
9433537
8683999
17822282
9914793
18483319
8794854
19649925
8763829
11089227
16010589
9679576
9815886
24821256
24302674
19166355
23611704
15542779
14600258
18938079
15093741
8089169
24092808
10048755
16222152
7916570
9473741
8231802
24360936
26695512
27656775
10502297
10557063
11709337
23824011
8695922
12416984
21913377
24931277
10569941
11474790
25118649
17182034
15519359
1967222
25140305
8392468
9311443
12467229
27597408
27568922
14978217
23657605
17201062
8792003
15901238
10697411
12911317
17289897
24041906
15935818
8152392
23968485
9925989
11796351
8712715
23566517
11170388
19053267
20709174
26149691
27058040
8082736
19494182
9765303
15188142
11266418
10464158
9008701
10953049
21584337
22633831
24047414
16053917
21229879
18536187
10944214
11200093
11323425
24826817
9593169
1356339
15126503
8380054
11327821
25599951
28458134
23229142
20030883
11399091
19285952
20578986
23680786
16920739
28708938
21867911
27095671
24295975
27654394
1327851
22008852
18437302
25280269
10521257
22819942
7829529
14993313
10835500
23608763
10930536
25494808
11911266
16213649
8382060
18162055
11918672
11459812
22490049
1310036
15149679
11090281
22019940
11007042
10543732
11722677
9331091
20562910
9808573
27919216
25968900
8109934
23995680
15105144
11193914
11023611
20924640
21853156
18001110
17638329
12489117
11535527
23752316
21254166
15503351
18816045
27353465
18176111
8939955
19364657
7727383
24239017
16569821
11557458
9164874
16488395
24090914
26183545
12384338
26098163
25914138
26982206
20167375
8895198
8665516
11473729
10691026
24841259
24244448
24095018
9334322
22679013
9083078
17458941
8027612
28610977
28246042
27246784
8081034
22111588
22126453
24386374
18212063
20864447
9703246
22023806
24091715
16158947
10942766
16807458
12527807
29335211
16635801
23144714
21863200
16906772
20638859
25946380
7811004
11156401
8996519
10758153
18824850
12859955
21074444
8094293
7782285
7671247
26643143
27174797
23117429
11788894
12148910
18045852
14519130
29248296
12930951
14969343
24497635
17308047
23089478
24841075
24904965
21695735
28009843
25522133
18596031
12602919
9124828
8383009
22260166
22746203
19490938
20170164
16809075
25521189
12954766
9144789
11311063
18774813
9371492
25246407
8294050
10362022
16549872
18805512
25041830
27744184
15680922
25238555
25913198
2547516
17875725
18175117
9155159
21591994
21595477
21653687
28064078
20507270
18390884
23939623
9151958
10344108
7842491
24309019
11457456
20099021
12767521
21643560
22433436
26435256
9748627
14984578
20410645
28342691
7645985
17351106
24492731
7646545
10995067
8938795
24200359
9651360
9593120
20175785
9414662
23163762
