8883840
9972820
5421949
21457731
5591599
5525440
25661372
1657961
8157665
17144655
7316168
2828363
986874
7045287
5558370
2543404
6619842
4364626
1123727
6736649
3084676
12409272
21909411
2160964
10869414
3842799
3838098
8951505
3029085
21960521
7487944
3024738
21043250
873917
3154805
1432975
4108524
4045718
18674580
2761359
6385131
8399340
833604
15776
1965411
2897059
869719
1288104
8568777
8248504
7055592
7976425
2903520
1213944
7715246
4422287
11880348
27738720
4358017
23101
12525061
6806384
4401550
1693077
20560540
2022643
4761708
8218344
8480028
6049920
4125927
1819752
394816
276888
4655833
6808993
23949154
7780682
2267316
7798933
3676768
5525463
4788308
73524
17996892
599338
19959817
26358846
4530306
3794747
5954695
4665933
226157
5145909
25453770
4474001
336277
11439095
6115779
569589
6151119
4656591
21389045
3880580
9106499
4856436
977252
4857567
4982085
11370230
1819756
4045465
2506197
2833508
9630721
9219895
18802104
2519612
23000600
1634507
17182612
15781658
23673285
22752895
11058867
1819751
3950616
10678147
11562447
4124639
3718258
4850820
15863359
8391435
22510345
9029375
2543394
2542702
10101269
1517691
1618917
2320567
17920136
1461922
4019691
2231271
3293981
8129709
2005091
2209604
3478712
3422635
25605240
3611974
4754865
2848496
1637856
4546754
23335378
12832447
3920360
46769
8404903
8828503
3361452
2201401
3728606
9370322
1431139
4022340
4711819
6104363
7616428
4128242
1819684
4760518
24639073
19660442
17634444
4215870
12456068
1645529
4850970
6962022
8765148
1819687
2154953
9560440
7857969
2107879
6260215
6401298
7336361
4030776
9030306
9668065
7932382
3768390
7520361
1805090
7932373
2583546
14703014
10940389
2832188
10905630
1323050
16490345
8496830
9211886
3196734
8617285
17268064
16258193
12397078
8016111
12379481
1917994
15020683
21298035
2513801
7053072
8896446
8283038
18587071
24850807
1641397
9131136
6146309
1400315
2492276
1323043
2436020
24742674
3106340
3964558
3689334
3408495
26269112
2817335
18955040
16174802
6405792
15051936
10768372
8773455
23386352
2541000
3094588
1335232
15863642
2823810
3007498
10921504
6425292
3950403
16920964
1710933
1680005
1591364
2540163
1429636
17338639
2146953
19773578
3947667
1883337
2722826
9342735
21063106
15059646
12576520
16580641
2546764
2872233
6542803
8998599
26531049
15165037
7608134
3932094
8468486
2515707
18285344
1330596
6436245
4006034
7843129
7805742
17911394
3084473
9154234
20961851
2888488
17329846
8907240
15684346
6177688
3013161
16002720
12457714
10085103
1673352
3963833
23817078
2732470
11270625
12846832
21949111
2851553
2128404
2540309
6457658
7164036
2963750
2805565
9607146
3584983
11249071
7037068
3768006
8790999
2153134
9101420
8149416
7240750
2225720
7590625
1851206
2919678
3128296
24628121
3611955
10395969
10867005
9219900
1847616
2894742
11842883
7546018
23911909
1551880
16839547
7693917
9321979
9124373
12649070
3089026
7877599
16501051
19493964
26046629
7563233
2839728
7086143
8527035
11936833
11129959
1686472
560887
2513324
7242777
11306749
6460679
2628466
9004542
680356
7411145
7143014
626916
28193530
9784293
9789809
3235102
7213492
24004590
6885516
1262899
3261311
630396
8556449
19190536
17294138
7296295
16676279
25835318
24797786
10968364
7040296
16988796
307058
12938076
10960608
2602363
11742207
8554167
9278388
1718134
6184721
16893057
1835443
6109001
20637830
16786529
1276952
1161052
10322864
12929139
19565
8703360
8848284
2990983
11133185
857882
9624618
26453427
9733738
15488028
17970722
8874887
8742412
2646551
12581829
2215852
20074567
2533099
2866603
6237534
15207327
8207327
9833404
6355402
6103828
8131075
6133246
12470706
2085667
921752
40
15784847
9526847
21184823
9562476
9488
11431005
2423967
8261128
1221732
1156444
9786605
7789404
1374134
3778970
8057385
7960463
3797685
3600965
8726996
961441
10097164
8871957
2414405
73064
8584218
17592940
237900
16166261
8300907
19253075
3693612
10218781
15721778
6117604
7429073
2788790
19301098
6108988
1984424
2424943
27147975
6950387
6200784
8891751
7062046
10992243
8417140
19368830
17276713
953033
9753139
1421089
1916631
2052139
25972459
16724269
6175595
22315402
15558747
6304253
10666565
