11435995
10667127
10099859
11128824
25087376
15219127
15646412
18577934
16330505
16628534
8734771
9951031
17680817
11480258
2370132
22810476
17971671
9972386
11718430
15613182
15248058
2520377
18625110
9241463
2915233
1462793
15322884
9421543
2020224
10961766
8202230
8235768
23144180
10759902
16674768
16370955
22360096
12780761
8070745
9100396
11251703
22670561
1349547
22127226
8313455
16995362
25592091
8397071
18228047
1675320
17117672
8933992
8104438
11696132
2272811
3912795
17953286
3581158
17219816
11885515
7598553
23695038
21284608
7725289
9646627
2082305
24500765
26707496
1831085
21284612
16248393
12716350
6141924
2347863
22842873
6391103
12811610
19415440
19802522
24718751
18219444
19415433
17475943
28527071
18545923
23695072
14984232
17508160
14628586
11903539
17636136
15750905
14722822
21938457
28161874
19415442
16707727
26017536
27861826
12100098
14964752
27092807
16817505
2451818
19228151
28392178
11107562
27926561
21533736
21533742
24781838
26017502
15167065
16526822
1855328
9018028
7647028
15799683
18027539
28058534
12780764
27155000
8682597
19220310
10816183
22616317
26749171
26645391
10188765
25531960
1736743
21962388
25835947
26370679
10302874
25996041
15280521
28158169
11416076
26634956
27861823
17463412
12043548
20238366
20298963
17327942
16647854
15164187
26456905
26130058
21834901
27210414
17438382
25913219
24459050
18545928
15209690
7620688
17888081
17054161
15689304
26244437
11135024
17495628
25434715
25600720
9286853
11273899
16898253
15674901
16613292
7721578
18811993
26368001
20618816
11478207
27707950
11279930
17508167
25619410
21533706
10849637
22288302
11531902
19415430
16551452
19069153
15172512
9498855
16343357
26122645
11676889
28527069
28007591
28527073
15549557
17310791
19716961
23293866
20660917
12904133
18460276
11530456
20464616
19236455
16282044
17355496
9251377
26543724
11898507
28808924
17868013
19126375
26917621
16407511
21412201
25061336
19245391
17078849
25083264
16362704
15461928
18042474
28544265
16866723
19810896
27395386
27537917
22644206
23129438
17323778
20865469
21103961
19735529
26367865
22644198
24990298
27288111
25398377
21183903
16034880
22547100
28369734
23446156
14516523
29457627
11852344
9523060
19614707
28220376
7737862
1655985
28879452
18823364
25931277
16832088
12386550
23695074
15262744
24068801
9403363
18691991
26017506
23695048
7914165
10815647
12603636
22883540
6115742
29255444
18081820
15354280
11417614
26482422
25112307
22644192
18209866
22512411
9795917
1947404
436208
24494792
14520163
19675829
37093
19686432
21249671
6548970
8852525
9990371
27492448
11577799
2567039
7669702
21054179
21410941
23937696
28936822
28769859
3927959
19300573
24717626
16034979
21521205
26195525
9463792
23651231
15814339
29671504
16034977
25197402
16437447
21086734
11383906
14605107
29127772
21249704
1282184
20091515
16034857
10908487
25036694
26180857
28779491
17083854
9608923
19858625
28718506
17943857
27542302
6684167
14583064
23358230
28379619
28770976
11440291
28421558
27681657
