26536015
16869750
24174371
21799874
23924390
25826475
25259869
15710328
26446840
22021214
19464300
19755709
24993883
27835612
24840388
25088196
27789576
18417249
22249020
19596797
19540230
22584907
24206842
23873940
28390157
23739834
19144821
18982058
26334100
25613364
27802184
18606851
28737753
20609497
16547152
28548369
27554376
29524605
27278018
25564649
27909076
23178938
20956943
22260678
18957242
19262173
25176655
21697900
25810455
28436416
19755710
23071155
25118939
28788063
24004954
22114353
20943948
22973180
29101015
20309963
19109420
24713806
29190677
28692057
22873355
18296648
26522724
28115390
