22202649
11491139
2614850
12416556
7732283
27624843
21012964
20582986
19302373
21971528
1745438
16766037
18672030
18799131
1116446
21127442
23395173
5098923
10799693
20005922
4967789
16708544
16521127
11121530
16216697
4305517
5496891
18809463
1634998
22174907
15906381
2969691
4992825
17296249
23267845
4328432
27314344
10398297
4332573
6060213
1509940
4315536
22930061
25534414
20308778
19446600
27181590
28645526
5005919
2567066
1781918
8773761
18412630
21311414
19948785
4616670
24374232
6441517
4369335
21953017
22316611
21636077
25124182
27713095
17207661
24568262
25438485
25247581
19909054
19605900
20399860
27785919
18172410
25552654
17581637
24525144
20411791
18508049
24117115
15950935
19245621
15050431
18614692
16352395
15105258
19686244
19559687
18780965
16963621
4218185
19231995
23627757
16176814
25434221
26216111
24091251
19124018
16818390
23770426
24938805
26732065
23813102
19387108
19657019
15862896
20685220
21749318
23347220
17029598
16180224
25428622
7811337
21916834
20846509
21793734
16169125
18612761
17103358
20162412
14656022
17706879
9379488
18559274
17359945
21516352
17067360
15864552
25760797
17645580
16723995
7246052
19103184
14716025
2278132
21906664
22342235
11882629
15010210
8289695
16340085
17429753
6040326
8819136
15325381
205082
10373116
15675797
4022355
2299843
4058462
19387107
563018
19803406
24126225
3604583
17299515
10736372
18565153
26414358
6479848
9530864
7610145
1212990
224150
7097300
11593105
6631890
7837784
17414671
6542959
10094140
11230315
18298733
415028
3959487
2512531
2314049
14574623
8561315
3044176
9210781
20702796
22706880
2421007
9931155
28516788
23755225
7824095
11392525
15389612
8561299
24980941
8561309
8958163
19598252
15229714
26311292
26373813
28575153
1126588
27206221
23745830
4997474
16843623
21130529
7215995
25448609
27809235
25945428
26688322
8508295
26975531
7215994
2230802
12948315
26745969
19098459
16804013
17124306
27473756
21756134
3040915
21889494
232540
28285155
1156471
25203090
16702324
24407112
27343935
27921254
19239416
17610395
25389957
26643597
27995639
27825512
18711131
3315143
7688921
19158432
27171180
22268717
18810449
9339216
26099945
25195718
54158
19455680
26404616
19486493
16291825
26152129
28837265
20079371
26828652
27566465
1684576
21473798
26873850
28000223
14769484
16839733
27866493
18207302
28129448
27136711
24890399
27911307
27556946
23924667
16914839
22967911
16313699
24079767
26694192
14988047
20946370
24122186
24192327
15661303
26073877
22224368
26349651
15994858
23213245
23853349
17131425
27959386
27322467
24871475
21998399
28534818
28440854
19828791
15909764
18486604
24727365
26190494
12972067
24844689
1902427
26401997
25270295
10875437
24038255
18323756
21902666
24628815
16435199
28237914
21979313
10386253
18593281
26411262
20600435
9465274
12628499
22403148
23957944
20534972
25734631
11978494
22771762
25911292
10526115
26851500
26339618
19595386
16917148
25711920
24291211
23129026
27590073
22122050
21292994
12361782
23609934
27580701
19966301
27998210
20395504
23384081
23642195
27172913
12686390
27260470
19699777
26362762
14675907
26161975
24938889
9390779
17555985
15270198
24338740
24913896
20685893
28849990
21664474
22332193
29122553
27911810
22734670
22362175
28628658
25440059
20955649
8212166
26021816
20728527
25022989
26581375
11880504
26457021
15003910
12532171
28408132
15702593
27714692
27561708
26885667
24440038
19609710
26159189
26314570
17063034
24958217
18205012
25903151
26728181
12392776
25238666
25830335
23454760
25646325
23699506
22615943
22114039
22784426
23855474
16326025
2826757
24905780
27133169
26499801
26041532
21912663
28683289
25865337
22924418
18086666
27902456
22190495
25418850
25655513
17316625
23459938
21376794
25305153
27163815
26961958
22952870
24316510
8569148
29154836
7886684
19870783
25014023
1775412
822371
7095652
24458150
23825921
1384747
28640632
19870127
19342494
17007836
18478178
26724580
27559704
9774358
17223273
1301762
2295321
26839705
19766893
15713348
2912754
23016131
2243537
28665968
29249964
26121952
29034829
6304510
27416155
6115112
29587458
9915901
19870228
9000708
20034403
11054813
7602575
15929825
24615439
2938399
1442168
681979
27639119
6695559
27762153
29068387
24505503
28486923
2830700
28068280
16580665
875462
2837540
17350098
20190967
28994349
29427613
24519931
26549575
21826472
15141890
19046976
20302640
28768369
23761140
6301673
7375183
27258251
26661224
12007586
24286859
