28670841
28122091
27395805
25791873
25245515
25156398
22417021
21500954
18487306
15114922
12574063
12534297
12414700
11513606
11089724
11087411
10653650
10545347
10359754
9860852
9846491
9238041
9304724
9288380
8569801
7612817
7528922
1372021
1996334
2349223
2375245
16594064
3375810
2948183
3010321
6333027
6324867
6197631
6291036
7061587
7167444
7251651
7459346
7448176
291895
422552
218577
279008
305445
578776
843364
1252234
1058468
168918
165509
4363939
4361865
4767315
4342024
4338553
4330577
4322299
4309534
16591744
4304428
5219813
16591012
16578523
27920202
26751605
25707316
25377627
20515114
17508832
16669377
16432189
16120676
16028727
15695625
14747323
12391227
12368466
12357577
11023907
9931260
9565642
9391034
9370239
8854304
11607580
7667280
7966341
8090733
8303272
8283041
8432982
1493342
2052549
2402499
3167037
3375235
2941079
4046902
2410926
6334313
6738702
16593467
6191201
6749868
6281271
7287691
6269591
7272436
6784172
6935669
7378080
6243951
315069
444454
284326
16592571
580767
274737
839011
174727
1124170
4371497
4361870
4361853
4588281
4565381
4338419
4337427
4331127
4343719
4332815
4327448
4908377
5435536
4300987
4292100
4292094
16578629
28857756
27854098
27071335
24886098
23231263
22528974
21218989
20462374
19405635
15751552
15663982
15516525
12869447
11606290
11248199
10889017
9806632
9669190
9252253
8986752
8769476
8643643
8728250
8622794
7578098
7495747
7885371
8034980
7515935
8471717
7679510
1329199
1961734
1656526
1920409
2153295
2799384
2536141
2639762
3210234
3120771
3297108
3528266
2936964
3839906
3921853
2999416
6529564
6518254
6509025
16593374
16593202
7063019
6280187
6281776
6272842
7306664
6945598
6893805
6894875
291959
221897
368234
273895
750550
191064
1249365
4365759
4833359
4354249
29090746
4337423
4333976
4331085
5263945
4319690
4301585
4291224
16591299
14290288
16578588
29170285
28434822
23722990
22152272
22048033
19247015
19181024
18484706
17228198
16272447
12905493
12648771
12459047
12439091
12324422
12100988
11857340
11739539
11359823
11050164
10655486
10465761
9448263
9151707
8942634
8760833
8854308
8639690
8785316
8908298
7537302
7708718
7711496
8110789
8105466
1661686
1654561
2160082
16594039
3006037
3978184
6533145
6593717
6712948
6688737
6303412
7126647
7076676
6804467
6800035
6895478
7284556
7430632
6967736
293666
659447
275845
629935
279285
198789
192294
1033765
1067596
175862
163646
4373724
4366812
4363055
4376824
4365369
4352068
4351059
4515622
4347702
4506073
4338594
4324203
5541516
4312749
19873648
4308000
4302193
4299265
16591546
4290902
4286759
16590989
16590551
16590409
16590365
16590268
16590075
22996571
