21104379
21079038
15974990
16118055
16596772
18482430
21752875
16989818
23151877
20798502
17553639
17110113
24931194
16570099
19237169
21220919
16810344
17126498
21458448
12834810
21099327
24984935
24768821
16204639
25908257
22421596
16596770
12927857
23108552
25187240
17653268
16026311
26768595
18778751
17356307
25801236
25550466
26408161
17099718
21564460
21110319
17909562
22262103
11106784
16477621
21673072
9751186
19347234
16462096
25504573
24836296
27349320
19226257
14966196
14640910
19939187
17233530
26343919
15219819
26819779
19326479
17828291
15159677
16443217
19328464
10807034
15927811
16596771
16527424
17065222
11164622
22791651
22841827
18537620
27818269
26433054
16813149
23199705
25704169
27069692
16596776
18004250
28826536
18979494
15778743
15749836
18426493
28826537
24148245
16596783
18092149
15885656
8832654
20621164
17556587
17245363
29105060
21778114
21341382
18566465
16611220
19356696
27245896
19175306
27086601
15886210
26243021
18991890
12849749
17408430
22093952
16506405
26408156
18546271
20607655
22552780
20583994
18500446
15157704
19647110
19647124
20929960
19075713
18040842
25169051
22294073
27062913
17027338
22110202
24125850
16571654
24856183
19306092
21365223
16271359
16380113
28161196
14508331
18426509
22820167
24972960
24036631
16506400
17489873
11427912
23139224
22772336
22064678
26343051
15157693
27984180
12871061
18584858
18266975
22983178
21450051
11106790
20532878
24076327
21964469
20660502
27163857
23515618
26515747
10080239
19538975
24492390
22509918
15115777
15753356
18469844
19547718
23078523
20814734
24858620
18792785
15698507
20668819
19539619
27835801
26991932
23261520
15669919
16318877
22534181
15721772
26968477
16451053
24089517
21215722
7708016
16392793
27367912
15338959
27285468
23647533
22454039
10461898
16540577
14749627
17583570
28088085
16596778
26621126
9486774
20108515
15472222
9597153
28315398
26487546
19647120
21595192
21251115
27538961
22508047
18473928
16596786
14654103
11911227
9774174
22568949
24445310
19043439
21658778
23747418
23123446
15134279
15908955
16953186
25072877
26703965
24091169
22634229
16150424
16775503
16415907
23209814
27006282
15550451
16446560
25245379
16644227
26467187
17931662
19616018
15749716
27734700
24460677
17220914
15380376
17707868
17895407
23722450
23131798
26772161
16947018
16190764
23108541
22537079
16098995
18804501
16337199
22300105
20228420
21631407
25545473
19887554
15266010
7556170
16960500
17276894
15252281
28826534
28901271
24977916
22738271
15550449
8440779
21457226
15277313
16599912
21173968
16436496
10527656
26669245
13680088
22842590
20554481
9714422
17157480
19248809
21492165
16712486
26340113
25641513
17942307
21185816
15613777
15670612
22331871
20039929
17988751
15082134
20617431
10462060
24946872
17018694
17015409
21881274
23471521
16420048
23504102
24148808
20153077
8626625
19634029
23738526
26663094
26438875
19195630
17484889
25760146
24642359
22830341
19145562
19278853
25956416
12052050
12097154
25575658
26824325
17210229
17328768
19359525
16279795
17922025
21244344
24603555
22940464
25935491
23085772
19399401
24255040
8819477
10688601
22954646
9933150
25916739
18657182
19047095
15316028
20602678
25937028
22916707
22448282
24853387
25106425
24469251
23592773
21610490
18037916
24175626
18483286
21104380
16506415
27641745
11060760
16796380
12960289
21074998
22528237
22921769
23865723
15489124
24461351
23603203
19237176
10469884
19022181
17298297
22689411
18649597
9630477
18814177
20028452
20041802
18614700
23219970
29308855
20368112
24053792
16025865
16995689
10482747
9416978
8515284
17906678
16129564
22302767
16924491
27245890
9610680
21447538
18985799
25556092
20880401
12956720
19319851
18308297
23630038
24005231
26698193
9580609
14566452
12037135
19115376
17105950
19147273
8814296
18225447
17561406
15896682
24130809
20505104
24854955
16279794
21554718
16316650
21290238
25820617
17965741
17428994
25644673
24766386
17719142
15803507
12052031
17074588
27326920
1491804
17651722
27861558
20307616
8255419
16596777
18781983
22033526
15548432
16266285
9336020
12052030
21689933
24021420
17585904
17561311
17915535
19014732
21298280
23951024
17890938
10426476
24365460
16472786
16893424
19079598
23174265
27600019
23389966
27890725
17556369
19886064
15085199
22014238
17270342
19862666
23620805
24206272
16407142
15613086
12527200
9264073
7651362
19273110
18249480
1504787
18806815
17194542
20204561
17712820
22723687
16463612
29059679
20117132
22024769
22897575
24399199
25446925
19496827
21907220
25179573
