8673307
18200360
17823705
17094525
12572334
15947358
14520105
14467612
10650503
14257951
10515548
23668941
9127658
12847799
9605370
23855093
8776190
14601284
7669318
15757044
22630110
12870600
27792099
10229602
19423295
25028406
27499512
9605653
19318301
10190356
24704093
24791814
10100445
23903264
13677285
10027367
26822902
7772353
12618698
22495507
12748561
22703795
7481964
10512268
11332062
12537616
8257466
22522372
15168871
7482276
27437615
10767791
17618889
9255641
9142576
28465381
15364768
12527616
21233743
3309226
11083694
25814025
18328721
11378598
16606435
15850682
23652173
11224782
24847093
22847101
7848997
20809886
17588767
10836087
22030868
11904659
14604310
13771108
15035768
15747510
11883389
1914060
11010784
18477921
25385807
10917950
1735273
7490652
15616907
12493076
3382289
10743424
16935173
11819001
2641208
2791567
10788989
19523789
7629617
18418569
2688477
11343179
10475417
12596621
8681106
10872139
25511955
23097202
11197827
8624204
8676314
15889560
20067636
26187187
12209274
7995862
16360500
11940751
10352438
9638454
11307911
22283793
1617993
15475772
26322449
19755399
20951445
19358194
19151293
25257506
22235071
8955473
1567001
16281742
1536420
23540667
18977055
9312505
23084723
21507618
12500525
2382943
8695139
1983539
26149559
22794514
21198514
15945326
12632365
12616209
10919425
19065292
18571024
28899526
10767932
8068586
21225794
15125292
16400793
25429439
16045139
26408101
11007080
15249457
1935054
9014550
16802498
9775572
9631806
1630976
26859284
1905117
1955844
2196315
9288378
12644430
9613270
1474628
11493204
16607452
18179000
11951454
18041425
10371323
8368059
1751337
16957909
11495880
19638110
2399778
11455734
10752811
18630767
11027057
17222333
10914529
27806150
22879001
25902720
24881020
7979138
2040838
24462330
18076720
18552680
11819002
2705077
2178569
19453312
20397602
26065554
9354514
21616233
1497270
11302618
23644937
15490797
18254368
12432805
17272446
26584021
10375946
27809826
10155489
25827920
10232724
19077622
23989194
21502466
25723692
18166747
16772055
1446467
16753972
27665246
23668299
25940662
21092785
23168551
22557751
23120668
25368833
4884175
5333597
22754442
19881192
1108705
26034707
19672192
25722549
29209509
22074571
23225990
24521394
26970139
28191160
23120172
10394424
28439444
20434113
27608941
7316854
7261640
21507058
12479188
15032497
12842535
25984300
15181419
28239571
19753195
12057086
3757526
17762793
19477700
28658904
24021772
604515
25093603
22953068
3996056
23905031
17767640
19561992
1122767
22658712
16548876
29497648
9230655
1096854
7244998
24963186
6486320
28990962
15053830
4605676
24665253
1934955
29671002
12238257
21901855
4424777
4044997
3719438
27939498
481250
17328826
9611360
3977466
28458949
27648270
24505573
4035545
9509104
27006957
2797921
18250977
29509524
29197888
23169095
10544682
18803629
29160128
9549843
26999700
15192300
12493055
16102221
26981266
15675994
3736294
1129662
17924902
16878108
25745598
26902954
9485252
21716570
2929312
10700800
12400746
15908068
12464855
29643913
27274132
1200268
21111606
26538951
8512285
16259671
9673636
7734163
20453256
28288027
18719063
28845372
24403620
8922774
28616866
27780578
11479872
7782687
502569
24690325
2405148
16491897
2319787
18604058
10680920
23851879
15316823
22626759
18291178
3686346
25674751
20156709
17651588
23855955
1880835
22315326
11906416
24158854
29194282
29347960
25757109
11224631
