29607374
8162990
827169
11440204
10218091
23731900
9129196
22548090
3289469
3329527
6602468
12463444
21556559
6762013
9888129
1481546
7941866
25112605
26236499
22372381
21629775
6895570
8293172
9575491
2735012
25626304
6605610
118300
5428836
7482224
17919809
18611572
16866993
65248
21206999
28299772
18964301
28646932
21320025
25139705
1943328
3833855
6364898
130792
17785201
322390
28797000
9741713
20224761
9771040
24202450
22577734
1259200
9850926
899975
28255703
22950030
70104
13825186
24864263
7787509
7834104
597265
6637662
21191351
25758113
29357803
7515168
12793188
22481438
8435218
12751892
4742513
13968616
28977704
1781154
7283528
4384119
21477856
307815
2368368
11046471
5003039
8456156
3394079
24597347
668340
15646495
6410999
1222318
13620850
10210954
1355344
1842712
2656815
2529720
6422096
517047
19870480
9191873
812276
6354690
12336587
24575381
26951102
12968402
18321344
16955682
415978
18970688
3146215
9082734
2887786
25880839
26464848
2781181
26527980
4552587
397900
133600
13779229
8761639
8268399
459790
8655285
6115777
15954468
21984960
6221406
27501936
17343805
8678797
2511708
714261
6890362
92355
3264942
8510465
25134357
20338787
6611467
2236554
3052839
1225510
9594358
7032076
20989806
19483567
4191498
23230453
23667830
21781859
8703719
7801201
1791890
3357458
8368155
9181853
19870985
12317325
29621966
11583285
2575055
27633388
16219088
24020739
13990263
2816568
2186746
109389
25994601
16154758
1773457
27501450
6461670
20536553
23304455
10634223
17120464
8993950
29063430
15275151
1781929
20016504
2417345
321157
23288506
6240875
16190562
11562829
8525744
18498061
26685314
16452786
11298101
4202663
23365592
5758672
25495037
16355356
15379038
1820375
9282584
8773424
8702226
5685319
4179750
13626103
11513852
3933886
14743711
10679412
1588741
1582117
2958263
3899185
24168415
3251897
3025568
10447731
1223336
5032783
19869180
9822254
9670666
12255149
8579440
6349514
1015350
5621345
6575601
16695138
11837205
5621347
13132945
560272
955194
5987218
2687939
19869337
10680085
3085918
12657429
16223949
18221172
17002923
25560794
22962524
22664073
4172545
16961503
24261978
21786619
6758428
16825864
12929154
3327513
970288
7336683
6178974
18274147
12702039
2440277
549266
26491648
11242858
16859662
12287842
182278
25776871
2534255
22460216
3075164
16078447
16283259
3487198
6820029
4752018
3217321
27565926
5544370
23162350
161700
7685214
10083537
5505081
5621343
14349277
6159200
155890
15462856
3043388
1482074
1257621
29118468
12956747
3124969
4448065
8413664
2961217
6410696
3325716
6482316
7443467
380241
399589
80409
18097448
2063572
1866980
2437775
3974917
7472306
15915172
15881168
12211750
25289808
3898295
6757110
231624
1078722
13587854
4036002
3534618
6232899
26344267
19120495
11292123
2756679
8509955
3891866
21509477
8225370
2136339
1084821
1916911
1779608
3263200
6130247
322037
12197837
20495938
15617854
14692341
25668891
21490803
161410
769431
22362358
15881954
8371646
27843208
24339826
20732643
8835634
1266774
350139
19871552
9411491
8049896
23838645
16097722
14599937
1821323
10745688
3873651
60051
21336758
8674667
6940707
6105480
7512900
19870368
6334296
1133802
6009378
6843444
12283429
6277198
22888040
19069110
1669282
21400939
670722
24498560
7689072
21518570
3053471
22993557
10374696
26168302
6217272
18341616
15659130
18881488
2650036
4112650
11447376
12288153
9441732
28008990
21158706
8038616
19072345
6433069
7040538
69372
22841985
15244164
8155273
529359
22244583
18597704
15566878
7516761
7940567
19486311
3322083
21499097
8601536
1791894
1716843
28464782
8803928
7939614
6519558
101178
28551360
18831305
12515284
2152697
3806966
7252178
5580216
22051388
21057585
18368554
16868553
11262898
11228012
3318220
229721
429490
12756523
9033367
25625408
20415848
9107390
6467941
8894414
9795831
59020
4549610
8958882
932751
6218966
635505
4154602
14315108
4141044
14101790
20681319
3744416
6157974
5869
19476189
2434989
22161752
1543648
3500814
1007745
8961802
3328154
6223485
24855491
6608183
23484076
7817093
16083312
28988508
23772227
29515571
25961056
9098412
3936675
9129691
28034349
19427886
12229613
4614937
24293116
16375698
10746483
8740124
8304585
10440407
29357802
15567090
16033289
28413045
