9522220
9337069
1957019
1360720
14584051
10053122
24597254
21729211
19923253
10399050
8623916
8923798
11294827
1190291
27036037
10931220
9421091
7329732
3827313
15734950
991253
8006141
21777513
21421661
22132142
21423607
7416516
8649827
9310950
11879576
20046869
17071638
23299406
17929278
7631734
7669546
22914315
1976674
12823709
1201605
12649204
14676194
10433927
16025585
8747398
8344385
14669280
24055196
7534124
9093184
15923364
6095435
7546251
23896717
20036708
25269615
6821801
9422547
827206
3864648
8888953
27581552
16728589
12044924
12493727
25810107
18703287
18568250
22321344
1953719
21617921
2917579
7927912
11585719
7796885
16505113
19414525
21131839
9553808
21267695
8979309
24992499
11514049
11531284
15165269
2467930
2301736
24040265
3770405
8505002
8958837
17592032
9421350
1843367
9250523
2659540
18298564
18778748
6500800
23467088
16718660
3187998
20844000
14973266
10542942
22682531
17272306
23050672
9313985
11216641
11006027
9697306
8368131
7825729
4029476
1361720
22406420
1326894
23607206
16923182
15455382
3603720
11732586
15867368
15907336
7435999
12771995
7139687
17259335
25410301
10329039
3041721
7672697
18502743
16515592
11207821
23913232
12470522
4372113
6392121
15525693
18154592
6696826
6182056
1607636
17392171
8546225
20797715
1443002
1946233
9361529
19778475
8336861
7967506
7525326
838624
11953818
24012099
23558054
6619537
922091
24704277
7645635
9365533
20576130
11775449
1913591
3434190
2374399
22016419
28940023
4765174
2844850
1710511
26837861
1727700
3880153
15955618
4057260
7108862
23571709
17418409
17212660
19245174
3903701
7626796
10819807
8050488
2914280
9428492
1939541
17380851
3319998
12015763
16287068
8175016
9570994
8069444
8824555
7557618
16267789
8321916
10692866
2350007
6263459
2486967
1688909
1157008
23245287
2452177
10782413
1522184
16009148
7790425
6578367
20652287
15467531
23509763
7691194
1547635
25601578
8062342
4037008
20652938
8137211
736210
22013555
21113097
1834265
7490708
12910520
26780294
18398687
7981905
19172191
24998925
8980241
19935705
2450877
6686613
6715398
14609432
26940129
14577832
6511162
545978
12365030
24103524
9633841
24100801
8039302
6299125
20234821
2454213
20873867
4052531
12865307
1727378
21831840
10614625
3507354
8112891
716908
2745666
16799655
6527570
7184893
1170753
20657552
26126051
10208979
22392500
1323525
1263180
9167042
11315947
18592785
21421660
8206065
11603218
21976534
18781954
20663928
15781627
5814722
3677104
3963091
3921255
17932352
7851630
20106641
9298699
14766256
19854497
12484428
167472
17369850
8339295
9761111
6186388
9344045
2024775
8476198
7626702
2068487
566690
27259716
12364570
7148261
14973065
9158001
1886107
966286
19087566
3414372
27684746
7701307
9053311
19382180
10472378
2313638
7543560
7539337
25971410
8649850
195239
28679689
6175417
9785138
10625568
16394028
27538791
971122
6167362
20880318
7684733
1712543
20535767
8902222
8168999
3933584
9194627
26792378
11775459
10713307
9767018
16217764
15240533
7460828
7842630
8817037
6117533
18331757
1140269
8828419
1356015
11906935
14577831
1693612
3896804
2402505
20155583
1374615
8385577
11522023
2305929
19946214
2582227
19208843
24200970
14997501
3002880
9134499
14656006
7545653
168520
15085747
4949847
7542622
10366461
25308020
7748077
1351045
6132489
25541635
17330942
2828427
8486429
26279473
9771466
1382650
9815989
7543733
20932561
16035613
10065424
8068536
8261450
11553324
10774109
667907
9666303
2973787
11688569
8886877
21682116
22551928
8726462
23180307
1126322
1168017
9406475
20634388
11895489
8835398
9679738
19297414
27255436
9829729
9891241
9150364
7507868
11493544
1056674
3416334
7534783
17585501
861330
15531728
8421712
10755521
27758876
1286974
7892186
8527506
8606487
11161867
7603040
1168590
10418858
491747
8133206
2393909
8218629
2189881
21421699
22322968
8463564
7842256
14522911
3182331
7604962
8524214
10595650
1873389
17326004
1988372
12552953
641487
10864785
8344742
12145292
19253934
17204479
7504697
11739100
26188694
12231537
6592584
11099474
24804968
8329457
8858967
12042643
12773443
12588646
1628109
12531733
20203128
7983028
3009140
7493922
8306348
21664364
16584087
10825432
11275981
21827672
16021676
4104488
18487498
17064757
15585554
10029442
26645720
22187524
10823141
23741457
28095368
452956
