28247353
16804010
28634270
22127246
23329998
20232319
14597410
12691677
23452120
26577380
15578090
22253772
14614776
23303905
16818602
24472470
22205679
28811217
26122100
19932015
12629053
12837235
29317646
19765181
25159055
18614009
26075247
26648529
16699810
18064665
23922277
27880908
21960527
29023009
20039368
20118923
16805130
27531949
18094147
16449193
18023213
23273859
28536315
23129614
14615053
16545076
20827399
15579648
25344672
18220864
19914232
19089364
28419002
20819939
17495111
18721801
18625314
25049085
20960513
21828092
23807783
22802591
19415780
16675596
19575422
27023048
14712064
15843801
24996178
28247342
19818710
22028872
28589555
28279710
23341978
21735106
24748180
24915299
24916349
22723079
16246502
11702945
27932789
25344673
27760421
18546201
15578085
20041822
26696218
19006180
22366456
22069237
22388356
20013826
18607783
17387336
21078671
16095933
28414312
24657962
22644378
12826599
28942144
17481607
28247348
25173388
23735050
26921790
24916688
25600643
26549106
23739133
22457179
20150836
18258721
21944471
20089845
26453493
11851363
24481445
17888423
16144866
19603004
26586200
23169615
21729867
17142885
20972391
21828093
8935927
18304031
24232182
25015639
17218401
24371814
12379804
28247343
18817477
19353523
22419647
28247347
11030621
21684246
15242761
16344104
23402377
28247358
12956031
24661187
15242769
14625543
10805959
26122099
14715915
12743106
27207468
24055173
28247352
20921089
26925979
21495871
19941455
26028225
19779115
24260586
18462272
18284377
25300792
17511561
27492168
12837243
11412043
28155153
25084050
26070773
15555667
14991773
11684706
15110761
12757751
17330116
26611864
23831688
26004541
20804582
25380573
12888016
16246158
17631448
25854633
20647425
21512720
26140708
19682990
14623929
23197695
16097502
26655331
10656756
11017170
21374762
28371268
21277299
17200204
8853466
15893971
20644208
19730985
26571813
11203698
20430024
17293855
17934336
20098319
21124733
27825153
11776472
19650689
24999032
23136394
28480592
8617206
11426462
24400481
29540680
27770546
23319422
21548710
18371413
25542334
22100594
27492176
19168704
19234370
21337346
26457071
22129481
15081424
23270632
27492171
22103498
21881307
20049743
15254585
28218909
27840022
17588936
19759338
25890097
19168212
23028045
24199455
28247354
19005220
17420291
18782004
19219213
26304725
16155438
17060497
20936706
20081844
22084027
21247245
19371636
23462992
14625546
11967271
26783424
26797283
28249356
25862500
20641126
27048232
14684707
24439806
26898441
19634996
22562803
19702867
21870504
27239425
22945933
21450908
17954612
11192254
25801824
22201867
21802724
20458740
25005473
16227601
18220913
21997891
10562287
27376575
17588754
22147605
23464362
10962000
25572293
23928822
26849298
25865621
15475006
18212116
18647602
25173161
20081841
19797316
12703978
22546853
24466085
27318155
21727135
20204618
22642997
24371329
12021255
25101758
19554048
16051152
24954910
24209627
20081842
28247345
21498568
23400434
22493066
10911979
28245809
22644669
14697336
16118057
20079729
21667167
22252735
18509381
19785007
23349935
17885448
11457764
20368965
11698183
19666532
18785178
18827026
8792022
19141389
24877152
22681392
16192302
15896320
17540178
24720912
23729446
28247355
23359523
9915526
20929665
26771351
16765663
23387296
19609936
20546239
10087257
12437931
25277766
16002622
8675005
20958320
15759015
11839787
22737183
25246128
21295688
15971941
17612520
28332979
16799780
12743331
26312504
23478022
12213718
18712509
18617684
24919035
11382193
16825428
25119651
17965049
12792651
18311712
24170326
22990676
15329339
24797481
10973997
22158056
22833472
23977197
24711502
25102299
25447026
24934406
23876311
27744317
15733662
16275752
27531569
9269902
27619557
29402858
19683075
20181939
22396316
12032703
18047832
16629051
27198673
15844099
20407365
16888281
11994315
21311568
15389530
25850375
26304770
23748608
21422169
18282570
11536430
27762447
21621070
11458510
21408080
25251895
11786812
15651353
28155812
23840772
15872085
22750505
22507443
16554047
28577277
28040084
25028653
22130833
18583932
25960061
16831885
24046443
23197410
26059377
17690295
22790207
21556048
28247360
11816274
22534744
19701682
26295702
24843168
23959991
28017795
26040897
18351585
28520806
25971915
27277683
16246946
20501694
28247350
11357198
21653693
17158915
23531345
18821573
19223868
10221450
12112422
26178374
28247349
23954785
23582758
25423891
24065826
17213898
28694257
20190374
16455057
21438665
15472231
18768931
27452471
26508819
19653317
27757223
26203859
