28462932
25832471
29610975
29419484
29374030
29341718
29191878
29186834
29115321
28953602
28945970
28870930
28835097
28733273
28450451
28435856
28254163
28217202
28203455
28188053
28110328
27827472
27794612
27555532
27531370
27349710
27182829
27118586
26976210
26727667
26725989
26672621
26608183
26459600
26430984
26338253
26253560
26222031
26160547
26058800
25983685
25959523
25944701
25768754
25741065
25736335
25529752
25494730
25493439
25483984
28730002
25272327
25166652
25008406
24991234
24950685
24597909
24581771
24428878
24333995
24053363
23899777
23824612
23083621
23720262
23609445
23518644
23474103
23337464
23305374
23215586
23215373
23005279
22838136
22820759
22765311
22722722
22686302
22617719
22526946
22505820
22446880
22278074
22209718
22197818
22033733
21866995
21797597
21683618
21371937
21289653
21130842
27368561
20924763
19905799
19792717
19749044
19568071
19480023
19414018
19407912
19392508
19392347
19113328
18999657
18851601
18764602
18518280
18281057
18233357
18233132
17995239
17938641
17930938
17930815
17904004
17899448
17678212
17523705
17501042
17457696
17400024
17359148
17358843
17349587
17325277
17314511
17185035
17155462
17092679
17055785
17025877
16870839
16803371
16763901
16553955
16442560
16433617
16384206
16362264
16298779
16268051
16267323
16160923
16105610
16012672
16012615
15993018
15904057
15903984
15878741
15759576
15741736
15664359
15601142
15575555
15547763
15534821
15525155
15525150
15327428
15248042
15213875
15108280
15089530
15001707
14995230
14762970
14747970
14680976
14576974
14522297
14509083
14509065
14506575
13130381
13130363
12958283
12848419
12838124
12754705
12682042
12671375
12408190
11844916
11814290
11722311
11690464
11676829
11486598
11406611
11400601
11326152
11289970
11288720
11225392
11150008
11115843
11061327
11061280
11032046
10992999
10973772
10947203
10931878
10861235
10836852
10820885
10812366
10713235
10694924
10692765
10657286
10650848
10596034
10570036
10494859
10381292
10355070
10347246
10207207
9870062
9779448
9770331
9689428
9446433
9341574
9083758
9088893
8832155
8737829
8695989
9054117
8558004
9051534
8737768
8544958
7716462
7605446
10142014
7766966
7723467
7919464
8008375
7995330
7533223
8145451
8378538
8415853
8475162
8425465
8390235
8284532
1518902
1818324
1742116
9906454
1960937
1948989
1741923
1942932
1666425
1857053
1857052
1756116
2037211
1929552
1807875
2266709
2357248
2484120
3416261
3129272
3133869
3402634
3208933
9942092
3602072
3600093
3587240
3581984
3602066
3575253
3473827
3825193
2953123
3023039
3765673
3912313
12267508
3897018
4012817
3993900
3915365
2986247
6513678
24257646
10266817
6745326
10266034
6697992
6661402
6611628
6406322
6863717
6407217
7121604
7134417
10256441
7080450
7076086
10254681
7095732
7117861
7084696
7043066
6271594
6812242
7295881
6111553
6162676
7297744
6782712
6974290
7372593
7363834
6775238
7367450
7364451
6779676
6107937
118048
111111
43010
522037
539204
735233
726815
693022
699882
648352
703384
416586
674239
590438
594207
414437
275956
332607
323126
330929
321727
849107
1007342
1008679
1008678
979041
11509
1269885
966565
981804
1062649
785831
1252111
1068041
1068039
175432
64072
1207462
818831
49041
235413
1229459
4430286
4479772
4155083
4418842
4843511
4825287
4817937
4534076
4459380
4216251
4592514
4151594
4543113
4542450
4517094
4723866
4751470
4726993
4126155
4716536
4751157
4744121
4736300
4725028
4281623
5082381
4404246
4556616
4504838
4558771
5018217
5058200
5027679
4655074
4635390
5120480
4325999
5153834
5545960
4949696
5531236
4990552
5274296
5351667
5396472
4916989
4916988
5750260
5758243
4301055
5708950
6076052
5596920
5614173
4970440
5986206
5888907
5844295
5844289
5869550
14296877
14220329
14034016
14034010
5896491
13821140
13757331
13606695
13609235
13583957
13547937
13427070
13424346
13413812
13356328
13348875
13300763
13270844
14365275
13161598
13187465
13177146
13149126
13139730
13040153
13138136
13049805
13043337
12988656
12976312
14778876
15432231
15431206
24537447
18150682
18904445
29469949
29613755
29598845
29537125
29331486
29330529
29312253
29155850
29029253
28947761
28927266
28889185
28670039
27803186
27679948
27571252
27116293
26960134
26871322
26866452
26787831
26773884
26620880
26368184
26281289
26242495
26233686
26048997
26013112
25978225
25963923
