19744278
16671260
870118
3587180
3559798
1084666
24992280
3959598
15974970
3282668
8992540
6647167
9924554
26966121
19930027
26459200
23286288
9446064
2122984
25037518
16344000
2263535
10962849
7218068
5100496
7867372
11565493
4195174
6210074
1281005
2276376
1724091
723777
7283201
10098251
6178507
1366068
18557136
9352962
5525110
913864
10341778
4085259
8327903
4121536
3981432
3301303
2109715
545870
2475668
9064958
18337759
4543123
7555855
1290291
2420079
11174912
5085230
26955880
5352532
3904881
2470546
5577347
9844841
6164919
5433756
1801297
1109541
1949502
3582393
26727299
15909859
817167
1251787
4101415
3301241
4919806
346518
12921106
9663319
5433755
4097537
1635894
27020671
9132336
7529434
6426796
8829125
2257714
6158269
5523885
21276587
17255819
3361821
5046818
5433754
599357
16755206
1369532
1688480
6356418
4153572
6735858
3294723
5015294
14562566
4098333
9480279
2095719
895608
2245899
11392955
1994455
10840661
4101688
3878194
15145821
2480709
1107399
15447
365208
7355758
10800879
7659711
6168125
5784027
6477313
2450337
5433753
7495219
6161824
1702527
5557464
4431383
6749351
4174540
5130915
7011556
4122095
2441385
8099573
1552108
8450806
1772318
2451238
61960
3604898
16038623
5778030
20670193
1114952
6828023
5193568
75616
7605538
11688063
26171561
21294075
7243680
3294724
8668970
3530478
90630
2862152
2585745
14270938
8685556
5107608
11105328
4149974
11928266
4403584
4136231
6996465
14520849
6023533
1321477
14265793
3889871
5212993
7015414
6033214
5809581
3749536
4397724
5101076
4120284
457369
468596
17195610
5620326
7037274
5536474
1225800
10874257
4104400
9229796
4393833
5512986
1091129
7004240
15529117
4103259
8734158
7825323
24721654
9359552
8501415
7313477
4123833
4129682
11913477
168989
4145983
29852
4179761
601909
4162494
2417568
5257724
4119922
16797868
4177454
9480278
20602558
1688481
3837250
2878351
1576042
8810800
4189137
6381932
10749361
87239
757730
5785028
8098085
14245506
12537989
27593579
6147081
8377346
5021269
14518352
1855450
7901986
18815938
3319159
4185719
5979386
12426715
1174178
5576010
4590953
10148398
4741883
4134646
18762931
5348323
12577839
5031735
4188966
8302137
5345937
2017999
1695357
8494319
7009005
9131075
1902755
2178658
17505408
19844103
4722180
14343695
4122261
17139288
23700303
4114356
5453005
1527940
2497313
9377921
1702528
5459517
447399
6103779
5791201
3353335
10969633
1522693
14728039
12783593
5793228
5623762
4128419
4138528
2473403
4400908
3953353
4162493
14676755
6986060
1801092
14239104
1688479
4591402
5358611
14310422
14260423
7284072
4541956
23299782
8144779
5547505
3523001
2437434
242208
1381765
9259173
26876124
9358503
4678071
8235000
79170
8205043
16265258
3799527
7835
7229395
4147612
6535163
5671699
4144417
4386418
2680278
1091431
1307899
4442799
10810782
14235896
13575968
15702706
4436563
4398246
4123381
4396132
4393952
5323242
8548108
9670191
1107844
17855
2353670
7307587
3053384
4175593
4711004
687728
5809257
11794197
1999298
4036815
23183106
23888997
5650465
4162519
11490410
7527342
15204232
6089463
17556202
11080132
5045595
5663201
5022910
3087324
17369941
20401299
17438155
6898192
5637546
14751203
7151696
1128769
5802431
22684092
17972373
7906171
15919069
5540281
4133713
4667015
9064954
4892942
7530660
4839249
595775
7526023
6102434
6883960
9121964
6813694
11233958
5141453
5961927
5301901
3948063
6219536
6185222
8039995
6099525
4780484
1146616
4103499
360017
6019692
2501683
6034952
40389
5367313
8709672
8641860
12420439
11432214
1718158
5317251
6579938
25956967
5805145
17508537
8958195
9679209
4402323
876943
22126214
1687739
8397314
2767123
6526442
4191499
4721366
5645715
3248107
4181637
5300343
2105050
18456194
3809620
5040658
1080002
485665
3325045
17659808
94390
3748923
456807
22871756
3353338
2660063
5275414
6544640
5682098
11220519
331400
4099247
1099889
5364670
2185327
2275884
2108031
2422613
6859408
2125837
5502181
18511348
14232738
4098327
25573427
1724273
19774220
2182990
5397149
4396403
23835337
2500783
1363579
14235879
5517661
5757183
6179058
4187804
5634719
6072959
25577497
4681868
14229460
8336838
3874374
15945479
