11468422
16497612
16727548
28573708
21570070
11332580
25040180
24868573
20055695
3838330
11058834
11101059
21856226
20683707
12174105
20947881
18294111
15801935
20980998
18028271
8261835
25566590
23724496
3545941
11365434
8690634
11511026
26515839
12847320
1633721
2069791
11318767
8792011
6569064
8764800
11365914
20729956
6614636
10513637
18771049
7622729
2985301
11365922
1160793
15848558
25827441
15377355
16678076
531563
19225400
29026287
29025276
12488264
18281585
28502925
11382623
21407074
10837965
25200570
11398334
27656743
19373030
15823183
12182970
23414298
22486947
10903485
3722553
1752075
9924327
19459522
11258691
23637544
15060509
10353302
22006202
16606757
12558470
28553037
6685886
7012998
14556870
14722370
11365353
1833834
26667113
16418770
22914640
6517776
22816729
16280696
26608617
15030341
23011175
9568453
1657842
16047460
7778529
15813831
10565120
18608400
10390394
2137367
11364004
18266402
11367502
22212562
1954638
6766731
11365875
2653044
808830
10903487
29314645
16522454
16574936
10723498
29649055
3661642
1021912
17598865
2572899
26656764
25402974
22521049
18982422
12877821
10689211
9207819
3630929
10592355
3286511
18576334
15523353
9041233
19474657
11709512
386061
7594331
7016930
23067317
29579856
17418554
2878598
19933907
12496743
11476685
2650539
29087796
1532336
3515919
28345136
22290594
8546997
24457345
22416857
17713162
16011671
23853552
18399714
9768650
12025527
29166795
18703367
16966349
14668578
11146898
9074846
21346512
20713475
20298653
18923701
16440578
18079650
1648958
22886960
8860064
7867872
7867871
3527011
3942051
4014043
2859782
949901
21302461
21407835
3535010
24718133
2231344
28029018
15045617
15023155
12410709
9834259
28265478
20158589
17460714
11758844
2877564
16701704
28439946
20512383
18298423
12728743
11404503
10464886
2686711
22888611
3638181
10713806
7447770
27298601
2680178
1248406
16702265
12480038
25888639
19825948
25923229
22320714
20974578
17910331
12693793
20064514
19019171
15654790
11197192
16727317
27432604
26272900
12182358
9463793
16911626
11242194
10408458
2690704
11345282
8515137
15322444
11365990
28120516
20131302
17634896
11397321
24532039
2120804
24988838
10740436
3184107
3534869
7347694
7425963
2818993
2096128
7017138
3532293
7407662
22919508
21644743
2898167
22268301
17515668
7825521
1390340
1565455
2574050
16725879
27741725
19862702
1704588
15612966
3236323
29370878
12924542
2942844
29368043
24379688
28485646
17497202
8193522
3532294
3989091
27988924
27966247
17289766
12685785
8907724
3180635
20920848
27027802
24154935
21707573
20974575
19602610
16912024
11596838
10100770
3508327
27709847
22390206
15298633
2877570
3613492
26249767
10655024
21718265
11907847
11053509
8851570
3555585
10768519
9920950
25881614
25674008
20167145
11035612
23642290
17616556
22192488
22484118
21172791
6564761
17150007
9292406
29104900
23145637
19591696
15989664
2717361
7155043
7026334
15031927
6745335
7372355
489772
1750722
4095606
6146821
7267673
12307845
3442529
22276982
20101676
11366469
7377745
8290432
6353430
9817271
25008546
26886622
26577683
23129490
14753248
9471024
19663129
16096179
12151965
9833847
24522170
19214120
14617231
12269647
11177331
9053511
18492754
15251750
14749046
8205868
8509578
24099474
10853971
26792812
16951643
11485128
11054340
22208675
21501875
26230333
25261424
23263559
12010890
16725536
26106468
19333167
15634273
11728688
8174569
28452095
24435322
20702745
20113765
16968715
15478526
25511685
22287854
21846985
21605175
20961629
19438416
11384568
9932994
9400977
8622101
2475708
3139379
23106412
11951094
11686355
9871860
8126974
1827007
25982299
25754162
24293106
22398060
12472549
11665889
3042354
27579050
23857562
17600370
16302325
11032403
10973613
10934092
8360131
3555063
318754
6462995
27269282
18549851
17044458
16995524
20492776
8671507
1972599
5312317
27667717
11257249
10404451
9663846
7060259
676537
28927227
23242222
20856594
8179230
1415366
1827006
3296296
1028635
27890699
17014635
10608477
2189618
1980171
3538564
3938114
2866134
21268536
7791517
2257964
6121744
9692646
7587034
2266196
2137976
6617065
3300988
18370472
9106891
29056570
6475042
7025175
108590
18607153
10994398
3733111
6990208
15246905
3739000
3540918
3535022
20386077
2743335
19951567
7598298
19918097
10804043
22155561
20603042
20585921
16306032
9787367
23502220
14635284
11730183
10577447
1888630
870022
