28485265
29032050
23391875
27519759
22846426
26387684
25556590
23622175
23761419
22173875
20584846
27277908
26211510
26247254
24899146
26743020
27657682
27176606
26505614
23864125
26611869
23470070
24488056
26687031
25639627
25872932
26948280
26070711
24993362
27686549
21294068
25598039
27117469
25754154
26790709
25459783
24339153
27490343
26498068
24192489
26781507
21229566
27509651
26000504
23371439
22745108
22177989
24356462
22431896
24525399
24446439
21895611
22605664
27135649
25790161
24222400
29417678
25112487
24764214
26620204
27256438
23354915
25111587
24591230
25027965
25255236
22903386
23696517
24843150
26493543
20972947
27124739
26080919
26507407
27981672
21793085
27192044
27328057
24571752
27283765
25555658
26725144
22234154
25708180
22573430
21415760
22333235
27779757
27793311
27167547
25754604
28981949
23765643
21923994
28056858
25843063
25004356
23080546
21576269
20506661
26248743
26938150
27150972
20457798
21305437
22274905
27025103
25370964
21210476
24893808
27027563
26941176
25005732
24046201
24191506
26518155
24657131
25543334
27343319
25004354
27550089
24549748
26815144
24731729
26538356
26771907
27363706
23893400
26748603
22570267
26286670
23077946
26938930
25836705
27760457
24799683
24091485
27739584
26817523
24616044
26498918
27750376
28079901
28544599
23949924
20979195
28328132
26375930
9047985
19911411
11885075
11028805
6210886
22585317
11494290
6225989
8737659
8164918
11113909
19565618
8090881
1398642
25909133
20216321
10546725
2414991
6232609
10342545
24147155
10030400
9476320
18467377
141213
7694460
22713804
10521842
25315809
7522195
14981710
18317998
157697
12576745
12628268
7521964
27403933
1387478
15539874
1829987
1837448
24501862
18925580
16582126
12798540
9367007
127146
11084963
9621511
19031473
18176905
22467171
10721180
10694684
19521928
11399881
22573401
2456565
9316131
15662691
12628267
10701850
18614442
8671238
28126630
20082470
16475225
22281937
15651208
11762654
1372459
9790380
23198897
2147361
10761455
16142826
2453867
19173242
19546758
15255041
7778044
2525109
4129972
11400940
19844942
16245371
7485339
10640878
1283415
11981910
9880209
2939722
9793984
6278485
11169365
162293
25175793
11755107
4257566
160518
26348180
20678767
6217310
19544290
9497154
2439909
1827583
8498311
6213065
4302761
168913
6454763
2533851
8454285
2579750
161560
6213324
15818051
25303161
1531850
18821712
26530119
3161327
24357398
17515296
26372104
17290444
2954893
20332643
1834860
8319061
10364671
2966025
26663048
9664602
16389038
24444556
18383462
7854567
19541861
25222592
16157145
9166154
10090489
9056563
19285649
22614037
1721713
12423486
21213493
1533021
16163740
12566776
10659916
1712100
2943045
23299662
10985971
12116301
9061764
2937030
10680333
19277983
2967887
12471051
16149258
27549925
1710067
20925129
27739366
25101914
8726874
7774742
11896942
10720877
19574080
12501073
21252489
19248005
7991511
12858299
23529082
16912493
28887622
11745833
19338027
26800685
8863700
23303556
17272206
21706514
20621985
7538782
10694683
23494847
10740200
8649704
27226231
20183867
21749752
1848713
29633889
444639
25009720
14558033
16531730
21539522
9668706
26309618
22702361
24156088
10521837
9556044
6500580
9259939
24296685
18033966
9867267
22495937
11494288
20878909
19921649
25053891
28859781
11444737
2112433
7977360
25298847
22277886
18838674
25654151
29417608
9649096
25138112
28604948
24478819
20641042
17640091
11424143
16981332
16915139
18253026
3281459
21699408
10780789
27474103
28876745
28565842
29125628
28391132
