29366404
22187494
23060214
10005517
27808138
22777869
15518046
10001236
8554759
23327539
26565582
23059466
27878648
22298987
27202258
22510637
9569699
27190321
28775713
23327540
19465703
19465706
15051097
15171080
19405937
15333926
26275560
19442921
10046106
15481339
10045955
26256148
9383044
29286546
16716245
11778933
26832651
22032527
6112200
29086687
28140509
27261904
26898738
19250497
25581015
23582499
23394454
22580494
20638027
18353958
26036242
28093997
26501751
25382179
19124331
26898745
12742572
22095502
26466651
25030019
23592118
21384921
16799150
23244679
18460332
21960862
28982324
25681079
22743538
20846912
24867361
24340232
19782736
22450978
19239182
15117458
28318263
28017150
26906578
25267962
22753347
21050837
20195269
28990553
25805467
20102391
8633543
28439747
27742008
27138526
27055935
14697742
11342773
19272104
27774901
25821854
24686270
20683351
18821855
17148478
14622378
8959325
29442519
29199449
28464451
28124594
28013546
26710853
25324426
23571342
11696276
8559027
29345085
27637450
22997121
9630006
10992268
23023739
29087395
28595530
28508642
22627584
19744996
16335744
15236458
12428735
27399936
27379447
27308014
26639519
23843187
23672407
19141319
16410309
26745205
25697741
22864745
22011987
20862601
22816119
11454171
28629067
27458841
27250331
21818810
20865724
11766049
10437970
9781761
14699885
25010163
22610031
10964923
26974872
28832144
27330557
25641493
25138256
21569752
19997958
12428736
28299621
27577719
25219483
25112676
24841253
22166686
21356140
19814747
16328857
22127106
28659871
28070483
27287092
26495887
25500098
21804422
20044001
11982387
24973685
27903456
24842606
21610069
21453245
16509862
10835078
29173183
28951346
27053375
19807172
17571100
28659865
29546192
27059614
15501934
25820793
23813619
21284005
27776133
24530033
21854392
17764490
16144289
28939957
25312335
24097384
22112406
20624465
16740653
27613254
26646160
26546661
12291531
26154005
25821252
18462009
16044546
28879203
25340598
17245222
11833303
28320712
23114757
28415402
12540503
3348804
25311614
15113371
26156905
29279979
21825190
19231864
16763969
10908975
25789483
24856316
23846364
17522330
20934362
28213314
22777785
22714204
9471679
23507277
20396383
29663007
23834284
21029547
15807572
26551051
23882013
29028728
15130268
28406015
26083622
24229386
23721697
21598333
21174451
28816860
24760310
28859616
18270870
27255710
15134741
11156379
9596219
27659796
24999601
24892949
23865561
17882263
15160603
28951935
23263800
16925515
11563050
25649464
25137441
24730300
19280719
26228450
28876012
28199086
23770681
19051018
16880400
2107990
29490383
27603125
26909178
26056405
25823416
21553168
21394066
19239148
14585392
11600293
27904383
27703690
29308438
26902487
26402569
26325242
27186143
24328163
24299042
23003324
22733723
23657960
20885191
11507223
7963588
28719771
26793497
26763153
24138134
23659551
20724346
20599590
29319710
27730811
25918789
25821859
12410595
11952219
9480883
25705433
24372280
23733582
23043668
20349146
20111017
12616491
9771941
28743392
28327126
28917842
27043303
25221844
23959318
22983720
20205605
16819917
9655527
9383787
27405887
26092423
23319455
21087022
20093960
16371632
27819347
29332236
29033913
28817112
27505146
25694199
24224535
22984919
21311347
20197055
20055463
19533512
19407132
18064309
16512244
16266990
15716562
15659377
15121170
29546198
26383823
26165243
23438745
22505126
19067009
16966378
28902119
28350899
26944918
23547139
23519736
23010148
22337313
20865738
10716555
29491451
28889027
28221911
26561721
25646452
23958439
23349659
22323401
21570764
16971599
14656475
10958795
29460928
28709820
26241242
24836073
22664970
21843263
21338685
19929801
15955660
15841197
12682051
11356848
10794967
1316944
25605987
25392612
23926810
21720034
20384774
15634280
14597622
10874041
28536161
26690586
25671438
25472440
23876500
22028772
21453246
20723039
19261107
10471900
7836927
29552408
25803178
21161457
19719772
19136652
17335981
17154401
16862043
16513371
16180124
9756772
24724507
22033366
17449789
17371721
29340323
27965000
26161543
23499310
19801316
17885190
29403441
26664263
25402604
23240995
23067572
28512923
28329350
27253832
25647652
21656360
20394312
29296751
28789914
27942843
26444034
27980963
25643134
25059188
24947644
23507285
21576825
21565260
21173238
20080990
19696153
17176072
29555438
29346444
26876005
26727015
23340565
19793197
19464074
19287096
16684919
29615431
27889161
27693984
27636895
27179586
26922181
23612354
21455313
21049060
15454858
11773638
26510540
