12655282
11590366
21738395
18334947
22815628
22605929
12764254
23559867
15316464
21738389
9233984
14735062
23077401
19633731
14737065
12789139
12942050
28761327
25352741
21655354
21245952
14735061
14627959
12789137
12813407
18552985
16710167
22605928
22393278
18334946
14735064
14685142
12592226
16110301
18648523
15682044
21386923
21750606
14627956
22773904
23559862
21321673
20808731
20352025
18483562
17110919
22736942
19052655
14551537
14551532
16288201
14627957
12847421
12655283
29296070
20664699
18618004
19936308
17392686
23687438
14685148
22259225
24019741
18246026
17167407
16710169
12091798
19626133
21850189
21686328
20664795
19452016
18483563
27441000
18079691
12802257
12692512
16735988
14502125
12764252
12867890
9238086
19597570
16636655
11740467
20806079
29296071
22355249
16446702
14551535
14551533
12724645
28275314
19844589
20090923
15303089
9383334
22065919
22219640
29463954
19936025
21245964
21139983
20596254
18246032
17893646
15988412
27563232
12107409
11715013
11262419
10869099
24068862
21197111
23441115
17653039
14551531
12963865
12942051
12847420
12819621
12724642
12655285
21203343
12847419
12724643
12910240
9636238
23378726
18385789
20577598
22509112
21403851
20808730
20011628
17679933
21386925
19325714
14551529
12963864
12592227
12567182
12533722
9285773
22355243
24991184
14566222
12835653
12724644
28484309
23378724
20664701
19727341
19727340
17893655
17167406
16636652
16402023
15257269
21283527
19936028
18618005
18431453
16179904
10958699
12949469
23170058
12552256
23378730
23077405
22065931
21179233
21139694
20596253
19753309
17960130
15723005
25558174
23687426
21738397
14685144
12847422
12677165
12552255
9873068
22219636
27168718
27122968
23441116
22355254
21321671
21245949
21139981
18682806
17653052
15257268
14551530
12949468
10329769
19597568
16885922
14685140
14627955
14551534
14551528
12724646
12724641
12802258
19112529
18806879
25352733
20806078
22690116
22312190
19112535
18618006
16357825
29463953
27217716
26900322
20700368
19223988
18199972
17213797
16379025
12097863
21031136
19112530
18334965
17356511
15723004
15682042
15547491
15496828
27186071
21552500
19390642
12764253
12740568
12629487
20300561
12813408
23882135
22355247
20806075
19936027
16541016
16357826
21976956
12891098
18199974
25253986
14502124
12740567
14685147
12707643
24319332
23734088
20664686
17982415
17653053
17200656
24791139
24146537
22605921
10706893
10385706
23378729
21224998
14685143
12942049
12655284
27667917
24791138
23805041
22690109
22275801
22025888
21245958
21179235
16710168
16280977
25593510
23170061
9873071
27667918
27563231
21976958
20596255
20405022
20029647
18958304
18618003
11483892
22773900
15928607
14685141
12876554
14685146
12789138
26120273
24453475
24453473
22876131
19936026
18334944
17960114
15889013
22876141
20844572
16446701
15735601
14685149
12813409
23922489
22665968
12632036
24068861
21617750
21541276
21042566
19145250
17679950
17679948
25883524
29422769
26392744
22509092
16604055
26604661
28050122
14654769
28848321
16735995
22509094
22128238
21850163
21042565
19784394
17893652
17392685
26539028
18334937
16862069
14627958
12592228
12707642
12533723
20431722
15162095
14735063
20680097
28761326
28744092
22550393
20664698
17563717
28356705
19096719
11344338
11134582
21552471
21139982
20454697
14685145
14551536
22162625
17438518
12500176
11889464
19907665
12835654
21031021
20057903
19710953
18483560
18246028
14737067
20011078
27011730
26019481
22219645
20606706
20577653
18334933
26283864
20019881
20011633
25540576
20700369
16636650
28356703
27293376
27122963
23592914
23112567
22876134
20508732
17982416
17102798
15851977
10756181
10329770
21139696
14685150
22539871
18385788
25878490
22701298
21403852
17893666
17213800
28356702
24940038
17563719
14566223
20806081
27168717
21431240
24544072
18544031
12952531
27514394
16682336
4544119
5492780
8573697
9077433
23990914
25251771
948873
27853007
9196730
10447644
18758488
12402035
18173420
9796410
26483639
22902419
8479380
26542625
1186902
28810713
19081043
12547682
29246314
15375698
9274775
10508621
26632127
677642
28187277
26865071
9461554
2344408
28367817
25551396
17575304
22704732
19355918
8739504
25576037
8443153
15558462
26407004
1616630
18768804
11449322
2423011
19925410
28859334
12205108
29121209
24465873
21858205
29541030
26399975
27712844
10762427
16582906
22743769
29436980
28281333
24009494
28418049
26483625
24040218
20852774
9728396
18160295
4277906
19662027
25193307
1455738
23629630
16168363
15342692
8711901
25038785
