27129530
1482171
11601700
10716563
16445760
8439157
22504820
12836921
21219764
19171265
19093268
19667380
15151244
25364927
18791029
15466521
8368859
16514149
11990041
28389543
17430956
24599893
17378710
22247147
11418887
23628613
19911921
11133446
16077098
15294773
15553634
19014550
9658010
8727881
23825666
23263668
19648372
19642919
17202278
11427601
15240309
23042180
20707723
17675428
20707735
23841528
12065541
17720827
17033035
8027356
18700032
11157227
25342111
25364926
16332872
15222544
12430694
12540181
16000803
17005751
19014275
24290686
18457891
21169442
21378045
16995514
11474034
11320113
22447604
20453120
16735745
23524352
17337550
18326199
20708964
18564909
16416906
25888172
20543041
11683362
9199440
12202573
18806006
12781006
18619843
15713604
28221969
26495863
16496574
15270495
18541169
15375038
20656873
10434977
16579754
22216988
23851083
26209664
24592357
16887224
19903398
26116683
21126366
24631633
26407886
18065622
16885290
20377950
15066813
23643121
17199514
24406014
17133807
22912449
25281379
17092523
12039754
21854875
15460335
19581477
24888445
17965207
18499533
17933929
14968966
21666015
13129943
26116668
28898264
15018101
17600490
17337561
15837390
19517724
18024685
25819074
17660431
22307309
24780323
19255187
24699233
12827280
16865904
15633673
12949110
21740710
20501037
21037293
15528669
23643132
22128349
18041962
17021104
24077713
23644892
23618998
25710164
17186661
15969324
23803569
17340887
18842152
24837381
16990178
22054186
16473049
15690823
21217050
22053817
17481754
17449681
26038903
27289158
15726974
18713061
14600237
27836852
20144225
16350271
20377949
21533114
26590280
26880300
23144137
25911485
16318652
20042087
22947469
16428730
12676677
28352251
9215449
27199957
29467736
29215770
23433376
29075236
15824987
27208112
29053419
23524614
18043660
