22500298
11006934
6878170
11148820
29564552
29500525
28589376
10501932
10501931
28835967
28828498
27671691
28983633
10591962
2646628
29302706
29027566
27730291
27146812
10663679
10591961
9244884
29368089
17684744
10591963
20844875
10091236
2023894
2594705
3550778
6483801
7208438
19305998
12089782
28084525
11006935
23835840
10321004
17605065
16865354
15490171
12739059
7111222
7050964
25394978
20419363
16773309
6504855
6647409
7145868
7111219
7232326
7454687
22315103
28097377
26489642
25394980
19756613
19633855
19575257
19529938
19219436
17186196
12722728
12185778
1454756
1508858
1620683
1792221
1946240
3562411
3809117
2999751
4048071
6504852
6199783
6647413
7454684
28631118
27757530
25394984
24196631
8710787
8121890
8469647
8469645
1454763
1454759
2678091
3405981
3279414
3628194
6664955
7329950
6170975
7019884
7232329
27766383
29556690
27826679
27028882
11006926
27681949
7005886
27638538
25193678
25059508
24196630
18820915
9432669
8992485
7971802
8451229
2330349
2330347
2662170
2922383
2466286
3628192
3306649
3809115
3534874
6647411
6302657
7156056
7111223
7301773
29349497
29318335
29043446
28074280
29368090
27271315
29027565
28213713
28091800
28983632
28795193
29644424
27485834
27271259
29043447
28993830
24196638
21805101
7971800
8516276
1603777
1603774
1603772
1946233
2541424
3211863
3136453
3362785
3279412
3615369
3295853
3774774
6483799
6878175
6348727
6262744
7010343
29500524
27041113
28828500
10663682
7019888
27515933
26502066
27796498
27553532
27103255
18270705
8415441
8516272
8469644
1876578
1652138
2315278
2717537
3303010
3588548
3774771
4088975
4070175
4011582
6441160
6483796
6664954
6844285
6760174
6283519
6256727
10478362
27837245
10501929
19415370
10663681
10412173
27271260
29516181
29313084
27473396
18820925
16838177
8367392
8367389
8469653
1409459
2798355
3362788
2823246
3628191
3303009
3774772
3737565
6384994
6326079
6878172
6287449
7208435
26518310
21465081
20960193
7329946
28224225
26483246
3615364
3714649
27837243
27076344
27837244
29063950
26483252
25777074
20714899
18841366
8685090
7824442
8390658
8451225
1946223
2771892
2922377
2537967
2463617
3405978
3422919
3422918
3562409
3016693
4070174
7156055
7088898
7208436
17530256
2057459
22293784
8121882
29508027
28597085
27757532
24196614
10663678
10663675
24196641
22033689
3303011
3714652
7019883
6548312
28432389
22801808
22399196
21847514
21818605
8121897
8415442
8451222
1603770
1570283
1678887
2023893
2290790
2330348
2717542
3628190
3588552
3534873
3737568
3012503
4088978
3983090
6384995
6664959
6878171
6256726
18762942
20967525
11092013
10663680
1876585
6483798
7036132
9244883
8685091
2057461
3306648
3952062
7145869
10591960
3606738
24196637
21528439
20838795
17551727
16544110
15824929
11572109
11402846
9157397
8415444
6333024
26483248
23797748
2023887
3050968
10663677
19756612
10663676
9648141
8197071
1570276
1792220
23636587
15375631
7741808
3295850
4088974
7005887
29098366
23934409
20717682
19730865
19565243
17279405
11490936
11402853
10091237
2374764
3588550
6504853
6384996
6701154
7465543
7454683
28842755
27730293
26676403
26483247
23389826
21918822
21449089
19960298
10591959
8121900
8121899
3615365
6504857
6701156
6341981
6897573
7145861
7111218
7454688
29046947
23052345
20652267
18854997
12961021
8121889
8415440
8451233
1792215
1665233
2204909
2197618
2139509
2512570
2717541
2922374
2646629
3174598
3027685
3885208
6084245
6435115
6125937
7201138
18283463
11006927
7971801
3485280
11490937
11490945
1835008
2740287
3714654
7454682
28175942
27647254
27106913
25230808
24196646
22527028
21922252
20703480
19039619
11490946
1946227
2263569
2197614
3062614
3737567
3754966
3906623
4048077
6522352
6504856
6889291
7255354
7465546
27613299
24196645
22033688
21915658
20552201
19221756
9885011
8927590
7971792
8153082
2057460
2646631
3347600
4070176
6856577
6190157
7232331
7232327
16145734
11974499
8992484
2687841
6718320
7465547
22585318
19415369
18210107
10501924
1620675
1946238
2654914
3628193
3588547
3952067
6483800
6364126
6341980
6981110
7232332
29387917
29018918
28939918
26307157
22968734
16838176
11092007
8927598
8383846
1719518
2057464
2057462
1691848
2564198
3145496
2457213
3347602
3321027
2444966
3016695
3892524
6856579
28842776
25091601
19820937
9885010
9244882
