25058955
27276817
4580225
18058669
18629761
12073193
1720972
6325311
15503266
21051468
10630851
24650747
3605510
19471180
6490998
22407068
26771575
15840096
10855314
7400562
8239431
17467354
6630952
21124144
7218383
25257490
5404888
21463730
25241464
21507699
11268673
24279022
20012069
28057323
15509932
1720968
7956516
16974215
10447174
6630958
18561267
16527381
24295577
21572379
10048533
22173643
7140066
15321773
29390590
9394964
8375757
18846572
1716124
24266068
17466610
6997143
24310233
2582885
25637729
19951563
2312621
15925339
24266067
16509286
6368083
16896671
8063932
19777378
3402839
19068592
26751754
7343421
27363840
26540968
20513579
16474298
11981187
16281585
16575643
24209927
10890095
4029770
17478257
23618457
23836382
1572926
19844669
1871231
9253212
6630927
1156162
7322522
19717937
7343438
1707204
17418673
10433447
18300973
19617018
26650108
11418919
16792755
17497605
23714809
8572530
743833
2181573
16248139
25893633
10971345
19116560
7465670
24777661
11818839
12653752
25422867
9801235
18571754
28724039
1725707
7419883
1725708
7138255
10385823
1698091
19091736
8461915
921656
26015624
29292643
10876259
7456649
1725706
16568507
21856185
28058381
20224338
24684029
16882772
22395045
20970681
29032911
26404796
23702366
9859724
24068980
9708377
15828476
550627
846018
1725709
1380267
16263981
7855507
9291859
23913368
19431980
28234846
1725710
23730230
17996505
1430956
18855073
28501462
1664591
11147204
28352604
24135641
23903087
16359762
21712738
29377050
29537712
10434529
11340939
25164352
29239339
28509696
26986989
29609971
20065768
16924851
24426910
25762893
7365852
1430934
29169658
20187458
24306700
18798588
16388453
27810154
11884116
16568512
11245758
28194348
24845736
20869342
15900144
25322727
21447531
7924669
25101126
2145996
26603510
23174068
26238608
11329896
28598001
25746146
15070865
18780004
21983648
29292644
12975757
26469916
16361919
8572515
16469127
26296213
28121877
26913519
26542090
17370786
24788568
