26783349
19558697
16139561
15788920
15018850
12202546
10753726
8207824
8380079
2183042
6337259
28876304
26462184
20034128
19809385
18627661
18021221
17672042
16254546
15836516
15105540
11095833
10546705
9337348
8199580
1688711
28644153
27389384
20086109
16214929
15478060
12935387
12738644
9291307
7811856
7510082
7687802
2443482
3295877
29664764
28879068
23664991
21772042
21553660
19008776
18798835
18378945
15543579
15254442
12009206
11892879
11487392
8827359
7797899
7530391
7803661
1741556
2644241
3536865
