27144543
16373830
14723845
18188953
16973823
15362510
28522755
26201354
24021649
28432113
22573370
19967451
19055419
20452317
25810687
17715239
22220747
18600479
17526595
21245938
19443707
18693253
16339081
12402046
22718904
18644783
23326349
21087392
21543326
18506587
15850571
28561262
20493838
20472646
20152179
17729300
11489257
21828051
18765929
18479336
17322896
22362893
21881602
19948826
17369840
21282576
20202977
25846846
24323355
23215980
17936099
17509843
26139464
27091985
24569987
21567452
18364591
18258847
28194875
28720653
26810221
29407529
26789548
24589453
23082937
21555370
27270311
16938854
28404532
27809664
24986280
21961046
27603788
27089026
26355032
24121277
24025407
23276415
25416826
