11702217
12810839
25169437
23248644
22873774
17214963
25062064
28536638
24840500
11776382
27826008
17823974
12714611
26029710
24152371
17845218
15889270
18850323
15723264
23625951
21979437
15900406
19784827
26942607
24137173
12901863
23269929
11880368
22811557
15760889
29662086
19341707
17309461
17942075
23674961
16127278
25893161
21281810
25643440
27758107
24479134
16835894
29385210
21318057
21435020
18253096
22469843
21603348
15894595
29501384
22056557
12673275
23041262
16086762
24994603
15645653
24277820
24586646
19054062
16604369
16374464
27994049
16135817
16297187
26356190
28912966
17053732
21397982
19339160
15184964
17045963
20075945
16392638
15888484
22686203
19133228
28416300
24330694
23483032
20463007
26375467
22846719
28111129
28486967
24670382
20596085
16183260
15086542
18469514
16997394
12176944
21039331
20185580
15727254
27668282
11439001
15382558
24198824
22209248
28592560
21725681
11692167
20034067
11536079
29203039
17360558
23807484
25615550
25758222
21935449
12930400
23935882
17273159
28186352
18791038
15459974
12850230
21831958
20032990
12271376
16854481
18201967
21967058
21304270
19929409
18049453
25894689
29333226
25607347
24352041
18347285
25064003
12928920
28652107
22763786
21597330
18157818
17724214
17979973
17617515
24969777
27625925
23761807
21852556
24008425
23251082
20090764
18800149
24732453
23675997
22229486
28891970
18936737
16086317
25735631
19284998
22897576
14631379
20018285
23485117
17299431
23702584
20226001
17251343
15837081
16704654
15752294
28658601
25383264
19122649
18405356
17880583
24675664
26199043
20177653
26084751
20491760
27834168
27617603
17493076
20459793
19904211
16543900
20358627
21671388
26564082
16410789
27721021
27927085
23415960
19116367
21813308
20443931
28696355
24387186
11474653
10954200
10835643
28585220
22716256
21179111
18305351
18029147
26428001
25264593
27066968
16763870
11493310
28102862
21137008
29552442
21435181
18685618
18440309
23746223
23408347
18191640
23978319
12432991
26982014
26545497
12414644
22421595
25640304
25265166
19298904
15604549
15098239
22261738
25480693
25707061
11058917
21371928
25367056
11179012
25518395
11950908
23576164
23572048
22707774
19891925
21531766
16778810
25184925
24278718
15970621
27133371
15996518
26820484
23644099
24749718
19075072
23014343
23046745
23802012
23122642
19050808
15367534
15235502
24907773
23480753
11139250
21748403
18359711
11483364
27287205
18695775
27623860
21167005
12445816
22693078
21210805
11427982
27896127
26361562
23577018
20858202
20541540
19519828
19059376
16261549
14660276
10835642
20031637
19575173
17574281
16006996
15501592
23512405
21740521
15499194
14764080
12384774
18081246
19726431
14568249
12600949
21152861
16384891
28701330
23556449
21103974
17693525
27622520
23462326
20855565
20127029
19429473
28383515
17384004
16705021
16571645
29480367
28882457
24800819
22294766
17726699
16361082
27053522
21964806
19823106
18220559
15352031
24378326
23758476
20645920
18513494
17110937
15825558
27922550
19483196
17134037
16357150
29643466
24775865
20038957
18094410
29587736
24954502
28611294
24022013
16926270
16133423
14694786
27422265
23637818
14679303
12069597
26285774
26239260
25392903
11451172
20301292
27021587
23968982
18070364
18691054
29036915
26459268
27347605
25947343
29588463
29222397
