132990
4264782
1715489
9406168
6152298
12890171
25858069
4234069
2946823
19875726
22183794
27444302
8177235
146398
136528
26733397
26196155
26647106
1658343
24247421
2946237
2975711
8287442
16010029
24327768
11250803
20461801
18487434
8762044
16703218
2975460
6223618
11173553
17303941
18353357
2856776
10720418
19574548
8037737
7931464
17184580
2533529
18852252
27180786
28214892
9733756
24798235
3160864
4242254
2522266
2149703
19397913
8439768
2868582
227473
2947755
16971981
23658656
12709511
8896075
9845472
17105844
2952767
2950321
24403064
2956729
8540395
20351560
1533690
2524289
17886604
9576430
17250813
9405163
27804274
2949630
1309445
6221708
6452943
15581801
12771265
2414574
20051248
6230172
2465438
1834855
2947738
6209477
15563542
22705768
3030549
16523430
2147129
127354
24655499
25795513
6450650
1833367
26549004
1825154
22593200
7523791
2471887
9556537
2959803
8609357
147077
26036798
2938844
1832104
17336164
6242562
23466553
2960623
4283439
26707720
8086330
7834942
9915270
10897487
15458692
8474971
26993225
8144208
26747780
19667039
10779052
9083287
15228082
23220333
125212
1825451
1841775
6298102
16823245
22990325
18762556
6194336
128081
24052631
2959229
19345230
12438668
9575940
28629760
6219332
2526646
27581040
16166802
22666520
16504054
12579541
18451341
23709660
24013683
16049071
11581146
2424836
15176962
9688434
1830251
2470528
7528303
21340225
9389201
11431604
1829849
4233117
23393175
22040842
22245987
17617759
27572719
16216989
7944530
9737938
18032546
2324337
15975567
2151581
6238564
153806
23846012
2962328
12054854
22089249
17173253
19197333
21739365
22941497
7512640
23036229
16820630
22484413
6221169
12555152
8357328
11270958
16849902
10435057
8370359
140673
8384939
12555158
2152634
23022308
3324528
15297785
12966077
9587240
15493603
21626453
10052066
23134235
2970599
23914011
9539866
27658164
7742262
20658356
17397244
24619898
18726675
10877102
7490157
20466688
20353588
1532694
19537590
20719880
2521366
10652197
22513953
26014705
8402751
19337863
21525989
17557749
8717433
17684964
7484888
14587651
26759218
15657223
17639721
4018704
21422805
29063904
9453517
8254177
14502298
15242976
17983166
26030798
18466775
14607443
138667
11150394
2843018
21068519
9527279
10428792
8313431
26519687
16394271
19423110
26333366
14660611
26853223
23485062
17350221
22292457
24553637
22839665
14988740
25034572
17635914
9420661
1338376
8805004
14666271
19134271
7585831
16490628
1826995
7731052
19082422
9607261
9340698
9591766
2864992
23019294
10602537
21418863
18674539
12787423
8772694
22854270
27422986
19568876
15543939
10666096
2417743
17712536
6088830
11565324
10403750
27665951
20889581
2054929
25393239
29468071
26102932
15543936
21347754
29278547
9344768
1196129
8177234
26798165
12754995
19501617
25548289
4049432
28860122
16269041
7803511
22566158
25447406
15736582
17507360
24595856
16963613
29424570
2585830
2661944
16926784
18065526
8340154
27134829
29363058
17100396
1704339
21265126
15925749
7144140
2210153
16355617
22043204
6235915
28782583
21235883
25846342
26285746
7832830
1245544
28017777
28736560
1129711
20512997
2446242
16595628
21173356
1409475
17638011
27048381
25691541
23541575
11343413
8427473
3524254
10746023
26982616
9820056
23960587
29574794
7494559
21825304
12647785
25971123
26714905
1661095
17986844
15365919
7781009
15637897
15893763
12878322
21510957
9139952
7571074
2343288
7188961
23962825
26406887
12200906
22664106
3799693
19606247
9100042
1835908
26541756
29429571
9389792
8978322
16912829
24866689
10390801
20626224
3768800
9869009
132078
26840416
11557574
10562627
11300427
12514281
23251674
22093963
20874683
24100218
19755147
26656175
12955994
26610560
6874510
27172386
29307859
7630430
23762958
8951560
