18336692
24628439
16293164
21487318
12800800
24170618
19266749
24170639
26465658
21129077
21054631
12224196
16176200
18240838
19900195
27510347
24354543
17687821
9794859
12224199
12040588
16827836
23507914
24575607
16115115
19893845
9830178
23758279
24191084
20409260
27126225
22085983
27479873
15960852
12850874
23600375
17693668
27658765
20858245
17428318
28617196
24867560
16176198
17686093
8686711
24194798
23190131
27766581
11427246
22759239
24351495
21953407
19545446
20048271
9624971
19883343
26387971
16582701
18026029
22951087
27112344
9694180
27771002
18219539
25673578
27823696
10776259
21348569
23663461
27125528
20055966
10632281
26178417
16313532
24585305
11898315
28162784
25736716
22364067
25551130
24651684
25370321
26636237
19597168
26281408
17872612
21899642
12909805
19125897
25194246
15632810
25280138
27193136
15286251
19242279
22336922
17480239
26582728
23928837
20492731
20550650
22564100
27077334
23651614
18364754
24612701
28393341
22027305
28770542
24918800
12448803
21401764
22023232
11909620
26032852
18609249
26125579
12804458
29024553
27087293
24246354
18331115
24170568
20598768
19064664
19082199
20479952
28772017
28041817
22437217
27052977
25629547
27755051
14760042
24528528
21834976
24840003
22491398
19726260
19344195
22971356
10522120
23418264
16987123
10372250
26972954
26309341
24295397
26747032
23910151
25239726
21111392
23317539
12135824
20459820
27855101
18697975
23145922
28763451
22677241
18842969
19656372
22357072
21129180
24218347
26292703
29241888
15144909
26242644
22559322
11880932
11360698
23635809
19154240
11703549
16640135
23341675
20084363
27435945
26209872
24828621
21323808
24690402
17261860
23770110
8343736
22906179
11532237
16236661
19858812
19534578
25899758
25562774
24998671
23597082
15154946
25687344
20687956
27430216
28301358
25886864
27703537
26203234
29062395
29305048
27532873
28694704
25234112
27004085
29051912
18573221
28981991
25499872
21464769
21357181
27472244
18208957
20008582
29280361
27820150
16268752
29476414
25077122
25964682
21186002
26618035
27606392
25136401
28939342
21883406
23572196
25210722
15672776
27820552
27819974
17598895
26159741
19641270
19885171
12607630
26213584
27652078
29090150
29120011
25077119
29170284
27887032
21057395
24601953
23575168
10658428
23010918
28122755
7663212
21617090
25981178
24491310
28426572
28759685
28057024
27919865
24396559
23908896
16352172
28155141
28409087
23074521
18462572
26770727
22014211
25933726
26656984
28535926
25517074
27098820
29561340
27820529
