26593073
16540513
26092405
16973816
9707322
23895934
15140416
27748998
24591256
21385574
24142516
22615846
22125178
20727874
19005920
27720610
26984772
17560563
24274029
9486531
19403656
8845174
17114281
11051141
18367557
22876201
24157522
4979477
12169568
25482312
20048339
12361974
11512636
17881491
16439576
19262292
18952755
21750028
21515253
19842186
8405671
4416418
9505285
12890942
9477330
18231602
16428272
25068457
9006067
6324230
10821767
23023706
2252578
25581492
12704694
21513708
18850375
18922767
18297731
28336813
24053134
24078914
26121126
11104785
6396310
9639360
25448080
28923684
11502094
9088920
12653247
12808645
19073251
19597127
27466206
26320158
9334356
10822266
23341776
8765416
18599506
24130328
19618463
16937369
24887070
19626416
15136151
20622121
16830225
11290504
14500699
6085196
21129374
9853917
6504500
12950082
22844507
12187643
9062370
23812632
23195429
11877460
8224541
15331410
27150575
9400680
25796078
17515830
15117738
11943666
9728049
10679926
4351446
582445
26863115
20682360
9636077
18990706
24418654
28811219
10383344
28501478
14635803
8814395
18321928
7493022
24375798
27614961
11784039
26358219
9376650
25091710
10362728
25921351
12663324
11839529
16989802
18533146
15206958
14977416
14516701
29122839
23523683
11004252
19213777
21704027
27578795
22411549
27320915
23873040
22975322
9428423
3493183
21798671
8674415
19701459
20301217
12941618
10384062
12112468
19938964
17164424
8901198
12922982
1377452
2100256
11493531
16113801
8408200
12781692
10446271
10411502
1916010
1183722
12505043
11477730
10444535
23696835
7925005
7583005
26632490
3582285
25354449
11287183
27583804
10512724
15817462
27833996
7671819
9160839
10970822
1292752
10862743
15201225
21633173
9768363
18365875
11076673
18955379
11404082
1315677
26170292
24225400
2015789
14517104
2271188
8380744
11151332
8306895
8674409
1945269
17142311
27141870
9651182
22949635
1575327
15709049
22033268
5501462
28886383
10330503
5501463
12625629
23884445
16299054
4463215
10079230
15973734
11025226
7873786
11783989
15117820
17634193
9731532
19465597
25978641
10559476
10725232
11809759
9740653
2602227
29291971
11472847
16738204
4374920
8177746
9728058
3246220
27439438
12588840
11290296
3543971
10572052
17515838
17292825
12024028
9729726
18562929
25713296
4836189
21167960
23824575
1003561
10457010
16738202
15576401
8703472
28576978
10993957
9761751
21708336
16877343
16719767
11117279
23193168
20533280
27555112
16427097
10572050
8983079
8922523
24488106
11291707
15591414
16517240
1245257
25105578
25122876
25637607
12114210
10401665
14645847
9731531
9598358
22205279
11472850
20821230
19299468
19272528
9119112
18342301
19329555
22850886
11061429
28118065
16971352
21337733
12878158
8660897
14517255
11238884
24675886
27524796
17215738
27560710
7806579
7521281
26559461
21084843
10669837
24622514
3061586
28214893
12065322
20672701
23184988
18979542
21543441
22412381
21070599
8591998
18593909
15156402
20676040
25432175
18033675
8983076
24019406
28827394
28751573
26918352
8743556
8027179
22537242
28188999
16308329
17261592
15083359
20530548
10221153
1708947
18236067
19411308
19056872
18228256
21601656
25830830
8901056
19347952
10898225
26995337
21304979
20696752
10357945
7689222
26971877
12619136
17559143
18236164
2891502
21479192
17384082
15240557
19715689
4018403
12456356
20452118
27326934
10840592
20594151
20699369
16355925
9693150
18579677
10631169
27391801
26638186
15939373
23728425
25827580
10473130
1295727
23924232
2663575
24353064
8674414
17541031
19208839
27411634
9786418
7916676
12711542
17085519
8876829
6369788
9217007
1132776
19688273
16674103
23922708
14766383
17237346
27599480
16091779
15162513
22018034
11731698
1443666
11807667
10756828
25168025
12500195
21926085
9689088
14531791
19115389
9779291
2007257
19383404
24644090
7977764
9716519
35025
21806977
26327620
7671806
17634549
16552762
8929865
4043007
12386936
12950080
11118899
18553509
14633289
11677049
9507058
9337134
8901048
8575258
2379136
27245367
22095070
28542402
20501643
27783451
3578078
19383317
24481949
9373944
23967208
11003835
22214595
26320155
9088923
20551596
20503382
19270647
16492977
23667589
10835329
11684667
10448712
28387977
15042703
2165791
11241194
17438107
12818006
23139760
20382748
20648664
19439715
9160838
25460003
15922675
6040552
7906010
17929994
10706140
6370120
29039454
28379718
20882678
12163453
10099950
22551886
22180870
19574535
8417759
