9843893
10377335
11853880
27610743
24144034
8724532
10210775
7845624
11777983
21478032
16464907
16600417
1596939
1913843
26499872
25269712
2113431
12119524
15358232
11401420
9879407
9212745
14501948
7756650
15581736
20973681
9862349
9329125
8811559
12388119
9135576
18983746
10806666
21192292
21191629
15026315
8227350
2051017
12916731
22425604
1601643
22422499
15464233
1657127
2226778
1577464
8404330
2001421
10456898
11775897
9198002
2294996
11416016
9681393
11583971
1317386
22554223
21178846
15474068
2335239
7973144
21435392
2067355
10089067
8682145
10379905
9398739
18401835
18380583
1873355
10389759
9695734
23643167
1535780
1402392
9195128
2006523
1327800
11728452
1730485
11781184
8968107
8550808
21147639
9766634
18421458
1328056
19095864
7925848
11877201
11243098
14615734
8386026
11303145
15294041
18834949
16734992
14532168
17204394
2197879
10224608
24120697
8063468
22055894
8125720
8062279
8231032
8760143
17947654
2104224
16785562
15760380
9201097
21880241
22406975
27686402
11034092
16228299
17121039
8457631
17716906
11681809
21967195
21388428
8108469
9310806
14984724
21626471
12591236
23299191
24507646
9350293
1992817
8189655
19587788
11918227
19745053
8034659
18451609
10722865
28846666
17352242
15314695
15381186
21600698
7776086
9917862
21367455
22164804
25226443
19501973
2584706
11045959
12902466
11549342
2121824
1611993
8784407
18173203
19076162
9575340
25760299
23413628
9728802
7649114
8214006
8433563
2358016
9108756
17390058
26935770
8187811
1644898
7920309
24037056
11820362
16004777
21811758
11216650
8469751
10833370
7526821
7800989
24299316
24297684
14607690
12471139
9417811
12857678
15219461
16844318
9212744
9637162
1714833
8991542
8047839
22351116
24120940
8432472
18976114
16380619
10707256
15579764
7590877
22019000
8880636
9917534
26003652
10653854
17236833
8399854
11955956
1319763
16511915
15733973
23141988
7519403
17990210
1964588
8542108
7599837
8792800
1517582
16384608
9631748
2242500
2024703
8402460
21149504
8746487
20869898
10708808
12077736
8078736
8551238
19706021
28288677
15845563
8751470
15375575
22157665
8156054
23528820
20056085
8835355
14609022
8712509
1450672
22092703
8083606
8726409
18679050
20495833
10499730
17708744
9353425
25484067
18524936
9089573
12828558
9300553
19420846
1655776
12242080
1918983
9503447
2103335
18176176
1707469
20732383
7566439
8747107
2584928
19357252
9110147
9655045
9862671
8062890
25308784
11883275
7843904
11934972
15001224
18782543
26238934
17374462
12873439
11329621
12297828
9463396
22424937
1924432
7743669
22107841
10629659
11446746
2121800
1690177
11501064
24286116
8579900
21887820
1428023
19804846
17170234
1547025
23236763
1519861
12870175
15624334
8132223
21880192
19029276
8383628
8559037
2679911
16919469
8776731
24151609
12639846
1989598
17952840
12467526
18831214
9499112
9762014
17580593
11477550
18763316
15677734
15480342
18229608
1745007
22683409
7538077
1318324
12126553
9225134
8260592
9087647
14632648
22245999
10647123
16463986
22194466
8283061
1829649
12445803
27422754
18398714
23862224
9597094
7979948
8214161
23994594
18684450
21056952
27155817
16647242
12906717
17475838
11295263
10036693
9747883
9458919
9620903
9660992
11352809
16519772
10068578
9201266
18368263
7754794
10362713
20043171
23470607
2002092
10419250
21743397
24356466
20205746
20831192
16398698
8497003
8990098
24126972
8216422
7843589
19277666
10759776
8646562
22561497
7611479
18775799
22021612
10805221
11980614
10522805
15619829
19289654
9325018
9239840
10527706
14621831
22102721
11549417
12911858
10751588
20207143
22633286
11472429
17884503
19421412
7536779
7948751
9169353
9049967
25652333
8212202
27057100
7816257
10540184
11911804
1753101
10475301
10462929
9551390
22405769
20160434
1405754
17194482
7558323
12690457
9495579
12883121
14872107
15217755
9159271
7609845
11568062
17273796
8312455
2192263
16487030
2199284
9327338
11096136
18300009
7529614
21994466
10072608
19535263
29037140
19130557
25894228
11008069
8214140
16418198
15843034
9271442
8182643
15516495
8810759
1918953
10415153
8040328
19777848
18948191
9048875
27801718
26711891
25200148
8799208
10094943
21906921
9289991
24183967
7877083
24659848
23010503
7594495
16541713
15683457
24865534
18996291
8580374
1769685
24766460
1688564
26454413
15664785
10429986
17904177
19909503
25446641
22509751
23498057
24142727
2246700
12183057
