26005544
22454697
22454744
23264858
18519070
16141882
17980755
11425663
16199272
23282088
23697857
27778189
15933611
26902560
22624910
23584700
20346835
23825712
21034312
26292645
25037243
24349667
21864013
25772275
24917524
22454748
24548761
28374276
8537198
19174726
20337275
22454754
8862061
20307215
8532287
24256710
17396702
24653825
12113573
7830998
18053920
24220882
7970516
16371168
28168567
24738997
18698295
17420365
17392872
29172119
21899248
12220005
25390828
15497547
19952986
26145706
25390402
16737520
18046223
25279124
27621784
22165950
21451442
16171866
22973326
18254349
14574257
15621869
20708269
19376585
29375986
7951933
29392637
28593728
20307032
22234244
17508050
15957475
17278531
14750569
9112194
29423786
29087762
28260142
12510722
9587830
22454733
20872362
22454745
28005184
22454757
28616715
16597538
26940485
28095095
8971454
11809607
8337490
26057767
21595529
20099241
24967211
7836864
9479298
7899713
26060829
22454753
10887928
21293317
19907293
25279121
10374155
7630419
22993163
18806931
22036671
23479530
12967865
27195096
22737368
20172577
20606776
17609263
15945008
22454747
23198065
18653459
23099087
21724848
19924670
19596386
27379567
22454719
18657842
21325421
18369466
18320527
25667735
23408603
18657545
23555259
21813604
20458232
19297499
19279107
19073719
18696095
28534343
25709771
24373344
23144615
16956950
28095100
21337043
27269047
25709773
18094166
22331147
10485554
25612476
17555600
28095127
27316788
17917738
28446240
27029644
27844182
27484861
27994809
