6387604
19780254
14679922
15161325
15244045
17510856
8923046
22142041
27286691
19545701
11364470
24026426
24182654
15842612
12751263
15614521
18030552
23923382
3556019
9950095
15826284
11855237
1158537
21252831
19069094
10473919
8585541
11721161
1992992
26398544
3903941
8384340
19471063
19572428
25816141
2916109
25916666
19767130
1100007
12486788
20455177
16482446
27268286
11845456
8507760
26033250
786944
2966159
3944605
12486789
8615478
2075117
11428995
7561177
11873380
18471155
21458718
26979040
11528579
11296129
28584991
22884572
6908556
1778894
22858360
21749271
20082061
15094754
20047485
11499230
363072
18721332
21083477
17576407
10930495
6722386
20626710
19034224
14592599
12607556
12856213
12070834
15546121
16804387
23171900
21345708
12189917
19157947
22264260
12024098
11577364
16421795
20104782
9720965
15190280
15287914
10509070
3452240
11349726
10707695
19444698
10498358
16417449
25123811
8786630
19008080
24060353
9177962
19152839
22341618
6281592
26398542
10926437
11100279
24138328
9232260
1185736
9988488
6371640
19337880
22324990
19402215
16830186
11499231
12512188
10423582
18448968
21319281
8264715
11844152
17944709
15696227
16865939
21523410
780028
12486787
19041608
25940202
28160958
8110874
19220667
8146895
17403849
21959504
25368016
17073073
20718607
17198007
11215842
19793068
9232944
20840542
6267830
27027972
10726071
22177096
3189365
29128021
8889996
16188681
7363014
15957974
18222162
15297109
337061
16896577
16288352
18030555
23240754
8746649
15985371
19877737
8077689
16519256
24915804
25604399
8077510
7195647
21554421
14508875
7728128
17874858
22161906
18466092
21174278
20406398
16519253
22420668
21668404
22469884
3550467
15482191
26979032
2561190
8582891
1542320
4605682
9333708
1524992
369010
19170067
25229352
8274613
21276166
8182899
15961968
12871039
12431682
16061027
28477639
17589527
26429354
19463284
11816244
15784496
12956204
3275039
14588161
8179797
21596282
12751262
23455400
15888940
8199569
8699090
16707246
19013340
22324986
25930035
23452349
10492666
4951417
21744150
28850295
16448324
21553299
9063680
10865918
9636845
25502737
9283996
2834615
20163566
9312298
22196208
16524416
16820318
8075273
25590987
20638349
8250709
27910211
19876778
15207119
11363966
11366931
4213622
9988506
8722846
17874859
3236752
10080129
17510855
1412918
7748054
17661730
22760430
3073943
6324589
15804322
15653825
9743964
19379899
6496403
10197802
23346877
2170478
7776414
6429249
23111539
7029364
17912946
12491195
18691111
27227303
21762211
11362451
12588479
22922769
18030557
18812140
12197932
15606355
3909619
12781293
20725094
11494709
11013378
6420764
28584980
6295156
9441304
1096842
12352887
26896884
25872170
8513060
11740718
3955777
3115673
26365733
1329995
25229370
9350188
11100280
11362589
22167399
14967302
19627506
26432089
27820668
19013335
19219926
21708092
2818111
23842191
12064692
14992487
9669812
15787803
16804385
9988508
11493395
3816279
16395150
25822222
17617057
18778118
22725946
9324280
11737382
25595699
17086162
12005089
2181814
20347655
19877738
26776224
7985709
26567277
4616675
26979038
15651178
21270218
3052842
10072411
15651177
17620587
3296106
18588501
19254165
9093234
17334012
19845698
21220641
16822638
8589469
11235716
3843074
26165502
2049564
1410863
11926339
8971401
23975736
17133169
16006127
19896319
23059934
15078424
16366092
24034066
16990627
26449500
16213296
6276122
17721308
19549580
3516042
17556316
21155660
8821169
23282550
572651
10746458
4586377
14508365
12355698
21786404
3523200
15136239
1778896
16215396
24277033
23719654
3523695
19864087
9065936
8638082
3280911
27109283
2197544
27025729
12545679
8182900
25808822
8443305
7878847
16732704
9196940
3590155
16865938
20961206
26349425
15597675
23037867
25436313
8687314
8086512
16961582
27392814
26207927
28774700
12689933
11722981
22471553
24695065
14967303
23875255
15187681
19934791
8966412
18088160
8611100
26765516
22215390
22551602
16961578
20347666
20591012
6283970
17591371
16894726
16282753
7659054
25907298
16707250
22103347
28685597
7553568
28098391
25865200
7541893
16449001
17893555
15883296
22305668
11575279
11428998
20636453
18030556
7536837
1396747
12009573
2129021
18485113
12069912
26723514
18288564
9884508
7739653
1511021
9234575
21158591
25154166
16698496
22564586
26575463
2693111
16725086
1340094
3276336
12069914
17287717
19558430
6745986
12824846
11219547
19886171
20854230
