18761399
3106339
15379551
10403826
9514996
15048637
7840614
8969227
9176379
19723095
1639791
11191837
9274624
8769872
9874687
12117995
7645944
9515015
7654025
10600647
1335315
18671941
1382409
18339885
8700131
7763235
18432706
8386729
1846893
10542377
8396128
9821807
10051374
22931124
8572604
12887275
8960688
11564287
9353132
7895328
1311574
9736650
9698111
11340304
11516623
8963653
9877315
10671772
8960068
11093253
28072464
9664138
11356561
10754332
17762393
19497411
9217325
2153378
10949051
11000134
11056962
15319357
19252305
9933031
23948065
9632700
7588238
10452557
10210645
1995292
11909607
9239689
11289112
9067893
7684371
12229938
18785412
23587398
10199847
21111822
13679066
1335314
11918547
9878324
1764245
12101021
1651810
11227766
19288574
10069379
7632615
22387535
11698238
20151113
8845300
11829533
9196038
1429032
9274627
7863544
8422913
1506420
10558914
12369712
10486185
10925299
22935345
16236247
10886400
16772519
24669186
7519779
8045269
8174753
16159907
19082897
10967078
18384126
10736207
10857763
9792719
19107852
15254853
7688740
18228037
15611796
20957453
8760054
17015169
11708845
10797572
15350846
1469778
10869456
12176662
21570948
8430772
22886838
8611595
1691437
10323280
10356287
9476574
10653605
15992833
7536133
15150437
16567527
23744639
8584407
8979294
10963763
10880238
9000541
19573912
15087286
15058476
9102218
14668333
1330658
8184899
8732508
10755192
10677566
10329665
10699075
7511193
8013076
9057009
11483658
7683590
22160570
8298493
11767000
7842390
11170395
7537452
26154322
7832755
9443605
8456107
11134248
8948324
9774361
10761703
15956776
9167937
16924665
20085748
12592388
21147093
1280450
16287615
1900355
16149052
9600350
11991733
10646807
9211816
23907072
22293631
18425381
7565768
7536636
15494193
8242767
17961732
9397986
10381396
12099488
18834877
9242713
10419535
18793631
9067632
8711138
15240638
8702388
7519214
8321874
9214688
8925408
9194576
7730371
15680252
21305347
16777970
7750549
11259511
20176789
7755629
8675228
11768235
12719980
1310987
9124343
9575872
8383442
17661356
17992604
9248844
10578143
9640254
9593858
21132400
12014986
9848510
23496660
24187524
11773377
19396617
9131671
17120081
11007322
24433534
10198191
10377043
11293667
11316564
8529197
18666426
16495213
11058594
11298324
9490005
9792802
17030448
10742290
11573965
12411005
7812935
8412297
11827797
10600756
16360147
8143910
9003386
7794254
9116058
8314908
9389362
11007941
10071781
16214221
12876385
12490842
8126067
1372842
10463775
10924055
14750660
11745456
11170137
9060993
10533984
9231733
22098108
1316219
19263441
10893333
9809867
9179872
16966488
16831218
12114442
10678742
8297123
7684068
24053672
8572219
16379552
17688899
1279111
7499260
9243329
8397505
9670916
27861885
7679423
10656454
11278982
11222626
7642726
8797601
15014071
8766002
11681720
21658942
9439626
17444273
22065906
9409469
10964910
16273123
15451023
10694414
9023259
8724608
12792805
10996850
15626772
8301564
1995903
9721067
1702814
19524551
24606736
9560456
20631251
23610962
8002990
1323342
11496121
10631290
7690703
26216271
8901019
11298294
11506505
9252447
11121866
12174389
22994425
19149197
8077287
19289110
11744030
19720055
8406578
15778226
8104337
2125038
7518234
7534189
17419806
8394081
9585175
10330251
14687663
8227187
16083949
11911801
7514272
8621126
11273640
9792461
15757506
19427779
9128187
9988718
16173944
17881116
1384435
7589171
23627466
2172380
9365814
8662912
9466890
17976513
10666335
10409596
10690206
10856832
12181432
12817290
7532409
11216488
20574925
10534581
26102565
10797567
25483920
8541290
8652372
15801909
8256431
8971836
9990530
9334412
17279574
28002451
11137575
9288146
8738858
12487380
7512556
1324279
9701629
9459199
16758967
7834843
14634823
8621202
9207215
12651163
8255101
9733859
12297547
22759965
11959661
16037942
11136732
15970440
11156568
9524118
7521641
7994761
9816260
17141266
7662508
1905297
16373340
11473056
9575789
9207201
21965740
18026817
17979994
7524483
10330055
7552306
11912280
12960777
15276495
7625829
8201603
9056839
8393675
15833883
8207961
10519143
11353767
11481279
15883821
12060490
8048010
12380934
15047836
17712482
17074332
14697287
8871116
8906876
9878884
17252539
9092580
9521814
15702776
7789617
2017148
20303997
10101245
24742714
18430434
11229455
9070258
10359328
1472473
9790954
