22241099
20458786
18767594
17357745
17175856
16932681
16752789
16208997
15449881
14520782
12099111
11775482
10970802
10940336
10509101
10387931
9823011
9693104
9170891
9009671
8760068
8764173
8727714
7598307
7478312
8130271
8342266
1990402
2785989
3277961
3778539
3037751
2412236
6263092
6111807
6283706
226011
205952
646834
75745
66627
175803
1117843
4375991
4357162
4354170
4341055
4343998
4341725
5793707
5965977
4162669
13711719
29042810
19722297
19415868
19263645
18686533
18246778
18078146
17715747
17101323
16939168
16544458
15529341
15080367
12517077
11258017
11216349
10906609
10857990
10079814
9270278
8833043
7984346
8060763
8456124
1542024
1962569
2169419
2301561
14552303
3435476
3095317
3511043
4037797
6098408
6746386
10267546
6358491
6311179
6408074
6305943
6122040
6263097
6248783
496603
42386
218961
30415
623683
33738
4734129
4363389
4109310
6049454
4162054
5906505
18767600
17583146
17176224
16342453
16255013
16209000
15792071
15625943
14710503
12710170
12592976
11594078
11592355
11527662
10992910
10918790
10191650
9918075
9687544
9587141
9564180
9562241
9529925
9385833
9363316
9148607
7485458
8239236
1488157
2130565
2626993
3190787
3058116
3403350
3360803
3127585
3435477
3668996
3763935
3026334
3486592
2868081
6318624
6356909
6411587
6135426
6284207
6279710
6281625
6946240
6257809
6102412
6110524
226097
213448
212086
849360
17273
1753
2161
4139631
4368515
4838158
4429037
4342958
4334534
4315304
4315246
4309955
4951975
29224410
25742675
23831315
20180288
19938257
19344674
17600896
15795449
15214234
14653357
12838637
12796292
12656112
12572664
12572661
12002684
11597333
11570430
11011556
10906527
10906524
10702365
9637872
9379850
7785783
8338301
8302493
1334247
1612291
1595277
1542021
1613730
1900417
2271017
2723826
2703923
3305938
3091623
6383408
6320863
6420100
6308006
6828125
6813488
7115349
6271768
6271256
6286237
6117609
6115012
7400658
6246904
6246789
33171
205120
18748045
886552
342692
174719
169478
168997
1135863
4368516
4368514
5054751
5067758
5100637
4323592
4305063
6028049
14411980
18880970
