6959302
6958945
6946570
5253776
5287399
14480094
17139117
3934643
14212220
6940628
986915
11610544
4738848
4478408
1271357
28164024
4478324
25998676
27424895
26500207
24899234
4431002
26500209
25812644
26863745
284816
21766423
14293176
4021140
6955372
25089143
3249511
7290918
864636
4477034
7041186
26868700
1642283
25131523
2999695
7417649
292466
29264021
4760158
4413167
2750668
3033355
6955375
7145620
26719397
10879088
2230410
1159667
25199668
24317110
4827242
6530795
27753616
1222194
23305231
112117
26884628
25300209
23560144
4011425
25661640
25193953
24814097
3560467
26694300
2212817
24009465
2134768
2133672
10638144
2389518
27942633
29286269
6441853
18179154
28702544
25978610
2489456
24393052
2134769
26011268
1371256
8092891
2133673
4045826
22294543
8145214
26262578
29625509
10504133
9509308
3379784
3693255
3628852
17479681
10419753
2134766
6944125
5258828
23682279
21479387
16979628
8796198
8741357
4799897
6960938
6960949
27924292
25350893
24411916
18179148
7741061
15369796
11977771
3505795
3505794
6944122
18470169
690972
592305
6596967
6770013
5466087
6964073
9970679
3333047
3505252
297482
24438939
23388069
10725577
7585730
29124097
25205266
20663080
16727512
4068295
6598171
8522263
16727012
2134773
599738
6959673
26451793
2134770
7417686
4063151
6356955
16080967
3505799
6765021
9146069
16726515
8640737
19748476
9602065
7195290
24142488
1893677
112205
25213613
3965685
7279615
11848685
16727462
10477114
10101596
8604639
8730899
1721473
23177793
7359465
3500695
6997540
19721286
8277077
2760886
7557649
368376
7484506
21405026
17273742
28374801
26988643
21053581
6672756
12739565
6482036
24717609
22973702
6471504
1995856
17045672
6162043
22622687
17570029
9547805
16218843
7523352
20453451
18334779
9198095
11694894
21271519
11187804
10605715
19493578
27011087
19377264
15117027
14967933
8665157
1339837
27531021
25051253
23171641
11725553
8521643
15012785
10223712
9844721
9223247
1455690
3542801
19705388
20602380
28509545
24598930
21747193
15215192
12749949
10729094
10533708
2018412
6189870
28454735
17378898
16192399
15713146
15270219
12109523
7496731
8080911
2353616
803043
18592789
15229139
12883720
12592666
11945227
29526880
23884081
21777396
10732085
7707298
18091946
14535994
2072526
23407242
16390826
12795756
12589788
12048902
9002647
8478412
1142332
2489455
20593774
22185717
23627561
12221055
10601598
9209073
8639838
8739321
8696530
7559094
8167222
1866316
18801042
12212897
10632605
27033827
16728201
15894782
11767410
11157691
10470284
8182591
1908201
10042348
10960762
10944232
10400015
9685853
7903170
1545493
12365183
10780428
15477567
11490840
1541443
2134750
2637263
6895650
15007205
7473423
8407561
17854865
17224192
15750307
11285193
11129782
7766417
15773448
15237674
1617639
1778763
15262035
12206557
7981076
18377507
12931636
10828715
10032771
26298378
2584780
3095283
7120197
29214746
22218646
8947524
10032770
28456233
16727504
10033902
29181895
12079510
9408257
26797463
11282894
16727549
27882423
20675000
23916708
19786330
14588144
12845180
11709407
9276514
8781084
2681446
12067095
480306
27904109
2178199
10377062
25012495
27866031
24989969
15850783
12872243
11321479
364049
27482193
16727260
7462969
29383338
20368807
11495009
11128933
3173389
9844720
17826011
29322080
22298006
9542976
1432976
9577617
8291360
6694145
6864652
23678672
21559617
6655860
25448729
29552612
29264054
9459087
8133135
6854915
7277317
22349232
15633240
7497467
2727394
12100969
10781661
7130937
15461184
16727068
1580154
1787470
24221067
3995477
25469148
23809018
18377453
9809681
2258076
27719745
26361273
18818753
12828411
11578320
2906931
21160272
7600534
7401045
12631008
10703233
10195200
1395333
16726994
11766737
23683063
23503763
17880516
15210178
9850072
16727377
1647429
7077270
19394306
14578594
12030345
9152187
2307451
27843431
21548793
16543599
10851265
10404772
2000997
22968232
27117964
25703179
12900058
11442533
9805991
8678538
27699192
23549104
22221031
21852770
20025273
17479667
16596174
15103378
12175519
11158596
9113834
8603824
2798055
3423045
23774753
19866487
19198120
17200883
15210179
15171307
11303563
10626623
1718592
3307369
27507612
17697497
15747182
9844715
7491663
8318585
1380922
2260869
6699813
9574943
26577290
24842232
20435341
19103155
16897164
16728165
16390261
27276980
15210188
15210185
