5757094
29421622
1059235
5928693
5606317
5294864
28980788
5258555
5254858
5847374
13255490
3613666
5268437
5841066
13360011
5811298
14569499
2287865
5268438
5268741
5253284
5306679
5227897
11474520
3862209
5510071
4879102
978383
5912884
4283892
14222305
14193046
4620395
4616869
4508503
5245119
5295199
10337206
13491264
13181059
5746283
1230059
5998003
5912583
5895834
14169078
13427956
13048272
12080935
8166416
4776294
5289663
5740568
5596038
5326744
4225090
5857154
11908186
5290322
13640184
13027213
5516008
5792027
13343532
13124845
14786651
15425866
29229449
11082895
667401
4363243
5402411
13329647
13225193
14889146
9769971
4649912
5277985
5761232
5608730
4285709
4585719
5518943
4383256
13181049
8540145
7346138
5866875
13662761
13551278
13394028
13305041
9406518
1144855
4794488
5475605
5258385
5590144
5989458
6595801
1204811
4781708
4733344
5235441
14246908
1604234
2339232
5408933
5760357
14159206
14052174
13609219
13567423
10731812
4355766
4332388
5987224
5958817
5853927
13297633
13017080
14811092
4332946
28629662
23200594
12910093
8502950
2664965
5976968
4286486
13567332
13596696
13142447
5937301
13606602
4973094
13550224
13411668
13243317
4912015
5714869
5850859
13255249
315586
4221644
13576441
5561532
4263347
5399763
5734945
13614743
13485734
13304488
8305568
4799793
5426086
5734909
4864784
4234198
5301493
4957243
13663508
13550122
13527830
13386318
7032244
1088501
4667757
5536691
5523254
4971297
4300844
4865962
5839608
13573092
13305025
7938833
1835333
1036655
5255487
4291154
14049209
13591682
13549147
13432913
13414332
2788904
6718874
1206464
5447163
4907903
5252746
6066085
13219859
24657020
29055656
509328
1006007
5285885
14274714
14252421
13606967
14822282
10874868
1299950
4340592
5001441
5255006
6058837
14125266
13665589
13408846
14923250
8596898
3070699
6675597
747502
5507843
4228976
14127155
14078290
13385859
13327410
13148681
27901218
4376046
4969158
5631527
5222908
13663510
13547461
13609123
13420945
13304537
28506728
27393318
10714308
4600559
4590036
4394067
4236418
14153145
14358694
4630214
4258334
5366867
13626480
13562371
13639413
13519741
13385032
13017635
8596896
2662363
4216435
4438718
4624953
5502082
13550123
25310320
6460234
4840245
13650251
13526112
13390862
18963862
4981225
13663417
13341025
13342878
9629707
2456768
6781023
4445541
4798735
4327817
4103593
4317826
5697749
5671532
13675787
13447728
13314199
4070843
6954596
13471107
13453903
13355040
18193800
482773
4630635
5404028
5746281
13277268
13258305
13107208
1297168
7345374
1059236
13346605
13219832
14705611
9809343
4004371
3631558
4831715
4211385
5054637
4331277
5853805
13511865
13343611
26831345
2417128
14193352
13665650
13511800
13484737
13389326
14358695
17140062
6111170
9885
1059237
13480681
13437539
13359288
29150178
8759409
5250724
20505637
13658710
1675019
7029432
26228
409548
13509281
15536368
27472982
7739445
988458
26873148
15484863
7465874
28385367
25577486
16465947
10549063
548273
7188271
25199483
3541861
7144023
398933
177224
13346597
25528972
22053258
22073701
16733414
202186
25667711
10881124
9549114
14856536
3006192
110578
27884456
27211064
6328338
18693545
16355882
12762247
1164206
27425817
26431825
18309880
2865993
23240297
20129446
9131924
28578989
27279294
16395204
16232150
12766716
3054757
3423763
28380185
3072620
1504875
856770
20041367
28160582
12879724
3002568
12914208
11769455
10689617
20198524
8834636
21645833
14988786
10970940
10637871
745146
10390750
10048017
24878907
11022351
18928160
3551746
12271884
26667870
29424399
16719226
12733387
26465165
29545018
27383939
28550835
27383928
28552256
