12886563
15803994
15789835
11881548
15005039
3376239
15347164
17217883
15704797
15804001
14752994
15789845
23657769
29124598
15789840
2278774
23055306
2929039
16159462
25163238
15789844
27413693
17484832
28362041
2522692
1465359
21561572
11619143
8374692
19272290
8300056
21926096
27623798
18203264
17537350
14595992
28938995
23493282
12635050
28243769
15690617
15789837
10993597
18058054
12210644
22232302
2289230
15914783
15887263
18539688
7889170
21429990
20484306
20508920
19488892
16224928
2382586
15789851
20400258
19152547
15146816
1449044
15228497
23592255
1422972
18690484
1489879
6762143
24365085
22931902
18766482
17534538
16169307
23350633
15767267
11894425
10663197
25578146
17822455
2783876
20683710
20499376
19141097
27138151
24146226
21874544
17681028
27741483
22407910
28355810
8619366
18405483
18203275
24266305
10529672
21409435
21170642
19225709
26100571
25690769
21351148
16734396
8427749
26590810
20718769
19537598
29663062
28741889
23669650
22228118
27345018
10703931
22924528
23044908
23337728
10506318
28546096
27448250
26537860
21344467
27760382
28595335
29218381
26096924
25885799
20200960
20798147
23561427
26694951
8480477
20482322
21733615
29520419
23706180
20587580
20156657
9003478
29132386
17272934
25805403
22914855
12483456
11336928
9920071
1842347
20938767
28676897
23106255
20367420
16418764
9703375
7605703
8118746
20826003
15588237
1782101
2257521
25619776
22695891
22146130
12871321
7783656
1445696
1818760
24089589
23744590
23325361
23203410
22718420
22192860
18926548
18282456
17440268
8155410
28762032
25080549
24375324
22410588
22178351
15207897
28294714
23447657
21359668
19693640
2084822
28438782
28144880
28078366
22608881
22076526
20298414
19257816
7655644
7521246
2068950
26067929
24736885
19060277
16563611
8118745
8299406
2013017
26119922
23623379
19049337
17227961
12629078
11751067
25294097
23389694
22955993
22918704
22844043
19755479
17698911
15853932
12542480
10456391
2031437
25416073
25394865
23044864
19912241
19095780
18985384
16868226
9304358
7581985
28538707
21104228
20101398
17965119
15136220
11895459
9213014
21653735
12674333
11874406
10209562
9714526
23152065
22591999
22190001
20068257
16813532
16516570
8784096
27671522
22492464
22274585
21347608
17997711
17095559
15592792
25326144
23370486
21104233
19250271
17389700
15781001
10886301
1592888
28628420
27542659
24806509
29065156
29020875
25042721
24643905
23321396
18787045
18512789
18410554
10997332
10574580
1913298
25632069
24548220
20524110
20133446
27256333
24793831
23730808
15777680
7817819
2110577
28481477
25187120
23113482
22605432
17264952
10574581
26896351
26264425
25220427
23703904
12807509
28818671
17566094
27809725
26661530
17426100
12050253
18519175
14667958
18505369
24185276
28875257
28289103
23587333
18838053
18160462
12415026
28153478
18284942
18349089
