3319570
1823360
8166450
1773785
3629242
17019056
6897728
11295816
7676462
2647476
6394587
8775428
7720962
1280637
2556070
10374578
3058603
8356321
3203636
16716392
1544143
2559796
3888444
1593910
23354457
6347024
1811475
2076190
2414008
3458027
7934954
1433344
8344483
2643029
10445757
2669819
7869421
8470929
6891372
6762780
26504486
3311356
10769699
1773791
2430189
2669041
2272310
8898988
2109595
1620716
20740637
16260176
3903515
3157453
19319136
20101222
3540645
2903802
27352265
8940903
3285184
11890467
4064003
9927203
18778725
2667981
9070380
8884985
9378177
7487997
9390291
7987834
2654935
15247135
12135113
9006118
16760417
3292040
2503789
6409700
6319800
9109495
12730627
6315224
10503912
3447905
7508867
9989784
8595369
9653059
24398671
2848994
3891652
8261458
14688017
18248853
15987472
2460742
2470712
3143113
19000778
11509750
9166556
1747936
8930547
7955063
14729374
10353382
12676597
3537025
18349569
8243402
7575491
21801851
2690852
1718589
6321692
11397402
12491493
8538638
2500266
10463613
10022297
9916911
16023160
12833149
10696769
20531295
21571946
25238489
2477687
10814847
11190201
15738520
8597125
10594678
3076069
12730614
15162048
11289128
17943652
8955617
11753661
11695562
1844246
11924798
19062264
10022302
8529591
11303909
15502227
9715511
11516524
10642434
11936901
11494150
23439382
9680114
1311989
8136711
12826308
10223196
9814434
15523661
19107228
21173431
16472875
22829252
11704864
17162533
11230554
16860786
8603385
11369207
20071456
9163683
12180192
15282300
11756230
11695563
8571403
16818713
19182866
13678655
15688392
12745546
1737360
8824502
11342245
12765242
18784760
23266722
22102864
15734199
10828268
12730611
17188730
19662654
864744
2749642
21559736
8839290
2188075
1910870
16473280
15056870
9216788
11216494
2197145
6525429
11220662
2502380
2647250
20650122
7737063
24278580
8354184
2695244
28280720
8515679
1763238
2217720
9823588
3289913
3903369
9715513
23792444
2192021
15044254
16627958
2174724
19297472
1850299
2050052
2490979
24959040
2731138
9567509
10416269
2060846
3625819
8452330
1464786
8143621
16290925
10720779
8954747
25915850
2011140
21826169
12448698
18686754
6461393
9116118
28365978
19505524
3492371
20552498
29374415
19788416
11820616
10022242
15322520
10886922
8390728
12379877
22634710
9079223
1798290
16724347
8159812
7507571
12496288
29570697
16785987
17011747
25514883
18369767
10557105
20051252
16550164
10556621
1525853
12634122
8029502
1410059
8042848
9681969
16434976
12893313
11548073
9387091
8520730
16619036
11323177
9715504
24046237
19887650
15989528
8954755
7859343
18066431
10798224
10618704
15205366
16219633
17875740
26092703
15021907
10493309
21484590
16247484
8825636
8143624
21304177
10022235
8241026
8921541
29155772
28578586
23279317
14550500
11402319
9474876
28133539
17875808
17401425
17184590
27696909
29063005
25481729
19452925
19424582
17563746
12470904
2046689
23269272
22707327
21981263
19031421
17876679
16449970
15322522
15489140
15170813
9458335
22824799
10980606
17564901
1471213
28835693
12825548
29114070
21473689
10919668
10815808
10575436
10490814
10480037
25037625
18571633
8171214
24009858
21784091
27957288
29301444
23418515
23183053
25173957
22142766
18058367
24748736
20965277
15940263
16007132
28425525
27625305
14644342
10626233
16173952
27984746
12080467
9219559
26518897
11506816
24958746
24013142
8711744
28389628
