23252714
29054405
11599041
23955679
25141839
9532881
25446643
27245005
24122970
16963115
15936961
11540233
27465136
25395675
26164805
16024774
19293438
26108789
27280388
9723183
25994647
21630230
11854317
21364994
17560368
10477348
19247702
10051099
25204071
16101034
16815541
22697115
27004961
25003337
29287783
28163205
27401946
19494047
20087639
22768170
23595975
22031714
12208847
19082780
24316378
8622925
18987330
13374081
12033448
15741319
23499715
573240
2291976
28339784
28667856
22378097
23949223
962176
15804862
26861610
16047676
700475
28236448
15693300
26057063
19110554
28389750
28390185
6209425
24565563
5078466
10026943
26311344
23944377
18076419
28295462
24437200
11420231
27644740
24643631
19589518
23479959
22367121
16467753
15878918
23172834
12173249
11871021
27424142
17124982
22928904
18390183
7635635
183450
27226137
23007846
15134364
3777882
21989496
22998418
23165400
28428445
25456164
26145168
22941942
21644336
6152527
21706039
18449455
25717188
20820944
1222183
21076433
21898072
25521483
4800910
9879013
20554629
8069831
19509477
25807005
7401033
454734
17632137
24502163
22153020
17566272
17201064
20627992
28185602
14636640
9921282
25957528
12715088
7835155
1838821
21964464
27687054
25754934
12954729
23548339
10702860
20802502
22429626
22888017
20453596
22569411
19655149
23600530
26763544
17333317
5520109
12260206
22285174
12431803
22177463
15945072
25493948
22643006
26618172
22900316
26069369
19100345
20692336
9118007
9401873
15626423
17982918
7390642
25685801
28561756
25346452
22914016
16730723
9190250
15982682
23411620
23810784
15556014
25450170
27539358
11842058
23441478
22639283
15273872
26361844
19306909
2151913
17498661
22820994
19367646
21196288
23784829
22201910
25433091
3325332
12832824
27575890
24198121
24115398
25236886
23684758
26571312
15538211
17934699
22786824
20012359
15707978
25442388
1315143
23813448
6490176
19961617
11525246
28035607
23092795
11780924
10100475
21182756
20123013
27267904
23784837
20158387
27296223
11079454
27334974
21503882
12606435
24174576
28412438
26040298
20078516
15573534
25652627
9378751
22848486
26701181
24752970
18282480
18217986
25025060
6706316
16394623
6870723
22951362
28992003
27424124
27286640
3600644
20381324
14980513
27924077
19273545
22688450
20385780
25282812
24539
20131379
21989906
26585454
3211143
20036980
20630572
11541553
26739523
12748967
17519957
6083435
15744022
21777969
22082826
26345934
17057258
20671144
24471984
4565065
26730959
16784764
27748997
15141475
24117927
25851659
6306450
11420244
24581540
28791960
11259251
25374025
27221465
27450234
25454520
21839164
27087316
15821775
27483469
27826822
1493180
16644180
29023053
84944
28673232
22012556
22581363
18554652
1222202
23724436
29197623
12713513
18434628
27108371
22417329
18703420
24162092
19952501
26474923
27362799
11944913
19089843
26867640
964396
19150650
16610359
2633839
22222822
28171660
22356257
20522002
15784818
22658447
15349844
21310776
20127875
25293947
27010902
12691107
18367374
27109770
21257641
23559268
23957231
19144962
27515589
11511515
8248718
17420618
18390691
22774397
11570956
19442678
27373273
24919656
21764834
12451445
24995929
24642156
25172463
2339060
27663915
27738269
21490070
26732106
23260366
25886977
18065194
23773549
25392573
1526948
10857013
16625827
16410637
10573026
26425844
25913274
27083143
9570917
21460861
16508210
26992476
12364977
21945325
21994948
11906924
42373
21426553
16036348
23241345
21515331
17474098
124581
18652574
24899640
25344376
22865448
21340527
19931367
21126912
17673183
21887817
21857890
559694
19133991
24936442
26698679
8940251
22860010
20802198
12746316
26400310
25561257
25147302
845745
23773962
8188538
11906922
17160696
15577264
19891634
19944227
12493704
24156729
10744640
22079541
22289834
21167869
24998973
15843900
19236889
15708073
17045109
3996139
26011095
8575614
16999736
23678707
19605788
20226605
24680129
25258416
11277880
25779699
23901129
18303187
28448463
28050551
16923965
15589981
25044390
10097797
25269568
21898994
16595722
16737643
19207619
18942024
3929079
6113136
17698303
15944755
11389747
23892333
18339380
19318108
23193971
25683034
27457668
26663221
21959063
25614580
14673081
22253057
19234314
23475424
26433063
11544177
24853426
24449892
22831171
25537623
24339999
27586089
26992892
23001445
28501790
21856376
16769200
18923565
8482016
26412282
24363325
27606568
27941626
20455018
23827780
23950573
27102426
27315037
26490168
27932549
22022494
24746742
