15062415
8490765
26480868
10625977
15172704
24018896
17368153
15774074
25449342
1533659
28185923
23669489
9422151
22677221
11801354
21272986
19833331
10347386
9025127
26339178
4053636
11070810
16036830
27658651
22959322
15860043
24785780
25164134
17079067
22729756
17623059
25969346
12589986
28554878
27771299
20483519
25976409
27661863
20634016
16931926
12161296
12883284
10347383
19674827
23238423
19720444
16147475
26234894
22698774
24200891
18164117
25124137
26303097
17572415
8319464
24103466
26480867
25916923
16500015
24978885
27592157
22517402
26418760
20364564
28629995
1404501
28874934
17307620
12416281
28377054
11524335
26369784
23388518
19085741
22112746
24995278
26452987
20176434
16458407
23351178
12768110
18402652
21145056
16150530
17077689
10203402
12768123
28323081
8614097
22032811
8857431
10143873
18603291
22313555
14960998
15919563
27664844
26070831
21300672
15166836
23499636
15989685
12617736
12398775
21437754
26750667
17351437
22487661
27667713
25814109
24978661
12768105
11038078
26186567
21251705
12768095
25377067
27876084
20061942
6517268
21752522
28958368
18328122
15566606
12435930
27349642
16945472
23186542
15326830
10780609
20828395
23725952
16901615
18520219
27600131
28265880
21489299
24042154
22078326
20926987
19913346
28207628
20598497
26581332
19201138
16505689
19653034
19204504
27908340
15128639
7496763
12867305
8676421
11999459
21666572
2585562
4413403
7674386
3777617
8992902
20083333
24158169
10897269
21658834
18758409
8351419
10630316
23590047
12423989
7922415
24979715
17015418
17047514
17265038
28219612
27465755
19204507
15733765
9840649
28682837
15514553
21864480
12969605
24430492
18647269
18584999
22387920
20234994
11334686
3965735
14726737
25754453
21983123
25435481
24492648
20009671
19735492
8782482
1561038
10973391
25008138
23492982
28430698
24892264
22465807
27951401
17303307
16710614
25421925
15298803
15675903
12542552
21864483
1392691
9357406
16274931
11841888
26340128
16434338
22439203
28110000
6194934
21939626
15718923
28092270
8083904
16037184
15855947
28403120
24463222
24739032
22958912
25994245
24368348
25385483
24996573
12768112
24383428
22208176
12045644
16705254
17893455
24993861
11719116
20502337
24772595
18500596
19185411
29319732
21122459
20727661
20923577
25525755
28356134
21571439
10897263
10760621
27576085
18592210
24602478
1388377
20937093
19804931
15347772
25159347
27894909
23590998
6625218
24628981
9048792
26806668
7760409
3773454
21088597
24641618
19596611
18369591
26003545
24093643
20044200
15454801
23402966
12435932
12717226
17583412
12359531
12626925
16361895
6179716
28363619
27004945
22744316
15555792
27484224
24530251
16398734
18301197
24105456
21610354
21078149
25209097
11719117
12069180
15118292
25555359
23924887
23743237
24147731
1388378
27935015
17906785
26503919
15852239
21323411
15257090
12427190
21037267
24885921
25927980
26723933
27257003
26575653
17174021
22306934
25499187
24291590
25882783
22366719
23257946
6336208
25756411
25618834
23725233
8662136
10758438
16374275
12804805
24138768
20613504
27273245
25099709
19930566
20097448
15542968
24746783
21762667
28742797
24525386
27590048
25195073
9199637
28427881
25500748
12455785
26255020
22071929
12727572
24449032
27105285
19731159
26898411
25261301
28552657
21217516
15065832
25925373
20202679
25450570
19496762
23927561
27030891
22676288
27292052
20449900
26181219
22491607
23599623
27591054
22933133
25168100
19446324
23979267
16960479
27363489
17322638
24642165
12458064
16307950
24557423
26572511
28377297
26218255
24961485
25479817
10480301
23684684
21450676
16631670
28389240
11283857
26307453
27145814
24317204
27537510
25958063
23507015
15684800
26291387
27665488
15737107
9419064
12777898
26307040
26329352
26715570
18782697
24972847
8535979
28473275
28667196
25072762
8970254
26588479
17089175
19628092
17493273
15644700
15179235
24252433
25281187
26400008
23673092
28267376
12587704
24401552
9472187
7922432
2181951
17607561
19708226
27788018
24071885
21233578
21735517
27038920
9659646
26763913
17146635
23070123
25109715
10465189
8420720
24583504
21184683
22456770
22884055
18492267
24074618
26421920
15477122
16817506
18931236
9794948
18640333
21082322
27060535
12910115
25912560
20407057
7727323
20626796
25797938
10748354
20935604
3560264
28961971
16860156
12382358
14743096
23151314
23338569
16490088
1617993
16582544
24236433
9885118
21680944
16137347
28493877
22147112
19922139
22879654
16164495
11465928
21423020
23952848
12185427
22466821
10764311
17994222
