28262406
26005637
15123010
12752455
11440351
10840398
10025774
8931472
8941041
7861870
8806401
7495186
7805644
8512048
14591403
1314342
1575458
1543348
3401384
3653050
3103263
6540415
6705751
6442385
6682492
6681888
7266614
7363610
508143
5276420
20518605
16400290
12609251
11295833
11274303
10880292
10332870
8960747
8628502
8572673
7614922
8058151
8022538
8250526
8516315
1952822
2055045
2287835
2234419
2511505
3416612
3336459
3149579
3122070
3319543
3723710
3720694
3951724
6422323
6681890
6681889
6779221
121944
824567
4626105
5389694
5694457
5339656
14175803
17928576
12614309
12609347
12102675
11749107
11461809
10999208
10528940
10222306
9851440
9821982
9578005
8710127
8649613
7588461
8784211
8046601
8250525
1298221
1418458
1769232
1907905
2003421
2107606
2716163
3816243
4069359
4058746
4073842
4022384
3925335
3158512
6712196
6407786
6407785
6829344
6814350
7238434
6769639
553421
350128
4812959
4564990
4673411
5535054
5690739
6069299
26870662
25917225
19715461
16529611
12939415
12771268
12581228
10403220
10386528
9818919
9551840
9408467
9108661
9007096
8859063
8001512
8039467
1543086
1952823
2006001
1941650
2369248
2705840
2667606
3356152
3146221
3808298
3812122
3780614
4083848
3925369
3924568
6441509
6504282
6712195
6338417
7071905
6808714
6776874
88024
4577819
4734509
4628597
5067507
5374468
4169743
4165595
4286517
4953526
14175804
28741150
