29618029
28984202
28934986
28798025
28334956
28328136
28216146
28017373
27900368
27799067
27703147
27681385
27577878
27523599
27386852
27159028
26825779
26708751
26670213
26641089
26637980
26607152
26549411
26544804
26219881
25908615
25887218
25817016
25799105
25749076
25736269
25712922
25087610
25065914
25046553
24906020
24746959
24530202
24424126
24398791
24372310
23888031
23806086
23790955
23685542
23657883
23383720
22991245
22926222
22901949
22890305
22883432
22878507
22654670
22492990
21964572
21962505
21925314
21677200
21623770
21384131
21355048
21124890
20920668
20848651
20080665
20035514
19914906
19627868
19597530
19560228
19324990
19236432
19086069
19086068
19014668
18663743
18610510
18421352
18327785
18255024
17597781
17572665
17357070
17172942
17041942
17015230
16774974
16444292
16269441
15805160
15746153
15744309
15634972
15461806
15322545
15253763
15004559
14709593
14699617
14691634
14627682
14610351
12873889
12724422
12596790
12566280
12394354
12391299
12375235
12297985
12180145
11835375
11787038
11523566
11477612
11354824
10982184
10973251
10586226
10577921
10049592
9973284
9842994
9326934
9285799
9226268
9093842
10975740
8946299
8862346
8651284
8882782
9246492
8956042
8599375
8533833
7481525
7825607
7883887
8198134
7518101
7762451
8230595
8239928
8414036
8510709
8349778
8316085
1624445
1303228
1301995
1897574
2004767
1978559
2073121
2848013
2897397
3297921
6151677
6096228
6206376
6283308
29566152
29276006
29226947
28807008
28761930
28742085
28660352
28382305
28327206
28299356
28132692
28132691
28017472
26965164
27773421
27657687
27616478
27588455
27486776
27374786
27171548
27071622
26985448
26924765
26838676
26805781
26595808
26527198
26258046
26238661
26195989
25956372
25892534
25846457
25574841
25439098
25326635
25322266
25073507
25022261
24931394
24916380
24791903
24769197
24697164
24614124
24136616
24126608
23956205
23917280
23893877
23703963
23695279
23693093
23369291
23238528
23042811
23037932
22901280
22791839
22722545
22543972
22470934
22293121
22248320
22219648
21981782
21901789
21514638
21248748
21153841
20860070
20695004
20011118
19844260
19584063
19293338
19180184
19056666
18936139
18784712
18469339
18421898
18179902
17855451
17607705
17517686
17503084
17466628
17409199
17360997
17357069
17265047
16775514
16775379
16775363
16770807
16565383
16470732
16374829
16353282
16170239
16044457
16024975
15776429
15726498
15562405
14757860
14614393
14517951
12649807
12601710
12377563
12354847
12142364
12076675
11971982
11898586
11594922
11435402
11384574
11379881
11309667
10945472
10848490
10844592
10655546
10586272
29086957
10360513
10191102
9973280
9820031
9779808
9637430
9545397
9177788
9177775
9096765
9032649
9027492
8816708
8674212
8655146
8664899
8538673
7501164
7559964
7898441
7828867
7977460
8004087
8305968
8360972
8128981
8115402
1303282
1341967
1746552
1789686
1832149
1683155
1991720
1969146
3100954
6327463
29343805
29330011
28950406
28813618
28686854
28603521
28602422
28438538
28288113
28239602
27896283
27880765
27772553
27435318
27286923
27222811
27159400
26942288
26935837
26924530
26788539
26752647
26667017
26522471
26378787
26347316
26273056
26257172
26221187
26152199
25953399
25910407
25774885
25614874
25564734
25470569
25439725
25398944
25259927
25242496
25082829
25066811
25045128
24986830
24965231
24766809
24462372
24311450
24088041
24086149
23849778
23847051
23810381
23700554
23516377
23474816
23468659
23192179
23168992
22935230
22930593
22929023
22628075
22615578
21901111
21739587
21594611
21205869
21168152
20340098
19715442
19439022
19324899
19289393
19277060
19136950
19052029
19034313
19029900
18443298
19287139
18008371
17675367
17539903
17457615
17284672
17204049
17024248
16791615
16757948
16625196
16566870
16278888
16252242
16170314
16160854
16152635
15805163
15647511
15640245
15565467
15520286
15459175
15390361
15098121
14639526
12972600
12953275
12787794
12677556
12612815
12408074
12244316
12016587
11818139
11799392
11735029
11687513
11567139
11545686
11453974
11179009
11133365
11092830
10851253
10746567
10639608
10615134
29086952
10444336
10396622
10371530
10369870
10331954
10319885
10022584
9879967
9529344
9615224
9537424
9295268
9217220
9054934
8839650
8661034
8554058
8533764
8568200
7550336
7825574
7929285
8255473
8450250
1639385
1347967
1335324
1677316
1677922
11980069
3035697
2828849
2429304
3009457
3158574
6388849
6190227
6750604
29656860
29436111
29632024
29304375
