29025016
25077458
24565429
24113255
20452481
19809008
18652926
16984797
16966113
11485133
10486498
12796939
2014078
1698337
6829632
29131898
25769203
25659470
23628263
15932841
9757976
8913978
8678143
8041536
8203424
8296822
8240599
1951520
12797061
2014849
2750792
2649929
3043293
24857716
24412747
24139938
22000896
21827352
18460586
16920374
16303612
14586350
12611496
12114911
11084540
9392696
7575821
8372866
1951524
2240108
2180077
2486180
3754319
28838010
28712949
26410205
25179380
22298603
22071061
20458663
19404900
18226635
16949405
8378803
8459963
1536246
2240107
2403160
2144949
1698335
2178842
2523029
3273360
3319330
3303937
4075630
3904456
7282836
