26015457
22729951
17395695
13750124
21549119
8355570
16439666
28558078
19351403
17054656
10226854
7920175
18805783
21372618
9368717
27135437
1326749
11241353
26032259
26120052
12380312
22848006
18157169
2955949
18380535
16794012
1857562
23085378
26199281
7645030
26850730
1546048
26584015
13333025
24526551
13892744
13892743
15757866
23711440
20038282
26033581
13328235
7473787
17982266
8483808
23203968
24304577
13225950
24097356
23343764
4896687
12560213
22282243
13379680
20691154
21965546
1549009
8222891
13947988
19665014
12384478
2140538
26641212
19628067
23537599
10795785
15374831
16272195
22484505
14346659
11455116
16873532
17340692
26399785
17320460
26241542
8355561
13947990
24028646
21785825
3115532
23440687
17054653
1804515
21312070
14209225
15114516
12085665
8437983
11082142
25857353
6768612
10795778
2954550
24816487
12684218
18828746
12960063
15347839
8801349
21873939
2522227
12624436
17597161
25093669
8359832
7044602
23276633
18445310
2625150
1296804
17084891
25673179
21840325
27977752
23916922
25912109
2369368
23757167
2961330
7053993
6658864
19110387
21971687
3197274
17543724
14096429
27444229
3391443
15351799
11011345
16339199
13699332
19755459
3782724
25822979
6074009
13751387
19862668
27791460
13873533
21477069
15621042
2537154
971348
19336623
13445451
110580
24402571
25125004
19675278
20609311
25464442
12807512
19474060
11907192
20987568
2471217
20834186
28179209
7556517
15520315
16157773
8173572
25240696
4059201
20696977
16361364
22328081
25770118
13993383
8112717
4645782
19618664
14140725
12374776
11943514
1319276
22424324
6387157
7109606
17916626
6880806
15709691
7107474
8530538
26165753
2144404
24172835
27241707
10834234
17900581
2973312
26746999
3705204
23598283
14089637
9637542
9836269
9518889
20609308
18935909
27543302
19109943
7900863
13939177
10799627
510398
18787386
25585369
2495256
22798400
11602822
23918154
23806370
5138685
26322637
27179707
4225733
23548167
7392604
13964341
28493952
518735
8205315
14085926
12054855
513734
14264735
20233687
28304393
11541416
4807728
14729402
16786038
2811368
3737485
22609314
4559889
3878143
1071381
16171824
1135127
27880816
7203685
7379255
5586168
23104419
4702049
23907767
5906853
28329361
20688306
24413704
4076521
4392222
2278838
16116338
638207
8463159
11175645
5817815
24424037
21605722
23280519
4238197
13965158
2969110
966764
9409242
18487314
21889516
15212653
1153402
21950564
10438405
7119906
26426277
27835659
19808331
11070353
5892205
5891693
16155096
1986184
5786968
4097732
4394321
12676548
114596
748010
13939176
21798426
8352980
1132668
21849523
15286362
8985311
10375736
20376198
20126530
10050945
11055476
10205149
17906098
7382498
8318056
20501642
26400361
9413243
18171720
19126426
4746699
25209863
14117724
4643454
5306213
2657700
6268332
793211
20889903
11522636
4389937
4728333
16700002
14592959
1865273
7206824
10727651
1278515
2192814
27452340
5129548
5819076
18317380
12946475
10435024
5890587
24007801
4031010
1833941
8841519
25123338
5893375
27524523
4909206
1009081
2726629
10749709
20424990
4304501
16948703
12488335
19958772
9231762
5753498
21097668
4537220
4304958
5020303
15100080
4823815
4375208
17584046
42613
70108
16387571
21615419
14209693
12936864
22522504
4309825
21714602
4248219
26953375
17904450
18225457
25887389
21303797
20447781
22511747
21170069
19712802
22496507
27124404
10335026
22421515
18035098
27040087
4944703
20486829
21417959
19085702
20525905
24242682
23369141
24943294
19011297
24978631
24105484
28740585
20497841
7556805
408
12527649
8130207
23279835
8831922
21676183
15780490
12942389
11029481
25563745
8031566
9851674
27366080
20218311
26683750
18308009
9055103
22957381
12534854
20699673
10072236
20404724
16720669
25749966
17164307
26204632
16719252
15253956
8640402
20959649
7959625
21539436
16433247
9186283
18266193
1374399
7850954
9843821
26292880
11835027
23651241
25110677
10516938
11955793
21710805
23974276
8980161
23842280
17635942
19156339
19538523
16760629
337982
19712803
19437894
24804349
26200897
20381374
11256447
24578515
21397197
25087292
12270762
21186610
8194669
25121974
28361372
22698417
4871120
14918380
16634154
23091954
9753206
7061948
24062090
15901202
6739682
18942379
23194490
19268751
11996934
26015192
17627735
26772440
16722820
22993941
25432501
24839599
28487389
15248819
11695511
25636998
27751897
156806
21752884
3764726
10190874
