16331473
18772328
18228265
24322348
20543090
11723827
18988901
10970822
17400710
14570222
20495146
23997170
11967167
22748047
23527070
20926252
27062406
28550176
17142349
19372465
16192627
23857752
24613575
27082727
19016471
21536846
18818405
25512019
15591413
28778385
24077247
21551018
27956160
19010778
24036114
12909586
23567639
27756793
24679588
21316440
25627876
18495804
16520964
15097236
18172119
23830874
26033354
24368172
18296663
11479936
20443820
17959706
23261250
17934321
25264981
23241326
15545515
28254817
21675895
28619995
9819363
25063875
12628457
24282586
26376991
22269326
19289104
23041262
19855011
28450292
12204900
21934867
18689602
27562915
12600886
20581102
18079409
28751568
16470245
19170842
21817099
26974158
21076854
17053835
19153555
19893004
23524300
20525205
16192629
24896329
18311803
21071686
21730037
24284821
12909585
23875706
11139471
19321153
21088251
24146253
24526456
21606076
22879584
24414067
16989792
25538155
26324504
21984544
18849439
24962333
22781395
19627254
21088250
20630681
12388474
25437891
18043506
26100679
9398846
20713693
25745063
27333787
21551275
23288154
25313857
17932568
18391110
21147810
25985281
27645114
26099030
28012647
20448217
27045031
12690199
22871590
21597007
24504736
10600892
9486968
10415729
20592247
24347665
20203298
22871592
24449804
27229458
25349182
25524772
26494233
24225494
27908891
27688095
28364044
18468477
22199367
25395615
26338301
26699655
18635445
22223197
20852047
26941015
21139380
10848613
18725259
9649945
26546710
12639996
21641379
16931892
29225168
27175607
18803461
11166772
17182955
27562051
16410454
16754864
17404153
24319016
24030402
25972522
28525804
8791511
19772569
17108902
20614245
26659360
23718984
17255326
17132494
16670341
19201700
24661418
23549462
25181380
9466561
21718678
28414812
25659756
10848737
23963447
9670933
10188208
18547546
9742061
17994896
18971539
9374392
22363622
24278285
29122839
22558139
20846652
25200056
16423269
14745449
20088827
15939811
23413358
19458888
28430983
16374516
23887640
23382201
16902421
25934097
16157454
20472891
25153991
21858106
28115390
29073153
16146752
9326947
22940777
14701737
23144462
21868704
25658937
21979435
27157991
23426017
16051881
12594236
25845228
11583973
12634787
26538021
20410833
10591662
16365196
12023844
10097121
27620389
15683848
17656674
20208058
22904155
12231496
22917644
20019329
26064906
26883959
9819364
22079428
16236725
23531444
20161761
28029182
15178558
15951840
24558445
27626316
10934155
23841513
16049328
14739119
22173227
28179583
16840715
26024895
25201911
18451339
26573711
16738524
27670594
26898714
20678880
25450370
20177736
15585195
23288157
21464389
26498924
25463114
27432961
25324573
24582702
24916705
23967318
25480331
27887857
28062506
25238995
21832839
22453086
26512208
28912461
11199097
19629030
29396144
23658704
20236620
25362141
20186130
29154818
29392300
25207200
29499360
23525608
25275480
10564127
12755372
28248847
29321388
21126196
29269260
12189163
29128090
26741694
27889204
28971841
