8398151
20966045
17965127
27220241
21273415
23460572
21632930
9221941
26291762
15837561
23097495
12399574
17287506
19437543
14980731
17682066
12169115
23236211
15342428
8613770
23525041
15728827
16254572
19204407
10739636
9894607
19968968
9437022
26819276
11319607
19403657
11356878
15113925
15711066
9115743
19759125
24301314
24451661
21900571
10648888
12153542
20101271
16815329
9507184
24651435
16003386
16263658
15708559
23744920
8620843
12124456
27194326
24382162
16516892
23165119
28623920
19466610
11549723
12874001
23041929
25319570
11596047
20234146
17459648
19149881
22209711
16828061
18550172
17204816
25157109
19833171
11920724
20103535
27126009
11072098
21620892
16873886
15647527
20685999
10398678
10818151
24269774
11102478
26164610
20335457
10804213
11882291
11311543
18997113
24465645
19576279
12427836
16543460
26143616
26118676
21359432
23683352
19948164
19237426
9590433
16648472
10075844
27424655
10095085
11236067
19126596
12533606
19812248
24952363
15711540
27769790
23064259
12130776
9133385
10716994
19961580
28663132
10714556
22351756
23831966
17245753
25975775
15668733
10638761
25555910
12622404
21903081
11259117
12093735
11726728
18551134
24056696
16854590
9326667
28414797
27073218
27234990
21159798
17411441
25721469
24423585
16771828
21778470
12430712
18685038
16905592
25341035
27424794
19808066
22348142
10827969
26683706
10681452
22902827
12019324
24991763
22555958
18992719
15265631
22430528
17805306
15882580
25159668
29407790
12689595
18651249
22212482
27430312
25446127
11200958
10681443
25088424
15910777
11358485
17374049
24473170
20455020
16671464
25047355
10804205
15861186
9878177
11904443
15128396
28204513
23977080
27071547
11744107
18045906
26686389
11978835
10922077
18587059
24908487
29324888
12239316
17148957
27121581
11445182
10592354
24284211
27901000
16007083
16326007
17020750
23831521
12670708
12515851
15515010
25251596
10537068
16262630
28232627
16949056
12379866
15048936
11683991
10080190
24703879
28106772
16646663
26318285
28110213
21903074
10631168
23419549
27871306
10854254
20419112
22496871
22848791
19409883
26439964
16571917
28627642
20812003
27124580
21858141
20688501
25987205
22235275
25815723
23263886
28315776
16086688
10611506
11718848
23163881
20876509
9576963
26748089
28732502
10864959
25529350
24764190
24993945
10886328
8737258
16923169
20837029
28412142
21368852
12935912
17063149
20308569
20943940
25675001
18628401
11494361
15312804
18773962
26352672
25387335
24626607
21228099
25620058
15246691
23860355
24012889
25856413
19684403
21991391
24026287
25288157
25761704
23818142
8742488
18200448
25795167
26576723
24694839
23152605
16150803
23395832
15902206
18369918
27636848
20549696
27331809
15032707
17409236
24451138
16198025
17005706
15558750
17077143
21765426
10023025
25975226
19808064
21964326
10479680
28255270
24121663
24737445
14680400
27798144
28168441
11087877
19591813
25817400
11588192
24770605
22407947
28173746
23727838
10222107
26910006
25490135
28123024
16397898
12935910
15571976
23625313
12576180
26044555
26497036
17603929
10064884
19229714
16157277
20161753
16941650
20954075
11494354
18627254
21609830
25575958
18434510
24342992
18507846
9804900
22875931
10625083
12351730
22537492
23123921
19007770
21191817
23650073
19695321
24478350
26190522
21949760
10713354
20510932
15979267
23261763
11414471
24931760
25863528
26861874
19535581
15836926
19267423
12749025
24326517
17186502
18619982
12182887
21325686
19889625
27258849
22575170
26848828
21857657
25955795
24518891
26592967
24630950
25503787
28144784
26354916
24173802
19656855
25948253
24973237
18786174
24184637
28108255
25575639
25866766
21875651
27743026
26014386
22874567
25981964
28395089
9837756
25978062
25474630
20493932
27300700
16054234
9623886
23454176
21209208
28506990
10448417
10797549
24335837
8315274
26434621
27529540
12077194
28552558
18421979
21237293
15090033
29229768
19139631
24565641
26401561
25444865
25263558
23813868
18809477
28826501
16631355
12230303
29600001
28334242
26029273
