23556090
20724918
24069569
9492017
8657151
24498541
27928945
22549363
25676437
28139263
11394440
28458652
21245760
29248518
13142202
22995223
29530480
20703093
23296718
21827323
20135364
28182501
25189729
16266868
15235585
24058754
27693371
24778926
16892059
16271517
24009866
22883438
23556072
11114747
27711196
28123480
11830571
19729999
23340136
9702051
27162106
23670175
26432382
28712096
23990704
23384668
24069566
22991927
24163435
17008134
16982750
15116095
11244571
28635319
25256963
24252238
24058780
27690665
26292803
29383166
27487096
27472371
27713312
23959845
29134817
29030540
23442043
8663414
11258419
28325211
24058809
21454207
28131742
28555727
21892841
16750817
24058762
24058749
8022486
28860951
29405201
24206094
25798237
25524945
17869246
24164900
24416656
29589523
18765289
28184222
28072602
25959371
21742423
12731058
11779460
29397859
22924155
9342212
15530433
10071751
23028408
24069565
21126226
15199955
24069552
22016828
24818516
24058768
24058787
15157430
24417533
27244086
24077308
15575979
27357529
12147626
24825142
20506481
27187785
23941832
29202299
28214593
28069291
28024126
23296720
24058766
8650263
28402164
27759082
9618271
26938566
24131352
10851051
25568671
7602114
26425655
28087469
25076196
23968543
24069568
28494922
10585879
25415616
24583800
17920330
27142718
22279417
16055650
27326341
28525837
24058812
22612502
20624926
19797317
19733656
23863176
26489695
15611059
15147562
21610112
9822709
7489741
24416646
16277982
15304214
24058803
29285303
26123794
24038588
19923887
27253519
24394163
9047382
27367734
28620095
24069548
24058761
14731679
27147665
26440453
16618406
25982279
29658372
27713030
8995399
29191719
28149296
18848449
9666067
24058760
7613027
28356514
27574027
24685611
19805194
28744013
15488148
20435017
20974121
23296721
27808416
29553118
25840690
22904308
22018664
24058805
24685392
20132407
16193102
29574002
27385008
21965617
28167129
28164724
15316561
22941906
21548952
23216593
10781830
15322111
28450869
25043171
19481264
27140405
29643028
29439310
29312301
28893190
10674113
27057437
10346822
25501025
21330334
19607667
18291658
12479803
19896937
19290934
17855388
17146444
29379470
27774135
21079613
12884916
23296724
28597334
27664279
26159873
23827161
26312921
24058778
26889081
15173123
29424301
28823882
28177455
27993641
26090665
29484526
29308566
29127481
28088788
26659587
26412855
7518579
26359499
12456798
25245869
9784499
24069567
12039028
23160152
6674942
25261891
24523552
10945233
26601320
21651897
25286450
27716212
27163529
29249252
29203970
23432430
19234192
18922133
16401426
9200453
28277287
24470976
28576744
20368117
11032030
28255960
18691439
25787773
23768868
23406773
22711165
17659375
16883061
29651917
27774822
23313126
21533169
9510175
19635391
23170143
22305007
18682296
26972840
26173083
24058813
28776046
27774824
27029348
26608188
26017266
24416655
24021352
23704931
21527517
20185635
16034480
29399328
29212799
24762050
10229872
9389430
28394822
26697059
24418198
23812420
22342841
14975725
9914944
9418183
29466675
29322424
28045022
8682149
24673174
28316792
26151455
24843152
22859235
20143337
17079268
8550631
7659163
27349799
26578790
27722215
26994322
11345192
28537140
19934015
10851052
29210315
15003245
22709828
29267399
26704851
24100507
29340620
24385746
20471303
12777975
29453239
13734970
24416649
16393697
12587663
27141442
24058790
24058789
23696361
16174768
16000386
26934038
21823028
20737505
28082443
27185268
26916917
26685983
17898043
17172981
9525481
25504635
28461339
12764155
25686006
10479459
29289756
25870784
24368807
23978534
23898330
25470924
25329199
25291316
9269296
28250461
24839370
24430672
22520845
16912647
11071870
26206609
29458040
27137359
25987372
15852015
9396763
29475394
24069551
15581392
12586061
12204892
23107828
29455109
29306408
25583084
24495176
23110761
22569365
22284190
20535135
29510661
28988984
25084174
24668492
22869151
11522790
23296737
23009932
17693067
10526575
28186978
27003918
26575169
25177369
9685210
597832
13489821
21442038
11837794
9477125
8272873
24416654
29129493
29262601
29571611
23241109
24058765
9442382
26653844
28424232
27286739
24333535
9391124
22279053
21262354
25120499
24600449
18508557
29228628
27177233
24470592
24146473
23735217
23093424
16567810
10421843
9557732
8607368
27789245
26300391
25405520
20478313
20410127
20732649
19706767
29344542
28637459
21635221
17168672
16477645
29417241
29383118
22056652
19717737
19457567
19299003
16049490
11751854
9558373
19470474
10537136
