2925484
13176764
13248103
25336680
3442201
6931891
14478828
7282158
7249169
4774996
2718804
5282905
6818484
10754603
14305842
21778861
7083423
5084082
6737531
11018166
14144862
3815183
14091242
623176
5175237
9866278
21906118
6949118
4687714
8264108
4803037
675474
103323
17174064
450281
3368823
1219972
22262002
26651553
8880786
16689392
5581439
1476914
22025784
16283065
25797364
27627081
23864319
24582100
7616288
23471742
22249517
16526212
26447406
20232652
26363338
18663547
23122575
5094301
25187117
26234180
21778617
28236093
9559485
19432124
24908567
17575306
23999370
17982347
5152850
21458300
27481443
4325118
1088639
21532115
18486581
14517715
28253942
1806509
26211989
26516730
15909154
25284729
21743287
26501557
15940395
541217
19383780
27658727
27049106
18594108
27658923
25913633
28926113
26211990
25738213
11423502
17068657
10068028
25648962
23999364
21594681
29120659
24718377
20450123
21553744
14027152
17974519
25150773
13454415
15643475
26628397
25074632
20625645
16735485
3289812
17257535
18308607
11460594
26320532
22077156
22072739
16215165
13378356
21049631
13871456
27079340
25910746
19779334
18175036
14104706
20575635
23377889
23023946
1490700
19121759
25407604
25582311
20190361
24760246
18630371
27286924
12472231
24804698
22145960
26201005
16085609
3402336
25825122
25952969
27887655
18615397
23140093
24721668
27890548
22932296
11231974
23076296
25627460
26642210
23073638
23894157
15692725
10213637
28253896
22726843
349451
14817740
23588883
24164867
20934862
26530231
25576672
26264604
26319001
22165618
25092059
23551856
27329951
1003587
23558967
20351225
11465124
4489821
17680725
25598134
22673268
26027505
21222312
16804043
21395677
26365605
21672000
20590749
27582133
25354045
23628280
29078835
23146478
23341489
28161589
25063275
18024851
28110469
19777397
18996964
19292601
20550537
26008723
22027070
23811588
18348689
26512769
19067021
23470805
24599273
26945994
23907773
27308958
20532480
27777961
27836731
27083445
6336800
8886784
22932284
25969420
15133750
22055492
20923525
26211993
9470112
15795198
24769685
7392110
3623654
27704396
22932290
23368527
18316714
6872584
6694229
23768546
15824889
3229849
23315602
27728926
16315762
14933897
14856297
23229683
27234668
22488176
23122996
25192916
27741545
17632742
20941479
27607571
25740570
27130256
23821843
15838716
1563540
20177722
3906497
18592139
24155126
21978325
25140395
22442402
26873048
19225266
22932293
10491750
26243361
21562874
26187124
26529936
739369
15354863
20808073
27345526
26756117
20380629
26125699
20058266
25355145
23322676
24343796
27242122
7445142
26537861
19049338
19721195
8921649
27866309
11158021
19838837
27209312
22213724
8222455
22760385
19073651
21069575
26074321
21444607
20808045
12715294
16043679
23717848
27664946
19527806
20658126
10582843
24420974
22932297
29172834
25937184
25470722
18161108
23424187
10342312
26197718
22267866
14016711
19814945
24576931
21712181
8089166
17925191
19721204
26358285
7352207
26183226
21432981
29206832
3425285
5054681
22623064
16770522
22932295
26317995
15502900
19364797
27704393
22862735
29390417
25666965
22247343
16883038
27989343
13646929
27587520
26320534
17549536
9638328
22583559
17001781
19893245
9553555
25433437
18926448
18671797
15616908
26476727
20200974
19010456
18796521
27140650
25920646
25982152
1871285
23340886
27321347
22991256
25158718
7442725
19884519
19364796
19626930
5008828
24418087
21880525
22998328
3088319
7856988
12242318
18445884
28938433
28150034
8030124
25524432
23649801
19530741
23248194
15686153
25590217
21553763
23433658
27046479
27744554
7349863
24719845
16935682
20631021
19752174
26519417
24623537
19170096
22736068
16829706
27520785
28179169
10992154
15346311
24437037
11431635
19641839
23283136
24757249
15951574
26595598
18677054
16682583
26492544
24942618
23609875
20593558
23313498
24686888
19446053
23749218
11382701
26648499
26060094
27943565
28027916
25247184
19670952
19959923
11587385
8046320
22559754
22855334
17396546
15789527
9747646
18946627
10857958
14964153
1014739
1147159
11383483
209679
26422438
3417704
11532324
28412763
18488099
46334
9990793
22210975
12882863
18381245
25127725
25240809
28534951
21975560
24162600
18160470
15051296
26954485
15382326
16890506
27461503
28154269
20886648
26580237
26116181
23652868
15797848
25488807
23772506
28057658
22322103
26980458
12121368
21288410
25059454
27821660
19943156
7388652
28239825
27374026
20853194
27603908
23064475
19564462
19943155
