8689622
2036634
6722759
3345502
1638508
3345501
7828161
10991619
3293769
3607736
11750055
3162184
6861119
6572093
3044577
1591712
9546072
8500102
3349443
3881166
3971342
3162183
19489159
11120339
3422588
8536227
1648439
2065301
7151040
17954278
7736441
12742162
9140460
8616798
1884358
2331677
3311349
8330275
8616800
10432940
2357700
3162185
7850763
3581038
9666813
9460508
9283604
8964054
8640733
7697642
8055483
2317778
2776124
3475164
3567884
3465430
3463405
7049353
7199375
6456810
16875943
8646753
7736442
8143279
8402562
8500105
2331679
2720634
3478128
3802055
3978596
6575861
6962755
7066878
1756503
1521226
1606562
1712243
2766239
3802056
3162191
9530349
3395989
3162192
8548742
1653106
3731050
2415234
9797789
1913600
1913598
3621144
3470132
6713364
11458951
9406588
1521242
1913602
2758396
2649234
3422587
3791182
6574813
7332898
3162182
11156446
10640154
9209475
8630989
1322234
2065302
1673635
1672619
2776123
3791181
3860284
3965117
18206546
15325103
12742161
11463445
10198628
9062574
8603354
7889520
8194052
8281526
1591699
2009508
2702628
3163269
3470131
3464348
3971335
6713362
6850558
6949628
9078306
8330273
3300956
3756835
18068543
3334985
2676141
10991618
8111745
1394112
2265406
2702631
3164236
3470133
3455858
4040804
14697647
11458950
10686951
7954326
1358430
1884362
3342389
6467182
18722882
15771914
15036895
12419594
11478302
10326599
9973950
9614920
8780756
8536248
8402561
1606571
1657367
3349444
3955533
7284986
19100518
11850084
10616541
9169044
8974795
1394113
1348209
2208067
2397468
2357684
2766250
3607737
3475165
3467828
3768849
6616440
6572091
15036898
15036897
11303527
11104036
10686953
8275447
8388773
1638509
1993314
3030536
3456260
3940175
3855274
16271966
15721647
11891000
9546073
9109947
8143278
8431923
1638475
2357701
2297689
2702632
3365683
3345503
3731051
3967211
6861120
1551095
7332902
16772127
12606140
11734327
10939844
7773968
3030537
3017544
3460688
6595054
6704928
6652616
7104987
7066877
19480939
15325102
12645660
11478301
11394390
10686952
9844613
9494622
9283602
7621420
8019963
8453607
1362524
1606570
2065310
2372783
2302683
2731141
3203315
2846148
3355999
2825964
3943059
3860283
3857112
3856473
3967216
6831376
7260889
19963128
14697648
11943352
10484992
10432939
7627943
7697641
7923070
8039170
8453605
1884363
3355993
3567883
3470126
3470123
3857111
6831377
7026025
18558294
18295667
11252305
10616540
10526542
7497451
7923069
1318784
1581888
1756505
1933832
2053971
2397461
2397460
2317777
2731142
3163268
3342388
3607735
3802054
3802053
3455851
3978595
17656265
17556063
15721645
11414284
9809043
9283603
7627944
7697643
8055471
8467483
2253187
2598169
2790762
3165693
3479240
3456259
3971326
3971324
2982477
7039817
15350312
10991617
9973969
9595055
8630990
8019964
1591700
1884364
2009509
2832049
3474059
3828974
3463404
3948145
3971325
3881167
6581859
6950808
7272989
18206545
7697627
16364772
15642403
15588867
10939843
7553593
7736439
7736438
7889519
2021922
3365685
3664445
3791171
3455856
6744229
6586283
6337703
6956435
12550775
9809041
2713808
17854677
11850085
7497453
7553592
1756506
1747865
2065309
2766249
2758397
2713811
2702630
2702629
3180002
3365682
3470124
3490905
3464349
3456832
3455857
3864524
3855373
6958360
6949627
7026026
19480940
17954277
17213031
15771913
15527909
15350311
11172897
9723043
9614923
9078287
9078307
8616797
8548741
7773969
8174082
1423232
1638510
1933831
1984848
2176128
2397458
3395996
2889523
3493838
3856471
7066875
16364770
12810265
11203251
10565309
9546071
9242225
7664250
7987799
8221620
8221618
8504405
1884365
1993313
2208065
2397464
2786450
3203310
3180027
3474058
3484669
3873275
6704934
6980700
18786445
7116320
20804925
16080966
3395985
16271964
14499704
2118825
3484670
21156222
14499703
10526544
9689938
9614922
8242600
8467482
1638476
2021923
3163270
2822225
3581039
6978175
6945150
20471520
18036408
16364771
15899398
15899397
15676156
11458949
10991620
10991616
10347562
9772919
8956880
8689621
8039169
8281525
2141542
2297688
2713810
3470125
6437664
17350471
16938580
15588865
11203250
9973933
9844612
8908175
7627942
7736431
1606569
1555201
2397459
3456831
6953995
21156256
