240494
9252227
17216380
10195303
3264941
3418541
8391374
6092994
9172741
19002230
854927
4078752
7669988
10522827
7469953
2711139
10555553
10409098
17294918
1268728
10329118
711064
20690500
11788594
4152807
9459793
22186942
6255356
495743
25410121
4345927
1850445
6825753
9526003
241461
8772137
304765
27829039
2986414
7965832
3999694
4838799
3681717
21184102
22226741
196656
7666148
22481225
6699778
5664234
8211707
7303725
12888217
26416413
19394667
24083242
21303024
14972050
12016436
15311875
17957447
9500404
9616195
16435315
3024099
10048853
3795078
25039481
22869059
15800191
24045765
1941086
1707969
10509357
1578184
2476712
3150982
4371582
8586565
16266849
19432067
22629461
27809315
8103555
22815967
24271002
17383073
19036864
21245360
17223170
22154223
19523325
12213255
23823694
6134825
28365819
10498845
1687578
22302631
15465698
4039156
12423674
16061489
22262902
22197239
19309735
15108785
24772672
22619258
21175800
26179404
2272949
3305468
3106313
2057065
1357188
19386525
2231430
3501849
9489888
20108128
21911159
7136813
23659780
22181193
6100322
1370344
28964238
3037436
4305946
2572982
7729368
2434193
27840400
25627944
1407669
10426479
8008242
6856749
6127681
9084583
20978892
19480548
11504064
23497598
2670792
7311943
5499040
24610802
2459657
5542609
10515969
492074
16097761
1355525
209170
1084923
7177386
17663499
3656169
23994847
8395950
10621955
16415055
22016774
20816937
3418542
469787
519011
6980985
17496064
9893175
3572851
2023862
21943299
16177527
7139344
23391211
22739321
6619156
8814614
2871643
18490108
10482754
7592219
12216728
9026841
14716677
8836237
21167922
2018934
8032641
23889491
8232384
2885850
288172
11246169
17171577
9636103
26250798
23428391
18357258
11207094
28441740
10601435
8985874
28513027
21916420
10441938
25388811
27506665
22388095
6127697
3177197
19724095
12270508
18345164
11307384
1224715
23034356
19326368
8035217
16899043
2288241
1432720
3659299
1081838
10433989
8836236
8120801
27466216
8237216
217986
15658897
29560791
26541202
19426255
8235984
3263159
2367751
6127680
27531134
25074937
25774341
15649973
7963297
14651648
18184813
10489906
22470471
15650685
17662707
12826841
10066937
2299382
16000292
28098824
26955780
1329020
11107005
2435895
25656460
307600
27000558
2367563
4020435
6733732
19733740
1436753
12151511
6273547
15157735
26032116
26995495
11731551
8410166
15295594
19939953
3884749
10581313
1980833
20869401
2173813
15901348
17331265
6140670
10658613
25845402
22855775
5919565
18337027
12042346
8793098
2192042
20167195
28488238
20670053
19019490
20656224
23556879
189009
17431626
16498682
10673559
8890288
8756416
2902217
22511962
26089536
27593216
10215151
16365888
22354272
18795627
27357585
12640011
7531579
8866356
214995
12612040
10200197
25382164
18291035
16223761
21261104
12051546
9163394
24899073
24122676
23075169
15498365
11906520
8727397
10382878
16407430
9163366
26325308
8410700
23227887
19261495
15341596
24790013
19765272
15001898
11160522
11431527
9179383
16945976
9427482
8032596
24403833
17570855
27912786
28961259
24498326
202359
27057797
14604415
26094722
22302832
6273541
26742788
26394837
26084405
28008464
16677501
