6515113
9050235
22302369
9480885
21949065
17290012
26086244
7488096
10506149
23013615
18528747
12571084
1404888
7823016
25405987
19541927
10603391
14729141
17376816
1280334
27910748
16193977
12527723
10828491
19047371
11284472
20448142
3578280
2570137
15050971
8369142
7980613
20356564
11533302
9569351
22837003
29216634
24368521
17143565
17560225
11781704
24157972
26212640
11298644
9560287
8188287
25875335
9826429
9143331
1429669
12750437
17556588
25450809
8774450
3755616
19579610
9751741
11441002
25534429
26215736
17143057
7833466
11533296
1429442
10915646
3012122
8227356
25825788
26339354
7737517
22539995
24583479
10907840
26893369
16253250
12930831
3911843
11149489
17964839
23104561
9648826
11287320
19472223
25841003
28284854
16192316
18092157
19501668
23234727
8808285
7685026
16344056
10825431
18391199
7499407
18974873
11714968
15193267
16436373
23499864
26670383
16000722
8814457
14688104
23383234
15044176
15843430
19575275
10398886
27121315
24884799
9396758
3840724
15872090
8407786
12606940
12475629
9801449
10070056
20482879
11159884
23970787
15252010
8898866
16174864
10082630
8690847
2085223
24047052
23518683
15918910
8464884
7601305
20585060
12694622
18223069
17986190
18852466
17459103
23380721
18852633
1717443
9810707
21307940
11040185
23522839
20030839
25801057
26135459
11278942
12869585
15192078
9829974
17535883
10753123
9922316
11986327
12165525
12740371
7683294
24795315
24107421
18556422
9441664
25473020
25744420
16234310
15486347
21698493
23741484
11113283
22579813
8582295
3553183
11533308
23349743
12923163
10992443
15019197
16455786
7959228
26782537
2941613
10452942
25014314
12654835
20883796
12127819
10098518
10049711
1148382
23136549
15667315
16488064
2315322
26644465
2832414
15721295
27635657
26671483
8932311
18661296
12847292
9277407
12915316
22039465
17156943
12393445
18806794
17158265
23749550
10391915
19737405
16027961
12907675
8081359
16455785
8713072
26092949
19103773
11553577
9886986
11320648
11747454
7644527
11306607
17575980
24747529
1577762
23201047
11162607
12060600
24246949
6146442
12811767
1170802
17691937
15068962
27345325
16990445
17981157
11078698
10652112
22546222
17405149
28263993
12646270
22724070
26984322
2298205
17702818
14982621
27463683
15488938
10655553
7629175
24906922
8662767
18075461
12832292
12654913
21712641
11162645
12855703
8288599
11289158
21187377
19520150
17185631
21614523
7756356
10209257
15133094
15083318
14717701
20723953
28279791
9126610
7708757
2751996
23555638
12540539
9682441
10677545
12559196
15689184
17136479
24255094
9738472
18276829
10871233
3192524
21353312
11880560
26588227
6698975
11093941
27801863
16442159
2359402
28487428
17191902
23994609
15386529
11054383
11983829
17643872
10570177
8527222
21673111
24246330
8631857
12119563
26874350
11208720
22325938
7714774
10610772
12623071
15075232
21711348
8769565
9092652
8552623
21939730
27393691
9165021
22511989
21179510
12842592
1732475
2698176
10334930
9245702
9212079
9700061
11881815
12901621
27153200
12095700
8240240
12061784
9468386
8475125
23727113
7686149
8801315
12296385
27818298
12207701
26227569
28478810
12716889
21677183
25150160
25016014
9437708
14525987
10875263
15242805
15361066
15102943
16377800
15756301
27044800
9716380
11832379
12670784
9988113
27233781
10588945
24612858
22673209
16737785
8097177
9731705
12054857
21042589
18574683
21913312
25061160
22005515
18781400
20345861
16753163
15700158
23481214
21725013
28105799
22617254
26739494
9233792
22361112
26000450
17523213
23551589
17446347
15549179
24973096
8245961
15731041
9473110
24631489
21736897
8508925
1506665
17442951
1812062
24472125
27320603
8977100
14738879
11311935
23160179
7655341
22118854
28450579
16168565
15653522
29593569
12031473
7906101
25080596
27477505
12801637
17126498
3931073
2266973
1530946
16945562
21597061
7679502
8298608
28178327
25851919
22675558
11336635
28187831
21980510
20805981
25527750
17596531
15026986
9757022
15978042
12911059
22982336
20603157
16857387
2600085
23128045
21483693
16648303
17561018
8742698
1379379
24301951
22212327
19019577
10699320
8020658
8710924
8663311
10745026
22572618
19754939
9284273
12719981
14700548
23531488
23089618
19813213
24178689
21756934
21885268
18490456
19724906
8314841
9298676
26944962
2121135
2576648
9881673
21368163
23357024
25764541
7665614
24244553
11944964
22035337
1885763
11827462
11376485
26552046
7957963
11132159
12975385
7744068
8898072
14525966
