7044472
19421118
15995157
23441677
8711874
8911215
9057485
12930084
19389634
9577755
1408444
16438699
11860238
5033866
8576472
25557502
16642881
15266854
21852510
14526475
3368912
867737
9452714
4640500
17472667
11716613
17078800
4415864
8911029
16030661
21319324
17014352
11380034
15638277
2075301
12018367
12489743
2943199
10675462
21041339
22788769
27074605
9238779
15088978
12622468
3885553
14518655
17939556
10767952
13235992
19241355
21939015
7473402
10955493
5810717
17937549
7174289
12473786
11467589
11300523
19389638
15835241
6738493
1802258
17663667
12680442
15600270
15080471
12831105
12551788
12361825
21447036
12670433
6095976
9726471
18512459
24627987
7790297
20074984
12468316
16250397
11563446
12027512
19891328
7855858
9577759
2045405
24446401
2932359
15909450
17587620
9076905
14552167
17844816
21147476
4421211
865471
15352412
19472448
24568104
14582655
14616946
17619005
11990959
15515802
15363766
17153071
9298481
18024238
17693203
2915419
8813749
11361117
11919017
7536916
1004700
12141312
11919032
18501276
12619835
12118687
12670438
2584124
11327661
17433750
7569342
17381772
25599531
19237137
11467588
25460524
9411925
17500486
18426046
2922237
15638263
17765592
11423000
12525945
19124708
8265222
15320602
9076914
16047655
16041862
6671326
2678725
19037891
6237316
10212672
8736224
2048098
17899980
20226705
20470066
10416772
12022046
16250401
26113351
15846402
19465328
18178936
20452794
19241756
22285165
7474720
12677696
18980487
15825724
11795962
509871
12703872
19210258
10955495
25183890
12593397
22058359
7785164
4011899
19508491
24794036
7793048
10909461
17331053
19389637
17719255
27145746
4932871
8977651
611591
19389635
16506927
15460206
17500485
10754671
16313040
12866933
26829266
24051687
18440849
9312753
12873024
21872791
22058358
8757779
12494970
16553147
24200832
762379
16700185
9635688
15605849
24152702
9428019
22092494
15347614
17610469
29111286
10361361
18251294
9239634
16953102
15373258
28263112
21486639
17823475
12653327
12108131
4502269
128793
19790029
9861970
18978980
11919025
14584738
15646570
20159659
11869056
3165442
12816369
10553444
10695878
25645608
10652841
12375774
685665
19428281
24855088
734613
26483582
19541520
20942049
15698916
16911118
4098295
10434971
11968919
8575970
469555
18627223
14518652
1796470
12875443
16740066
23078559
7773872
19712896
3341461
11716620
10914535
10754673
15515577
9324751
17572294
670047
7793520
6604982
12458616
9243778
21689200
12718347
16395936
10434972
6833068
23499860
10582747
15323380
11361114
19716738
21111249
28671076
16109102
17869151
19261501
8587322
10197241
17846685
10916845
17693204
1538219
6874510
18183548
25497562
7754017
10909454
11138857
18929500
14756207
1585306
14738205
27348888
23966003
21820927
8899016
15605843
18844825
28155290
17199494
15700401
12779170
12753608
19783190
2968742
24102935
3972677
834503
21872792
2488305
7783433
10649598
18762558
27172336
10476521
26620648
10580907
243539
9763751
15634864
6414406
9348636
17192222
20012734
7829374
9262864
8407504
1843357
2949469
2584508
16317911
17339291
27144895
24650951
27439879
17363314
23677934
20207370
10945561
1590071
14623206
17939557
1792372
583589
23327180
26567841
15765945
17078807
22447460
23543932
16050281
685740
22058357
10997147
18394078
3573105
11991404
11908833
9012026
10449220
22416625
16711609
18624071
26297401
7801574
9157646
26456867
7801542
19081552
16808235
9187724
23710511
9020575
19954131
27997705
10052064
15135357
6439055
9637304
11204477
8981279
7129368
15580823
6698839
16018570
17618156
421395
22058366
2727461
7999920
7652216
16700173
12765631
12762382
24528199
25339347
10404491
15686974
9127284
26377703
24330135
989164
24131747
7652213
14703249
17449314
9861957
1085024
18451074
11469571
17234674
14582662
24712839
3739176
9076813
11926181
12784966
3617049
19181557
6697705
15163055
24361945
4026439
26394378
8729220
8974029
23865879
20957611
23464605
11323562
19695915
2326796
23439760
23971839
21568765
12220022
21756171
21821453
11440402
26194153
3469176
17693631
15771946
16734100
19681487
17475529
14507092
19477669
17472666
22063206
16511787
4612942
16564417
10380553
24794039
19389636
1807110
10680210
15605854
9262687
730616
2075300
20622208
16783715
10779076
9693633
12875445
9301746
21276739
25285927
8911026
19046910
1586035
9065887
23076018
7801543
9656032
17334038
28317615
12549610
14703086
11688525
