25492515
23010348
20624163
27472459
27470351
22924958
20404564
18342585
20404560
21793558
15914281
27685789
18839938
19270351
19549597
17826527
16888791
18416310
19193120
18821579
15635176
21967146
12208741
21183645
16891061
18281555
18205373
16077924
18549279
17553359
18991384
21379379
15670579
11774279
27638876
16435156
16186804
12963476
12767524
16278420
12234611
18507005
17671705
17459245
17341629
17400765
17342312
15706421
18616908
18312939
27748897
15024582
12480550
15634944
16939493
16082189
11376562
18209959
17397803
15947789
26675280
21183648
19073909
16865529
17644301
15282096
21344509
15069698
17230511
15846074
11929951
20700043
17979809
15833893
22968522
24438145
17476138
23743194
16223781
17958342
17296436
18413792
16424655
17610380
15161027
23130838
15476220
26481659
16830229
24447477
27477899
15173094
21587264
17308048
12672127
14614025
15517875
24730063
15849726
11092981
20473523
24236715
20811699
17464329
28406576
16049968
29504370
21355097
16330447
19826128
19322073
20817931
18566246
18813776
16751067
19233470
25419631
15133763
19760730
18172270
22969639
24553401
15466934
16778104
18642817
16540233
25914207
17387270
23943181
26053962
21812508
21080855
28641053
26906133
21699444
25936363
27572311
19228751
27767376
23589175
21377994
15515013
15735751
28119491
26658891
19723072
28560733
22066664
26473529
23784158
22531354
28272134
24485799
21295294
22536933
27634878
16533780
23532732
22839723
24456586
20645688
26953620
25896701
25661379
20508581
27981793
18158067
27511598
20605144
26683357
22372971
22748449
20126671
26965915
23991922
28012958
18185535
16260035
21198545
24856896
23757352
22459529
21357443
26099743
24295412
18941712
19179890
18483296
28664499
24852793
26452222
22161846
27071522
25790907
26660520
26474959
20862746
22535155
27637355
27118119
22753921
27637428
22706545
24416998
18981008
20068080
25891346
23934231
28103725
22271479
20697094
27054291
26379282
21106724
25791237
20871263
18223231
26205347
22367792
17240363
22050341
23186033
26687958
23244387
27054784
23372094
24355282
24356056
20621877
19874311
24771510
27294334
18519690
25605745
26732313
25878331
25677697
20371442
19608677
21911830
22826467
25254927
23966164
27502713
18787300
15078940
22684370
18708766
19608618
27983760
19233468
25994050
19419690
25118879
25417463
27322928
22182579
23601631
22124371
12141949
18833931
16778090
15675303
28107750
23061676
17379971
8175483
20145211
21821974
26772204
19221586
28972015
28829415
23286281
17289905
20118955
11895892
27443263
19606072
28340883
20359580
19400075
25122219
21083462
26727990
23965902
10771678
23642854
20816742
20686505
24257296
22856155
26727904
24446392
21599534
16939962
26711758
24722454
23755949
25923331
23025386
24730655
25511681
20566995
28202759
21900747
26827693
27632364
12498018
22951984
26631872
25456568
27082124
27028869
23630204
23627894
20351311
16752306
24328201
23692150
28110187
27428432
18245545
18971205
26637769
17464247
7513682
22655179
23313638
27564097
26303660
23449455
18234970
27579840
17476134
16376987
15013720
7765477
24090895
19682393
26294743
26563568
19509170
26348004
17935259
17240824
28615266
27425252
15928589
22416777
24578203
9869377
18366289
18342621
15363621
27994839
17498667
22194016
11001385
10928059
11522619
28329608
15279609
8175484
29672625
23276976
9877027
9633520
24405391
16103091
26433847
22857533
21725353
19739598
22287862
20739454
29526921
15620695
11675364
10933982
25562664
19509172
12782595
10952788
10840030
9794227
27648317
11562279
27486589
21468238
22491302
18323407
15897903
15540114
15059137
25279222
26331334
16886001
16237073
15836624
12748394
12642691
9387042
25953446
12440223
27708192
23141799
21879444
27318982
24838514
18056367
12481415
27657380
27658863
28932644
28506690
15161353
11877306
11443220
21857986
16859580
15771957
12364480
11861795
28853310
25762519
16387551
16322264
12637938
29141948
18575573
19506904
17487507
16822795
12620295
12592335
12569581
17186014
15542778
15350180
10727121
25024379
22964480
16006969
15791453
14767553
14647441
28264616
16024609
14559996
12773551
11216765
29670144
29312470
11265773
11158054
25105035
25782916
24658076
17363503
15063388
15042312
14976143
11920576
15846093
12907619
25486484
16537920
25199959
12214267
10438728
12649137
12634613
28917661
27509880
16356494
28467787
24589486
26413372
12771887
12766035
27410519
21416059
16951199
28566628
15467034
23755375
27482406
23192271
16418572
29622656
23754115
29484736
27239721
24997578
17671692
25793284
24973954
28946015
11895901
