23347426
10703112
15308957
15843455
9474406
8465912
11886949
9849542
16277683
27203435
19966090
26681695
7604717
22455933
14519183
24500647
1615292
7973490
9246979
28818831
15319232
2047812
18359191
9861188
19096356
10212697
9222784
26653988
12394932
17721712
28973841
23495093
3863472
27483449
24662416
6635714
26862169
9614391
28073764
10569460
10341748
24812286
28879055
28869671
24514567
28795508
28445677
8082953
29387991
28326188
28123774
7079800
26272072
28669512
14767216
27652346
26554752
27145822
8664960
28122650
23456220
24685909
26557661
25263833
24818635
24627793
28980494
29263835
28356466
