8068960
19561533
11960269
9720749
16219576
25896499
8151475
24204953
15368079
11876964
25696913
12431660
19649982
18790449
28721499
15585939
12384444
21981646
2521829
23510414
14550806
25132538
16116235
7492795
28238806
8199572
7581110
9286578
18850014
20188202
9414301
23612232
20622488
11965233
15381197
17227829
28139337
10360594
15539080
24931494
7582903
15380541
28131632
17082014
17377507
12942167
28252558
25907838
22863726
24598067
23933760
24241493
27381683
8541530
26602894
8165707
16926590
10807798
14550801
15457184
24613727
21925087
14521453
19721863
20167279
11349806
21925099
12858220
16757687
17446564
10215338
19182207
23167638
24354870
345717
16547225
28927824
9877267
15692072
15231579
16304409
21269237
22798668
9852899
10841613
16690970
3914743
28009481
11090093
23798714
19796265
19881555
10551647
9625020
18360273
22432715
28416503
12234264
23435462
12393508
24815781
14703935
18528302
23753249
10798754
9565100
15060749
8093146
16462177
27342517
14506659
23777765
25102947
9158016
9033271
11159505
28482908
21617009
19700662
28222739
15282533
26613364
27260209
24987108
26773713
26802054
21782242
25653219
11571465
16219539
27729094
11455262
20124217
12193706
15241439
10342736
20637829
12399971
25559618
26028505
22072555
25965411
2645699
24357730
10037029
26172479
14746816
9758347
8279017
11698131
17579184
12923445
22871556
26787753
16436970
25522886
27356746
27088380
3532299
10642818
10827152
20109609
11881817
18614230
25095503
17637687
27530969
16123217
10917573
10828874
21151186
11458521
10460352
20837338
15980879
15380544
21460873
18453258
15585611
26095669
23222893
24897508
10397710
22129440
25371909
9820452
22120986
9766442
25230334
16314801
10546793
16864053
16822885
10084256
11360119
25814531
19389215
11391223
27424663
24156465
22738379
23816766
10192465
17600469
15183902
24462983
26641929
8733715
14515724
20930086
10382962
9208109
20381970
21399671
26659572
20222051
16734823
10988309
16447801
15498128
23815928
16227684
18940684
11766342
11345783
14671630
21057552
25096222
20433799
18711351
26999464
21211211
17394164
21061445
1088637
22135078
16501592
9758355
14716345
21181316
26586462
28027963
9169641
20305701
27665155
17253642
9490568
17989711
15286696
15553801
9758354
16162211
23178548
20673927
19423725
26632076
14993882
27554591
12924605
19001329
26314454
2299498
15077022
16604096
21641099
9758351
16628734
9286372
26979170
28065449
18347959
12010834
18850012
11729252
18523146
21395385
14515726
19450755
15370223
27061552
16968691
24712979
14525766
20542125
8542946
8727301
11516094
11167809
24294845
18796246
11979314
11979313
17301975
23022128
21904377
21846291
12352907
23077554
12498048
10217192
11023502
14671621
8582896
27643863
17162211
9565101
12792518
24137944
17339194
25095504
17211845
10918407
15273710
10891435
18573140
26990138
14647270
26256942
11448397
17454780
22585168
17486341
27216544
10773047
12748668
27546540
10773061
9378955
21403403
19633691
22476883
20425374
23263506
11896336
14550814
16239425
9787147
10897144
15464916
12703210
10530422
7719761
21466967
11555473
17618316
27543159
24997146
10232894
18410892
8784367
21142785
22871557
18801059
18573141
11042667
11019850
11808079
8677736
11152096
27151030
16737934
10586214
11508862
8877714
27941776
21278799
21109687
11489992
20191089
18836792
25948083
10861056
18195682
25464116
11499905
28857616
28219836
17004249
15608659
2940736
16545725
20691800
10392958
27491794
28676064
2175673
18278072
15142056
10517491
21989444
18242060
22909192
2043874
12816991
21193056
12621505
21544586
10933181
6171026
16627251
10626743
26099343
1683798
19952951
16443556
12841875
7028642
2070151
25310307
22446605
9658724
10822760
9208114
18696183
19917407
11046015
28483716
22581007
21454375
25917625
9372031
16001242
19925878
12114403
9259585
18679375
12463592
20217862
28025936
24403229
20460482
19203731
12611068
17353785
19421175
16040393
25797175
22709689
12697870
19191346
18055347
18261836
23208316
22421947
10338046
16387149
24659423
10962823
7756664
14569558
15203124
9355837
28338461
19472035
12036895
22314659
28453219
27797365
11937270
11431350
27820937
23142330
134860
19744572
14973499
9605135
17419940
16275419
25849208
15526024
1477364
15505606
3629939
8251900
12421933
9704465
17308369
2557858
3737
9458247
12621494
22289893
20071660
12815486
12707344
18022573
18451251
10586039
23382561
17229638
23837640
23148756
9010257
19755159
16266994
2336789
12463476
10936869
10933186
23743300
