23722050
25130243
23219705
23283598
27333766
25446910
22380588
18316287
740846
23857708
23933684
27863371
9019046
23600570
25444023
27299698
28212526
26132248
26823038
24321722
28547837
22160547
8242042
24420676
26135125
23325380
26921409
9071674
11850855
8340218
28006714
22724646
22926673
17173000
17052841
8483652
2320762
8016021
18941764
23375838
24405818
18786763
6622625
18760806
18760982
24140617
20718224
26176993
17684812
25886712
25210738
26613222
19632908
23680028
9029343
22314368
19917143
23219006
11808399
20616992
27283435
9139321
2747825
16246281
27315277
9360745
20859767
12052530
19712274
8170754
25047004
27045871
29139644
17849079
27664532
19531108
27046301
23516503
8997117
21669241
23523866
9555996
17971282
15990909
27878900
22999437
21819351
19662952
23600733
26749163
28285178
16728774
22325852
24958652
22964627
27479739
20651399
27816855
11759837
14571053
19592318
17198893
18316278
17132583
27548736
21932969
24621000
15190662
23334988
28057515
17007968
28356239
18490848
22668841
25701442
27796596
14521823
3716533
22015436
8902033
22183754
25010929
10775241
28095340
17384529
25462883
15558649
17988495
25081221
23755412
23224779
18066721
17926164
25530419
18089283
25159529
22698056
8146260
24958668
25758614
27646600
22641334
22655454
16246282
9019870
22942454
25119938
25023364
27393908
9001366
21308258
27235824
21326398
15673221
21214956
20089463
26586269
17958113
28992895
11199084
25464068
19942488
22908457
12006630
24740669
28537090
27003715
11977399
27912194
29022681
8807354
20045473
22684817
12109175
10520293
6703768
18640883
19934626
22771568
21963674
18179349
23588446
21705288
26621427
22609033
20656796
19366790
12034005
15136926
14625446
12755346
22395855
11311932
25064308
21730220
24123522
22325851
27765023
25697956
21900062
25959111
11529970
19651640
20963720
15724773
16165102
25920044
20460037
15905184
23911650
27925798
10775825
16635776
16857048
17606236
24238299
26688272
11067184
23238041
19154765
18720202
26716393
9473966
16468673
610351
11731858
11349342
19281319
20227934
16775084
17355771
22154034
18292750
26486135
15550808
23017651
20693729
16809982
29145423
23583534
10067086
18611210
28709630
22071988
19701698
21393106
25138896
27397012
26070103
24713341
22989507
24034948
24800667
15838211
9696514
20453045
24466014
26952561
17658560
26194338
11033632
15842465
26098578
17371515
17381945
24590562
17724423
2073776
19607868
25084034
8435552
27711955
25117063
27544462
23634296
23089085
7188397
673626
8927200
20332491
16246274
22928352
26815794
22139385
12128117
12474195
17680591
7398444
26541204
21683017
23806857
17684439
7435107
12772182
7320954
11447658
28329716
22978081
23981769
19514173
28027485
19851994
27506678
3980825
15520347
23600856
24144298
20450143
20153150
22577752
25404087
26541057
26771216
23396370
8704729
21336815
2380044
27825373
21415442
8990965
26996142
16750227
20112618
17452432
20070719
21989100
6966686
23168326
6869634
1730401
29176821
25998010
21436137
20638351
9870333
10800213
25813122
26261124
12177368
24243423
24251751
11389290
11439409
27909807
8424186
22905232
20420767
12448590
27620665
18078650
26714610
20833596
10722777
16237976
23734207
24614834
23706626
24192108
27611689
12650311
23215623
27379183
9587878
2577638
2959701
17907331
24899215
25950267
3505717
2910993
7340325
17115615
16963340
20120395
26322787
25331685
23027721
19856177
12763297
19132621
15622506
22633945
6833062
26054497
27137964
22377139
19909695
9029347
8936754
11255502
25265068
2734038
22385782
18528875
20229491
2645998
21693632
6769578
11262503
9741013
17604649
27061829
7674716
18089258
27566987
25036222
27998509
7894379
28205054
23510226
11464971
26090484
3398062
25916689
26753539
24465785
22205316
7939992
24163906
18815056
10733474
7854814
16020147
25050852
27085768
12012263
22122289
16913206
28646003
25880891
21975593
8707543
24424440
3602638
19042578
2646669
22742806
16048367
8556027
26810855
24317755
26593102
22039125
23265398
17115518
19400438
25047105
19391019
18089284
11562158
16227124
25652058
7578162
27171420
19428432
15804394
23910790
1823665
28251592
22228485
27257677
25609407
26595959
15928970
2659562
24548218
3860137
21441555
9138050
2708467
1935864
20856195
19344378
24925079
23431852
24336853
6337692
18539248
28421474
24158009
12588061
19771419
8788391
23797274
24713336
21464782
22281841
6136696
6878594
10449015
22210238
26377522
21477616
28061429
21299879
20199768
22816201
21823213
18040964
22310571
