23167818
25300763
9406423
3103211
23075097
22363561
11473598
10375132
24929146
21567416
17416691
17061528
17184344
21586310
18245231
23181509
17297886
3950455
25816518
22345653
24809978
27798599
25841003
22220499
12747695
22038602
19251932
17927747
23537130
10736005
23209230
24605664
21913924
27154638
21350709
10972711
14242795
16940109
18086839
4905543
23819330
16000112
26147740
16553740
8653056
856024
814387
17071114
21742893
26485327
26364187
6372040
16391049
22961803
20116222
25732357
22069154
17479773
22729694
19529917
11683470
10696477
4201948
6821098
324386
20140423
7660701
7879496
20600855
8079545
6586860
22610429
27741159
28031573
12756787
23234730
12034225
28063102
18373687
21963346
22116501
27033001
19365605
20616009
10090244
22365728
7848007
16430515
119813
8317620
26162534
28470335
2019552
11199365
25540872
19762869
16530733
8659081
6651295
7615417
8548069
22741929
3131979
17702469
11220971
19712403
6998122
15039098
16764959
2741096
7024231
26523568
19307185
23754544
12872827
15835023
24676766
11041131
19666197
19192543
6397016
28702797
17718835
19114096
447055
27450592
18505588
18514343
1762061
20688827
20051203
22042302
20140723
4170509
19251334
24116175
6388494
18789392
23144752
26479034
20440619
25467246
15281933
17651125
17337171
18234384
19541383
20399522
12764986
19674447
23801857
26608030
11083854
1862607
6797982
1410791
24774171
804854
27140611
21278269
26445407
10357269
9411056
17850994
17957117
8820685
6385903
23543720
11535834
23828183
21391210
20974818
25249337
18366003
28352996
27698613
21478365
24953233
21812711
8845062
27012237
15135518
26116681
24070562
21943727
16740195
21848906
21992949
15012814
22666137
15156053
19244144
24393040
351082
28080210
25488261
28189153
21995554
12402663
11741840
3520352
20864471
26681052
15042087
17121625
7235708
25999943
26782736
2888734
27462508
29065706
23265790
29417164
26782185
27375977
26055257
24567124
22768237
24237003
8805096
26782184
28386253
27594848
29164486
2664439
28236205
19410388
26541243
29162546
