5307453
4945790
5921889
5291093
5147968
8345562
1221423
1231650
419109
4390183
22349158
6721995
1178688
24841270
4203341
8276057
27706151
5631580
9698286
8937955
346286
868554
5001420
14990340
21415119
4598118
4598116
937028
856862
1233229
25019397
4522076
22185585
4153001
4598117
793904
6501103
336370
17766702
916498
23568774
15705662
8601328
1421049
8636108
4522078
6878255
15542547
1640369
6755217
1952206
773210
27001859
4522077
74443
5045306
800984
365234
5783415
7181586
6880856
4587136
6615694
918794
776491
6838658
5523731
25288092
6536820
22825052
27103605
6174335
28392175
239719
4893414
1808254
7042986
3311043
4606670
3140560
791369
7214796
4544604
15215247
4108893
4563166
6348484
4590118
3572791
3580961
1097698
4138537
4613552
770171
8164381
16836137
9148761
4605337
8785251
4589980
28323406
10204059
4599965
779828
1104616
4363641
9861447
4608720
10821711
120504
4586621
4564482
4320541
4923013
22875972
4353625
776215
7746147
4587751
4426257
22227187
780110
24987104
776217
22904282
4333322
4364661
4354077
5822
776624
4114184
4400877
4580681
18544536
12007629
4138163
3182866
1100115
4147542
4344780
4246161
1091643
11550901
25676141
8006962
22843845
1309527
28077325
8006961
10455120
4256895
167031
19251824
23874477
26224838
4331613
25157098
11745918
7868590
27338450
16099622
10899433
7049209
4327324
27856528
21789183
7515111
14752045
23525103
22314385
11162093
10974665
15252010
29036608
22916023
26214579
23603838
12072427
26248366
10731632
16513849
24465659
12571232
2868406
11518807
15322103
28803492
8243034
24242939
3998561
2586332
23357255
28336578
11744833
8368635
8124616
23471818
22504320
25137345
27977216
17112804
11133287
20012942
25022720
21220359
26987268
24558228
11290327
8791620
24634217
27155814
22290273
20185278
24894561
25995454
7645023
8821597
23991219
24041886
10706865
28414110
9532261
10569924
28296193
20488228
16982613
10681370
21415249
7791429
25865846
22620706
227834
11073816
15319343
19480557
76627
370098
12821456
21441035
188832
7881274
7001367
6146342
3032899
16569850
4607947
33150
26729758
355855
9669336
6388581
6447139
5073756
4073666
6990018
3201753
16847427
26182937
8631698
21540293
192615
4990763
17331884
8175680
2200123
18332862
1430211
798339
9365263
16753031
22570422
18220231
21436605
402358
15692574
14602596
17191263
8837466
14722235
11278820
11408620
19114679
202743
17563131
15670600
7752888
2489806
22363234
3942736
192994
19188390
6263865
1510938
19170875
28009073
15939703
17361125
14632124
26008186
370776
18238892
19926651
6445564
10408915
20525733
12404239
4571401
11278072
16679537
10972827
1375449
17055024
15606780
9950072
17629709
21321137
28911105
4576025
9642186
20097818
28698272
20674359
4610179
17639026
23255551
11129093
9749821
16629670
19090622
7751274
27784136
137230
4690965
1100118
4943550
28468825
15036667
9098067
28027282
22008537
15036322
11836020
17502621
12384362
19269902
22115371
10220562
21527473
779767
12029034
17825069
12577047
15276086
1651932
9350037
20624464
27017938
27230588
21393153
10913093
17279585
8107086
23123212
17925385
12167569
11717398
27557658
18981575
26782648
20624854
8071216
11440834
20031487
11230139
16937039
24638036
21295952
12904601
20034695
28320880
8035036
2158814
16513445
1563353
9862449
20041327
765337
1112826
16831602
26586297
14600250
4941560
8633005
16777070
19844775
1840693
21733412
3259880
20176899
29109183
16258024
8632764
15001973
27637290
22339773
25158258
11958592
11322768
27131644
16911877
28821299
8702978
21446053
12713816
17429319
27118859
23440558
12601364
22829544
17284282
18855943
17088262
17258938
19147857
18037906
2685331
12746103
21224054
28223391
27311985
14709632
15347753
28190135
22159698
28213941
10873607
21945488
22333269
15769478
26892637
20139184
24530503
15489503
19770509
8980763
19188393
12234840
26353937
7736687
23836167
25247620
25297453
11432536
2412751
21477256
28561946
1987124
2191442
20159376
12766253
10470557
2260347
2040125
17325223
17071754
2187594
15258100
18332086
11825096
2045367
8792056
15656696
3282749
8108753
2205688
15601698
8994787
12118520
10706193
23529866
3169987
6391781
11119600
11469722
10202228
7548905
9797218
8261715
17993526
12751028
9139927
20802034
23922656
9690788
22168812
15072439
11368292
9784935
12169597
10817688
