22333973
21665141
23079651
26609955
26977873
26089542
21869595
12778136
21335229
6267412
17163163
27070707
22771542
6325848
3186450
20827531
19884882
6330233
21742793
17935277
26565111
25180339
11902577
25358351
16790392
16413464
16236519
27746095
24875738
15315761
15655365
24330335
25625205
25200357
12908544
23867323
14593696
25898392
18054800
17208431
11076015
23583638
25070781
6147995
22355704
8837462
29229993
9696882
21439391
18843198
25266476
19238148
26240282
21315819
17760806
28438405
23634259
21156286
23396190
22649767
20074037
8244028
21654194
18987159
22266221
9501299
24889070
18644252
9187761
24508461
26185128
22438712
24301385
22223105
18608860
21502810
21478429
17599058
17259655
27505678
18552834
14575719
8074505
21245385
9178896
8768250
26292757
17439397
20663916
16869759
11606789
21613325
20404092
24242071
19047678
25157181
15867383
6101069
10733595
18538733
26384863
1373065
23428904
20861187
24101512
18445689
9927195
2413752
8550480
28622516
27033256
27070600
8921853
21459790
26322680
8478336
24155920
19383288
15340424
23941353
2989214
24143279
16331279
23037862
12923533
24906311
16854228
16213226
28692064
23202232
21151115
17390049
22152476
17823310
12917627
17112774
23948297
17065222
10753221
10541433
28903318
24034696
17009404
15950907
12670913
7961509
7510262
29590434
26948303
21241890
19124610
19066456
16217257
10880462
8226683
12154063
11726500
2983013
26518922
20605920
17700700
16540642
16049960
14681685
11960696
10851075
26961310
24583015
26697840
23001011
10741469
25913861
23242419
20813259
19139129
16760648
16877364
20053638
17311301
26451612
25342715
23288923
23103253
21300982
15833857
19965678
11238881
10469610
26882564
17889127
19283075
28604711
23795761
21525173
18716132
28502659
26949251
28975781
27091106
20884686
9515813
22816737
21746927
25843713
24871945
27126000
28465321
26228240
24979572
27462441
29661169
