10542055
11474122
12761292
13964139
15637340
16173126
18300795
24033890
16988760
4918542
11824516
9581490
16178890
23803029
10772891
25400462
17381513
6184259
1378466
20827489
2221078
7835626
24312710
9560293
11574777
17342306
8080095
19853004
8237369
12051697
15143335
16164043
14714830
25728227
19122513
2312104
6159295
3125112
4577783
3098249
790279
770227
4931585
26079943
18330633
23051678
797572
7575556
7533109
4877592
12737439
236394
11505785
14250910
11241664
17294816
1988372
4902269
8910013
25815713
9422322
17068116
23850814
4092437
20388534
25842925
4564085
25186082
7680650
2433119
12743444
1693444
917746
25566739
2111133
1703039
2472645
6422859
3524800
15255638
4912170
9399654
8694148
8607507
391706
15086835
21853920
16804962
3579908
1710206
19816567
11390426
14536
23899060
19175827
22286119
22880404
16447040
28081602
1782415
10615308
16001631
2641408
6783649
16328596
14719100
17362964
22353534
19148512
9205747
17085661
15591366
6489592
17320150
17964080
1611883
10414502
21116114
20492327
18521835
16688795
15609380
3118602
28322956
23404616
10779222
12397653
18234547
5339664
26522475
22695933
19820687
1692551
17640647
9338599
21596555
11966871
16787389
8037699
3111916
25987778
19775071
7881020
15515124
3623833
2472262
11813625
6394241
11302963
16352428
12361698
3223933
16153873
9038877
9167746
2518222
25439065
1718585
22041275
19924550
7688217
14691392
19424904
22790379
23478383
16166422
11256980
3310433
10950144
25143129
22082608
22410801
22992780
14972799
2562403
24048760
8270093
8759606
9647593
11214498
1872614
18825308
23451082
21951093
15245777
23627787
16822880
25636864
20108052
24416935
20837158
19540560
