20599520
27664319
26633263
20361959
23252647
22248729
22166436
16081203
24047522
12548046
20946938
20189029
28062218
27189760
24807189
21042558
24687172
28349217
20880501
24448212
24621589
22933148
20727973
22506402
22426895
27075756
23979705
28427563
24095587
19768553
21699489
22189915
21233178
12429214
18040847
22242402
21699488
25411436
24680995
22939914
17584117
22824323
15869805
22065591
17475804
21912650
24070585
28284222
24228384
23396947
25676331
23117160
28666870
21737799
27033597
22972486
26040565
26048578
22683080
28587818
24687411
25619553
21040713
28254441
27862694
23720813
25124896
24349614
22674585
23028794
14744800
20813161
23951048
17984681
21106954
27507578
15891419
21248133
19903520
23307732
28683286
23521911
24644058
22958438
23930978
25833102
14634089
22607609
22886465
24699213
25636783
19018000
20668435
26087739
24013726
22120544
25620736
25637536
22653796
16179518
23850810
17473852
22535513
18495785
23313316
22185458
12060810
24286760
25669325
12698210
23261590
28007901
26260484
28178617
15647746
24260528
19680145
23400915
28032996
28270702
18220778
28404595
27004516
26231211
27572744
21143142
21937953
16477650
23042638
14960625
17378755
22645758
23500011
22803672
19747160
23395614
22912494
23499795
22618994
27940378
20397299
25723469
23384249
21345169
14634121
19448690
23361941
22475649
22053919
26797518
22499213
24473753
21194439
25800044
20541589
17612055
25069267
22806180
19924513
23988434
20025548
26923363
22735487
22386198
21345170
27746369
20041759
22122884
10934283
20950631
12631585
22797933
28260801
25722974
22152278
23970926
23028862
26416082
22074460
20026663
25894384
24302959
28249911
18512160
25530267
28409389
27038371
23300829
22640699
21396905
21182899
26218295
17365662
25025067
27427408
26643169
22363816
21338578
18668149
20828402
23398903
24260521
20382225
23583884
15474976
29448097
21854743
27621050
24034629
22942241
15817702
15855346
26376347
21414686
28315174
26884647
20195797
17919739
27378696
22869199
16942597
25483920
23196997
18442093
27086850
29408508
28402971
21631167
25004828
26916918
24076168
24833742
17017555
24040063
23673309
28398652
21613335
24486434
28573049
24047519
25285951
22619052
21555117
24584051
23231074
15678109
23652834
12603271
20101481
21467220
22387176
24089506
25917324
26954031
28608978
27545975
20471717
17929310
20303348
23345082
18591781
24681253
26666666
17563384
26872456
24914808
24064066
20609379
15885314
19049811
24815539
28164283
23196130
11160388
12490568
26582736
24288626
24047524
11578775
28108277
26963100
22227297
21699726
27864839
24907647
23102375
21749910
27196727
27622765
27878274
22629310
22943182
27350577
16168453
10943727
23492769
12950462
21484375
14511118
25156282
22855093
25049354
27965088
22542583
23356518
21084593
24820962
20626064
18800007
23041626
22975507
21611834
20456016
26386394
22869019
27213058
17224051
23500096
23224899
18716210
15542702
18566433
26100815
24759106
23242137
27723799
23647683
21220013
27983636
19138045
16207887
22423113
25592618
24952332
24845857
24289479
25365295
26373740
19236470
12465046
27075886
25965265
24565378
24086556
20483760
26152332
21496499
11245665
20345941
25108214
27544883
18661552
22588329
21111015
21683771
25275372
21711557
24002884
25790769
23440897
23382826
11141480
19175796
20586644
26592472
21870076
21803432
25721106
26301513
21134289
22850444
25919915
17981803
18793350
19269277
27363272
23219792
26413464
27726055
17947696
20967887
27217090
17678962
23840767
28333139
15718374
26472924
21622179
23523267
26881113
26827945
19052878
17982277
28208679
15601679
28028734
21093515
21596035
25634435
20178837
20123040
23384839
16775128
25446356
27860258
14769381
22607655
24905526
19012619
17826030
18761708
27667770
24162663
25579382
27567737
25039775
24311472
25687824
22483759
25421817
26520095
20148316
22975135
11818564
10882783
15908457
23437066
24456901
24142850
22155499
20962261
27837661
26798424
20037584
28043900
26003816
19910459
23732506
25596423
24038428
22190366
23867655
15126686
26607631
24299259
20878769
14698845
25654405
9930728
16374800
26632175
29153608
26297319
27998743
25834052
26729090
27004367
26597538
24993787
17390309
27889907
28235660
17670977
27466072
25716179
25417929
24751148
28475165
21787181
23340021
11005868
10908610
25810524
21390230
18328601
27543936
21760535
24139673
21737801
23466243
23370667
20712904
28411187
25514974
23262090
21048305
24531553
26329786
19647070
25833342
22585561
23762086
14871450
27345388
27103430
17691936
20609108
20581853
25463515
28198010
