19266333
22643448
2689319
23398749
27182965
16621596
23940700
11804272
2083945
8678120
25222922
22214609
27485227
7990085
23410786
26486610
15832169
23739626
11434462
21793837
14501063
7947411
26025019
28780641
17850555
10797590
23697936
27153988
3195586
22122339
27670932
22764060
26990313
17850542
26849648
11477198
14739693
28926971
26811639
8660006
12866259
8631155
18489847
23442137
17495350
26422695
6930337
8122051
14975092
19701220
23382687
26593940
15168668
23612691
22401592
26481028
16151517
11037329
13761494
17910738
23815656
9482641
14493743
25768950
16537840
13666821
26850256
24002866
23519313
1498039
10417286
2891605
28859416
16262206
7493024
20009482
1331259
16670709
18046763
15785770
16611462
27001274
4232810
19589187
23107919
26545598
25246446
28797052
25563503
3952798
15359068
24771088
1519335
23820649
22734045
26413946
26922326
20209660
25474351
15471812
24618187
25665387
24799423
23413338
12080175
8992947
12730829
17514428
20370638
26853529
10767316
9272148
1415325
505537
28483958
16368507
26989146
1251587
19152785
8651310
2015693
24237636
7615303
28793223
11161818
6808647
6069259
24574307
22824110
24681576
17123301
12006977
20731717
19429602
4054594
8735388
24587377
18803426
7713445
21203848
9445802
21225557
10921075
28158434
6469262
3660770
17597543
6729946
18029361
21063749
11195571
4002314
27821552
11269649
669720
11568502
891013
25763762
16988938
8066105
2617956
18282287
16450858
3879145
4191820
26932796
23572121
21811302
20607553
10495030
25944666
26351684
10716653
20429910
11894994
5077742
28061811
8143616
20923084
1768455
17076895
10190270
7860059
16913942
4754329
14186220
23798305
23097481
24766477
18597665
25086605
24634472
12355212
17873875
7205429
7455481
7101419
21108388
5530702
5301756
10886027
2096814
14516373
14597702
8706804
3840445
1990845
9631663
24139903
1146276
21959164
15596461
17217238
982531
6158169
12394325
10545455
22419171
24081233
814719
27140512
18604518
19172087
27555652
21334463
28834162
11099667
1166509
18753010
15078152
2079856
11758678
3055988
11029329
11435407
10669528
25204302
17521308
19500990
17105969
24686940
22948727
893995
23822506
653209
19393294
25338670
473351
955637
3419179
28488059
12663553
25996670
19904522
23319288
5649033
10716650
2769086
15887244
12807784
23153126
26219736
23062291
28189670
25471673
7908718
2282633
12378258
25708463
22775266
23540420
24395780
24859270
21446188
814720
23481627
20331654
23815123
18073491
18694357
20423675
25891044
15488000
20206495
16500796
4239965
25058277
9603611
18043279
669719
12204685
7236356
1521782
11994739
143443
16135855
22018481
7769461
8242060
952765
4475259
21350170
16019443
10795927
22234605
21515578
28920489
17110498
26203000
10886756
7692673
19858477
17914860
19123970
7362201
25611311
21443674
15066417
20495529
7618131
17219386
11605164
24535895
26933242
4234494
28148241
24613980
25144184
3455660
19414162
6313473
19147868
27329977
7941929
26655353
10234175
3137266
8036795
2440158
17898985
12714187
3440516
4749646
809661
2252596
21224881
15124827
24160421
3957030
6214719
28226236
12952898
15360913
1778605
27797759
23089812
316712
24944117
14728297
16869435
25577479
4570322
26849113
24501099
7197206
28936978
19220931
10659578
5641825
1021516
20860486
15720299
10394470
6610878
11675134
22166943
12876899
27091137
9530915
1741977
28282077
22353760
25568458
1101154
9572112
3218169
1592145
98870
22217723
22235649
17584761
16621642
23809700
16672033
12627169
1776628
8476392
159858
28455767
14663513
20216460
15622500
8752418
20205302
27194576
21515583
22434506
24233909
3039378
17609520
998011
26828419
10344229
7325160
18022278
16316654
2196162
26222268
3829442
18285283
7762979
26712532
21030405
8513187
23640490
19369265
22946838
9204769
26953271
26758547
10845854
3739324
21849035
7768437
17041901
22404475
10863363
12814343
7358398
10829086
25165093
22711423
23912758
17339872
25522096
28859407
14513205
3881165
415641
27417534
4833525
26020274
23927503
23204508
18331198
24699242
25381155
21364941
23636737
25145641
25204304
23993232
16724327
17827440
7210607
22954750
11770684
17607306
20607708
20643733
5666287
14656969
14618377
26625191
7293115
12827278
15119834
23826094
9389974
1708324
16497276
27125759
648179
11256664
8889370
20351220
21310061
9112768
23020879
17470435
17784919
17950375
26248470
10329112
24022016
466558
25406255
26013481
345033
8960911
