20131266
14146505
14121128
10695446
26710971
20009980
5139069
19999895
3995213
11510209
23159900
10068714
23315156
25603588
3053335
10616042
23534271
9462914
18409504
19592386
19816687
8357747
8182655
22272526
8306386
16265700
19433823
10386113
9247047
25026802
25417683
23318701
22832306
7942934
21761146
3778053
16259576
19286852
7721112
7656476
20837191
16644784
2010592
22512816
2326661
22933424
17875888
28292303
27418121
7310574
27230083
22132955
9599790
2388995
26233513
8178071
23729800
6859968
9492443
19370187
16821269
20506247
20544070
27803353
23460805
21388850
11177768
12667391
16026179
7477627
9686952
1588208
22588430
23342610
3813677
3117170
727844
22088929
8009701
19852752
21812963
15639411
10451080
26989110
18349750
21599917
1873940
20124358
2254766
28487277
16586130
17356931
18634142
7660963
2067104
18260174
24867507
19705791
15264458
10791627
22052584
15739537
758922
3787395
24665118
25437279
25869687
26142537
7259335
23552988
3590009
27541696
2360955
18021516
15604602
14528524
20084441
15229971
4649124
15179818
23313809
23087924
17728328
22132951
2843048
10752504
8625602
24332008
9291881
15461235
24335384
3339376
21654265
20013296
6174658
15838248
26286027
12629716
21654270
1061547
1406482
7421486
21654268
26886561
20631196
10901773
25332119
11048621
10782835
14872504
9678437
2293834
15370718
27421736
18587231
21654269
9590107
26324846
12629715
19026153
7428192
4032412
18986488
3734016
12847698
16684326
25667207
19139655
23392592
9664104
12429297
8730127
857733
1780667
24961941
1558451
5670263
24046469
3401106
22293812
21395653
21264457
24265412
7904493
21909621
16416809
18178765
26414176
9228138
718310
26714165
3314490
28079821
16463619
22795277
22906142
21654266
26369796
7660926
24777469
22522111
10904571
1792778
16161539
16059895
16169841
23861232
10707571
23031144
22679303
20570836
19077887
12629718
16357777
25209031
27770227
27658678
356235
26510154
21371293
25499256
16288582
9598023
26905267
10765940
28458315
24020339
2254887
14963203
26765205
26266391
20393164
20661067
21669599
8976102
25855479
23152264
10914856
1556942
26714568
25971955
15257557
13924102
24685969
13743802
14439365
20053405
13206678
13122830
16932713
13948070
13108723
26929220
14322592
13528553
11642522
13246611
13011082
13523416
20976911
23449767
13351216
3538308
10197451
20307024
6535212
7362402
18409508
22571781
13851059
4046667
5623539
7966087
9059136
15989006
7415375
18133496
6529541
21325587
9086625
7411121
5054175
8970059
9364276
19723483
27138165
21162982
2631238
22626509
4082564
602929
21169841
26814123
7097694
9218900
21800283
2637458
11352231
19445790
21068145
25277955
647212
18409509
17954784
21575286
25086327
9078733
2006662
25660596
16131689
11508603
24548600
19556210
24377421
8067020
27589491
3051096
1746824
12087559
10374422
25660249
23837935
27448491
12233891
888032
28153936
20739424
27077593
8507229
20110790
24025177
1847794
22172492
7169301
228383
28091806
26230580
2290309
6348953
26582823
7921753
9364832
24522482
3617784
219533
24678765
23835305
11819130
20675423
26500085
8092171
20489594
6861811
16291814
5823049
1820473
15290739
18036056
25165032
16775264
26234279
25486420
28440522
8644383
22778033
2010471
9195521
8976122
6252259
25968834
20666730
23209642
24714624
1092730
15493112
26481934
803696
17017483
22064605
28371506
682815
3735273
19503597
18327256
1503884
1805324
7656469
9217553
18390895
4077378
655232
11155706
1862011
15188314
7699637
9093794
19820135
18546769
25433021
14521004
12787393
12810427
19430560
22899369
15868631
27267905
19048257
18237382
25294371
25561685
7736904
12077033
26178737
29386192
9503495
15110132
9829346
2655909
12466002
2624194
1615775
16376674
1421721
25986447
9189237
24651620
25237240
28676911
29496000
29557755
29022182
22470736
17143697
27455925
28757187
27756973
27666904
11324929
23454727
29529294
22337813
17043470
15697133
25237241
29247128
29102957
29518007
21629805
25789770
29041963
27933209
27275659
19989545
17043538
27489636
29446654
28990647
29489919
24451301
29423326
11982573
20301530
19078277
18635756
21871832
15587365
23723338
29556417
23506426
27251504
2262249
8789878
17299120
20579522
24114987
29495979
29496472
24719620
17043480
21686780
16498814
26278306
26528330
26868534
21420703
25646562
10992124
614073
28243759
921341
11212165
644241
26975027
2803843
19078296
29398463
15124258
17926000
18342056
302025
