7488941
20047143
26862727
20829425
16452313
26374534
29117536
22173877
19063840
10200574
9492172
18664356
15517869
20172858
27529373
16965834
19041641
26200607
11835754
8094417
10199999
14579788
17339471
20153787
21388949
17341630
15582661
10466759
23729589
28677749
20298152
14563315
25719249
17140287
16732183
12115434
25987214
7838955
20177048
22713546
19327373
25645334
9727628
28945793
23936019
11232194
23643933
19099630
24291358
11271461
27234990
15942119
9531312
19157064
12185594
19439218
15685202
25460294
26237576
8146328
12805900
27314053
25153241
15711175
20030851
17149972
20452427
22904681
15634221
23502251
10889505
22288105
11772516
18506558
22310284
27604105
15748701
27343828
21285529
12963412
20031162
28402230
28034748
11920253
22414163
26625740
21036697
28026003
11891510
28577894
18829022
18691057
29065394
16158257
12714098
20580929
19582410
9579691
25956062
9721334
27974506
19148523
25789975
25872882
25564715
14688367
18812221
10569627
19679826
15314285
29267503
27921408
10853023
26356820
28056424
22302042
11327318
8907268
23559011
12730101
17881896
11473733
12932814
26313443
20568958
18519661
17109472
9920858
11424085
28146436
15983431
20712420
15238097
7878204
14614956
27357603
27701148
20653475
22614095
15915255
27861138
29232661
9029738
23715749
25659586
27449099
9562691
14755550
15318821
12177505
22246375
16401474
12425859
10702800
15368542
23826918
9157989
23022344
26048030
18434144
12139923
25741593
12657368
22301667
20148665
8950996
15451625
9743370
27844181
27056384
26679112
18086244
22067459
10210775
14979873
23201402
12812915
22012334
17144872
21704196
17868648
23154182
15958729
26820170
10955716
9407311
18676851
23228915
25291357
22745744
16500021
19462692
16782232
15479723
25895919
11557530
16951703
15277383
11406540
23536891
25293561
9531612
20552340
27874976
12750404
25320237
22045028
15596228
12645082
26971628
15730925
12481072
12681000
10948432
24590400
28351301
16185481
29055955
14992377
25555205
22235114
14633737
12955756
25447764
27994511
12172961
27471260
18196957
24409321
24263103
22542939
12711928
12397885
19717209
19877433
12911263
10772942
22553144
14558917
25483877
15475382
10762716
14625034
11037882
18959206
23140293
11531103
20381862
27583569
24147007
24033192
25935324
21099289
12874020
25377354
19768634
17212356
16158963
22064708
23536831
12939597
22127004
12244195
12379781
16227398
12736715
27638713
9523706
9651399
10914733
20840275
8566010
11727758
16808620
10048577
12642103
12208728
9712028
19037088
11483992
12207162
15042585
22824331
15271377
17377490
23872363
8838860
16787420
12600435
27977766
10938579
27770270
22282868
26079328
21414422
18957297
26697133
10710535
23255670
18302959
15919807
26314859
26162325
7606817
24680856
8622967
12200195
20691167
20875857
23735541
27398911
18460883
16464366
27167336
19372456
14739138
12746452
29318693
10648905
19541381
10329482
21878650
18755291
15694838
25980493
12161039
15466204
25807873
15756686
11093825
17103031
19745814
21092814
11024552
26248489
23444126
11462799
26683706
11384965
14634119
11245429
20361499
23098837
10888117
27384977
27195675
17568190
16632090
11823072
19716365
10993652
14697898
17012767
23547052
18451871
19598251
21514385
16493047
26514525
12482970
7868889
24964962
16003389
17125461
19026784
22932917
28389868
22674285
26305675
15360133
12200187
23852372
15544547
17016038
19120318
29499281
9187131
17679912
16338207
15322202
26454716
14677762
28321407
21053274
17109638
22520577
22470188
24946096
20211752
10672898
15297111
22023076
27363341
20359747
26940879
9879458
11061245
26859911
8150531
10671321
9388508
17942717
15326395
25711401
15905522
15476865
21538163
22989406
10092851
14505429
15373780
10976921
19168167
19167416
15369775
11154764
22664739
8596025
20977754
17634411
12351814
20227399
17349210
17125751
28126402
26125735
15686473
25914032
12776265
19508175
10430628
22998365
22915781
24675789
15522844
14522920
11517188
24007285
22019604
16628194
27679398
17825281
20846531
7634826
21268078
19841866
19500451
19748905
23274418
20484657
25065671
24270644
9368286
25737207
23017670
11313953
11694335
11827744
19733005
24608856
18776064
14633726
22342579
24296154
16152622
22522029
12089322
26774450
22569136
10817565
20979535
16888095
28178280
27078622
17522442
29408336
20805790
20799912
10614774
28529459
21873529
17640772
11259391
23682071
10936184
23417300
17053028
7692234
15009736
14978734
11215758
25860244
19409438
23526697
28300832
15781611
23644654
11259608
19261736
28295562
