7504306
9121346
16751797
12890990
10069505
10188800
15119944
2229100
11008064
12667888
8822036
9121341
24662799
1972938
8637426
10188793
22222703
12893538
22222706
11712743
16465186
19439804
9817739
12768836
16879488
10069509
12493364
11475798
16954793
12924634
9703200
22222704
22222705
9121349
9121345
9365220
7890115
22222694
12452898
2694531
14607264
27281175
7786837
11392628
9789820
22222710
2178533
8016895
8368167
10421824
16805722
10069501
15148264
18060543
22222707
2470172
7768353
15500396
22222702
11519822
1372125
7846951
11760777
10069504
8441331
7680091
23759942
26537408
24068573
8895970
12714934
19326846
2694524
25449471
10069499
10188781
12614037
2694520
12851770
23820900
10188798
9121350
9009709
8968726
10069500
14983972
25511176
9121353
8305900
27101440
21704162
10783705
12915051
23317008
19399831
15725706
11867333
16753574
16193097
17039772
18285655
10069498
22222697
1359993
18437633
10564077
10980715
26924207
8441329
18838178
10069502
11905842
9121347
16267353
8239275
18948215
10926384
1317042
21106385
17309345
11726216
9032129
22525375
12642822
24747364
10069507
1720757
17011383
10069510
15190387
16267352
8441332
15524023
10188785
12675128
15826932
18059316
12139408
12108757
26223119
2694516
11232489
23179755
9928436
9618710
17828293
12520758
1793059
16787566
15048016
26381938
12271511
9775403
11885660
23135882
19285836
21254592
12582447
8906560
1343598
7959417
25433148
10427352
20453444
9121348
18548230
17199870
16648669
27927039
20462524
15257626
8382764
17823601
16100388
20818151
27584964
3006841
7897393
19298256
16903770
24114586
18044064
16178992
8906561
24397962
2694532
15548853
16712780
21511677
19431081
16391716
10780577
16584282
16503831
15493952
1327301
27584968
23075544
12097234
15963212
18982920
23584850
16394579
16450767
27431345
21198547
24587893
2694523
22643681
2694525
7633558
15693640
18046909
16398909
26134749
18042322
27463365
29374561
9121363
17377763
18515421
16217275
21099296
27833955
10025113
16238912
7859583
11243565
8207319
19680525
2699834
15559443
23994932
26671329
9121359
26219721
17356833
16200941
12020465
13680472
17620902
28610667
2105903
12974516
15264997
8845730
23641864
7763340
26929634
7590107
17169005
19931306
16483863
11240157
10990175
11128699
25588085
14598554
10755330
1443898
28855694
25324001
10023850
17268395
12482724
9568532
26391900
8097411
21433380
11260358
7691694
10928320
28394529
11132201
11849189
23762960
1978405
16981004
8624081
10580922
24158800
10370904
24494686
16391411
27980401
22920573
26100432
21433383
17157080
11892043
12473296
11060789
26422981
29477656
11193162
25151301
25234126
27338066
21714776
11424890
22760068
14654162
26588796
10503656
2552469
15353271
9131412
15922812
26525920
16548640
20132203
16553482
24529672
9817746
17136995
