24811201
22248234
11518093
16368660
17567403
19969556
17284486
11885345
14982689
21849415
17571523
8729713
17583026
12796230
16549315
27567966
25385878
16801302
8575948
17267026
2501813
20056740
28192582
21524268
25082830
9219386
10896845
15206665
19630713
19423535
18572330
8225689
8808137
19398166
19325134
23460656
18380035
17097814
21054620
21245085
11403729
21466605
20562205
20503900
21350044
18723034
24089693
18478321
15914818
11006060
21655136
24595505
19351783
10926587
19488741
16719728
20439385
17201904
26825008
19586232
25977408
11072398
19755656
16434603
19819640
20491724
20622024
17057636
2319049
23822739
12507532
21318563
16838818
12693523
15847626
25701265
10841593
16085502
17619862
18762494
24458316
23817584
20144648
26639526
19268688
18617079
17897996
21382649
16342517
25589677
17902289
11945215
20651873
17439866
26118829
9711443
18489200
19715382
14599422
21147894
12858320
16183574
11267622
19491286
11506266
11867326
23280675
22632274
18441375
15877590
18312809
10560170
18412695
12359036
11784468
18207603
25416755
15734231
18048619
23497603
12814500
15915026
9654641
24872027
10723817
20141455
28650184
16998171
27402053
1776544
16920652
16567056
14519177
11420814
27185903
16920651
17066490
25224609
12616334
15533544
19797344
16139962
24336347
18031972
19302637
16183986
19087949
22184800
20378640
15143375
18821877
20173802
12775857
18048614
18048631
25392075
25561388
27046670
22507850
21464679
18826906
10615236
25296623
12374267
17243107
22529220
12096707
22615944
27461547
21153694
15924980
17701760
15564628
17375140
22234781
22882805
15896921
19549267
16580189
12408855
19349313
19344446
18263663
16242591
16046686
15170772
24362860
22259147
12740611
16150551
20196919
24689988
17488525
14751320
21561500
16116148
20189133
26971694
16919421
8868546
20623259
12050041
18085887
17373412
18941375
26355397
15273495
18326167
21636216
17535177
24029624
25817527
18199474
14982683
23488726
18303701
9559717
11799545
9612673
22830506
18392059
18409336
19860300
19736499
14580641
14993077
22534270
26856961
24238774
17544261
18625985
16107488
23975659
14993074
22446739
25840880
24613945
16367989
26055267
27548689
21234550
25292017
17549592
15539053
9725926
10485225
15604048
11390141
11043002
17365730
22247219
27921634
17054164
22428386
25331778
28189437
12436760
21873701
24559809
12028852
28618425
26293443
28239942
20690396
15003069
24124105
23315310
21571688
25970237
23294918
24657328
29148565
27392584
17130010
17396058
20824856
23244093
15068313
15656213
23159586
23469577
22016705
22406881
16728752
9492589
26283713
26944021
7997736
23228222
27716223
12460525
24011470
25049343
26017263
15592269
14595057
18501868
27613944
23375024
21703843
26721211
25895453
21459985
22204195
21355911
17059330
16236919
24920575
22135165
21690317
9253222
11198538
23485952
21510784
24886856
27893843
24140303
9327493
27287751
24794422
21510796
16042638
23327643
26763163
26014455
15265101
21497706
26286738
9825420
27589072
22502663
18172153
22006411
7992673
27633766
26927023
19631684
21883602
24045376
17499444
28882123
23911847
17461010
12146134
27624188
26931362
28340053
24935757
26158343
22199150
28948720
22410103
24905757
21500879
28551588
10788733
21809792
15765019
25273646
18936053
20049252
24645823
23842946
28288601
20527661
20147692
15710275
17046407
25798526
24494623
20164104
23667059
19295994
16912577
22296355
24610054
27568069
12780372
23082600
14616903
26011726
22985547
27784123
18828315
18310598
16614330
27613912
24696369
22823420
25907386
21730252
26791022
10982011
19959695
16860858
25673013
15153967
14615857
25592244
19106739
26295017
25889913
26033348
27466239
18556601
8980556
24940015
23900326
22526531
21767387
28550919
26597111
14682647
23453569
24601063
19804435
24472120
25127405
25885807
26373657
23545847
29480848
22246781
17663647
28677401
24417963
26307942
22762231
25271111
26983849
20553060
22477813
22516272
27479313
27177915
29018894
22822322
22868329
28464887
27533077
25627664
28398690
18840021
22291484
28678400
27429574
29379386
29527846
15451758
1439691
7572565
15931310
19570247
8578775
11504362
21710818
24924851
8425031
15372779
27445499
28104489
21156068
16258791
27009521
21227463
23076944
23235680
27798322
26457723
12509567
26228266
