4193999
8612435
1776991
8088110
8359590
7051711
7487556
9405914
7729299
24874011
12390521
15363061
10926313
9212311
8335180
9349450
18303564
3238312
21810933
8070615
24152254
1370298
6601092
9483373
6751740
21906870
8568481
21699129
2951177
15104696
6337896
9311257
23958111
16874076
9480395
9405979
16112499
15662579
20570807
19430394
27454862
23910631
15088499
8480059
28601068
1770042
2045757
24393392
8410489
11182211
19768773
16936399
10780681
12736543
27242125
9496560
8674189
10445828
8365091
15220207
15331553
25268360
12380709
11484077
27329026
26113412
2737366
12020257
2666200
22273174
1606723
1695588
2178812
3743908
19046207
17328966
8512197
10499880
26386377
8858220
2035004
11924012
7301001
15660198
17635982
16337192
15753206
7648798
11553212
8835924
9167116
21680149
11795122
525341
20953640
3053614
3387444
17169270
3959905
21104419
22941260
12351439
8926497
15833429
7173496
2031450
9307223
11978690
11320277
11353882
11334398
10428069
12799022
23906523
9694543
9670839
16043739
14988836
8969284
17212769
27149100
21507498
20627580
15471602
25466645
8792106
12020256
16585917
4574972
9848003
24864250
11502823
19149535
10990072
19788714
7540258
12588889
9744935
20577866
7990374
24269432
18301821
14214994
10202852
18768571
24140619
11556263
24979788
2102733
2091910
7955600
17101331
16845649
10527392
2065852
25007947
9367975
20954148
9805643
11334383
7897967
26530398
22551567
6659560
9358982
23544296
15250220
8894405
10995864
18346651
9833930
9769338
23664770
17116220
25945352
153092
27842589
3939258
8562738
8174844
21411989
9184645
15645361
10713355
20544917
14641652
12459433
18560272
18384843
2976645
18348312
20009114
15277426
2351037
8867544
10480781
6777223
15811143
18406405
9802746
10218880
15558233
25689401
24550215
2185597
9225754
11532331
10845624
16528132
3700976
12618126
3770315
23735240
20557422
17188340
17636064
11991596
25789329
8217741
19816194
2684621
11259114
24047671
12032632
24142430
8701031
21872660
1526333
20082866
15239025
26856279
10999825
9480616
1882827
14501845
3229733
9447944
11927434
20482876
1636277
15834600
1484291
6811508
18061937
16567832
16298666
16133426
22325488
10849098
29503433
15811460
27861223
12031986
16634454
12766975
22044876
18064949
19567096
11676298
24938855
9443463
2085927
10620661
817393
16008538
11342969
7599354
24009454
8506014
8294931
24243925
27387353
19080756
15137480
6266447
20120214
28957343
10663967
23870534
12352004
17785428
15789134
15986348
10230277
18268214
17118991
26576014
24422915
28603205
1301402
15742213
8451001
17224962
22190313
8102012
9077489
4337271
24395344
17028551
12887697
12365567
18176871
26995087
20061119
27818945
16391402
24393938
28573768
7502265
16585914
23672639
10471380
27730378
11732267
11025559
16299677
26377597
24371972
26430773
28768822
14664808
25553239
26663579
21250086
20861806
18713771
2011105
25299288
29535948
25299289
29175663
16164373
25489578
29141105
29052170
9630631
21197340
8072960
27904691
16037265
15251565
18370718
26561790
2540513
27928356
27475096
1782231
26692902
26487925
22836132
29305237
22109637
24396698
21111711
18675804
8387218
12951645
9011479
15285001
27506202
11410636
11089418
