12186680
25238021
20005276
19375129
19237451
15526988
1890278
20624436
4087206
16021842
1409015
3416820
11534541
2835125
8556330
7823775
4262034
10759363
23212389
3120686
8828576
7472473
11446444
8680439
16219003
18342839
23911676
9048608
11491491
12114288
19916839
7472472
21453714
4286929
20065962
15128277
20200127
23654201
7850474
12782210
21262261
11810034
18455879
24477541
19854757
18191132
10686519
11849373
25158105
19382903
10650957
11795526
16697078
29211774
15317676
8545527
23425370
11050685
9473572
24023031
20837037
17498757
11351938
18672030
18548384
28833350
19271023
9311553
24605825
8532119
12117572
23761730
22997570
17704842
