14023322
13881634
23057122
24950862
24950866
781774
24950867
24950865
5386395
19900631
1297124
23333030
13920186
7457877
3438021
12145836
13597199
17351996
13537520
12491420
5677902
2962115
28807389
11559093
10745910
9026614
2595230
10534197
24950863
12288318
3328958
22054473
18767333
20585684
16390033
4995101
19900637
21491700
28660016
5582197
28844416
29628039
29459107
1628240
10973878
11670277
1477755
29265143
15554644
26900043
23845269
28536438
498391
1306937
23454869
17781571
26743675
23850155
2240403
12922977
2063991
17314747
12099524
23030157
28529098
11666444
19397285
11272520
23030086
19530526
16518290
7802152
24970156
21246136
25553938
11272521
25100059
19756270
8453001
17725443
8679897
29520055
10650350
9035720
22354459
16094470
21487595
13412254
14624985
11597182
22995527
8999222
10573285
9162157
1306941
9666422
13368742
14533991
23477598
3148577
19481154
12495924
7740146
2240404
21231230
4913336
23478679
17439315
12561315
18369490
18620683
14494581
16213950
3751393
14494582
15065828
1821059
24009389
21369606
12920938
12530433
22884090
1224165
14119341
23764519
19308009
13867480
16053001
5223867
14604584
7628845
24565604
17433190
2837756
21601115
7684943
17631552
23614466
17040648
1831898
2604077
17652339
3447488
22244991
8699075
7689902
2363113
12716576
22115122
2063435
3242411
24485969
25803474
16665797
16089013
25126710
11528336
26564375
21142111
19900634
12659419
10617805
17389842
9827449
9092313
1636975
3447487
26318723
24491512
17598042
27887672
15869644
26362842
25862019
16330560
12045674
11151500
15801392
11642187
13920179
19775572
11862764
11262325
2513751
3561059
19791739
21601121
16284472
1636972
25817552
27901146
26575861
23497927
23459231
15762724
3772255
26233802
24440551
23664502
28456499
27780613
12894005
25746660
20383516
8556303
23867810
25015591
8805878
26293769
26247116
25110181
20439534
16298965
27614392
26060108
25956459
25103359
14514333
15520400
15122088
7813871
24931222
22621347
7481048
17941761
14975980
24008167
10096866
23958412
8926265
22766057
17338867
22541533
25186315
23010402
9886334
22824178
29652620
29536292
21770946
15606155
29287992
19222452
15259312
22220559
28626887
24499105
21477120
18248585
16962359
29336841
17546081
16941664
16417910
2512871
28421774
22819541
27955858
26072136
21488267
27825534
25002188
26956285
14651101
9803577
23349537
22040625
19846671
19711932
15682328
15189895
12096808
21669513
15208955
26493984
21170359
22993621
12203218
26298490
27287759
25064631
24079952
23407655
21963613
18390886
17920931
17117772
12161698
11604068
9129065
29249303
28638387
28149336
16142159
15098130
12472568
10882366
9930149
27671849
28648205
25701004
16499353
12033896
23969276
15074994
27449154
27034326
19156801
15066252
26040386
21972822
20228088
16936222
11670017
24238250
25854592
25695910
22184222
20814419
20198947
27744013
28709544
21373705
19153228
12714365
29325154
24106292
16494605
16260441
29474483
29356260
24395003
1306943
15654394
10994559
2363485
24889701
24780651
28318593
22686863
10745872
26361252
29258689
29126499
28830616
27189508
26610176
21794264
28895541
27500959
27161768
26586087
23896450
29653974
28671851
28127302
25976942
25963051
24723446
24161412
21488836
20060491
18337580
18005079
12203324
25946581
24574409
22692369
11940705
10371740
8766179
8490746
20920852
12667592
11318829
9352989
29545018
25900851
25707376
25582925
25756362
15252571
2482699
19361237
2240399
27333083
26723203
26062090
27605178
17676951
25330005
11023602
9462266
27458720
24630426
22435341
22941542
10738722
7569574
26924309
22043846
16873684
16750080
25076115
10667416
29162290
27577605
26651624
24359793
16669704
27587485
27321171
27236635
27141852
24879150
22174248
18928676
9091042
19683839
10350333
7522211
8055323
1512131
28196671
25869153
20980462
17191448
19942523
8712044
27425817
25975868
24529683
23537938
27671539
27373579
27078745
26717192
26107175
11670139
28745609
25766125
25128462
24953172
15659802
26183096
23868036
17904365
17020710
8844213
27279576
25555492
29043980
9365369
7689915
25998162
7591499
7890981
8136441
28189254
24952394
23870706
19223597
25010202
27717100
25520729
17949786
21839345
21122210
20444991
16888159
1514349
28734619
27080330
25802832
22801970
15924934
15257604
11411515
27371430
20561482
18405561
16528056
15347237
15030858
8527628
24625529
28469871
26986452
23892680
19791456
15047762
12373722
9141052
1525788
1552755
2755250
23372789
16395756
7612367
27323653
