6548342
1806856
23281815
19896427
20334573
3906940
18496753
16307192
26714471
6688561
3284676
23570549
263178
401598
635518
25274087
8718717
918758
15309283
7379380
2187819
16307195
27620546
97965
6548990
14992216
1363610
24337588
24817300
18245614
676797
17142441
1036868
8798985
10385813
17946937
7071622
3902254
8857641
25055537
11950574
9135886
1532481
6688842
3325234
21489801
1947297
2977693
11536104
10372475
16218552
16395768
12724664
9059420
26187600
7385135
19302054
12041938
25245604
21685803
8838741
23451541
4034915
7423824
583708
15553099
8003138
9917685
2199066
18411671
15559923
9654589
26186308
10800334
11694942
22928425
6897497
6689340
23041436
3988931
3397973
1173359
12164120
9828575
19926991
8280329
4412204
3350961
20848567
20193468
1161269
8536033
4528968
3601383
19202997
16137888
23451730
3229214
665197
7057223
2206598
10460865
3789821
4231563
7674729
7371239
8535999
2697251
9421603
11829335
7726342
9351310
6666249
6483392
4533199
22642093
21806411
23456191
1762435
836419
7582711
7212559
7240321
6897815
23576941
18641984
20061155
28241086
3434096
9143962
1302939
15261221
858709
581493
11828342
21961271
8541775
27106926
12510116
583390
7226655
24933338
20844153
23196147
23572353
15572330
462880
6624418
12820098
29173560
6288153
17197090
930627
2768300
23623459
6676390
15758263
20973195
8190681
3453989
9210129
16307194
581880
6548109
26323565
26517162
9402877
3842266
6676343
27303580
20141982
17899940
15483543
3291597
9786507
7169627
18185442
6945792
17343305
469642
2101224
7570080
23596695
3245274
18538454
11826921
11536111
9922532
10918958
1491648
8420714
582202
24693772
10876076
16953350
7983122
15483755
20358342
7956799
23627152
4575236
7285409
22773067
16531047
450396
15261223
7806933
25226938
1864059
2367114
9465221
20303764
19024436
24703684
3814217
6544065
6895212
19945881
6892578
1174129
3969275
12899452
10327558
7364812
7428233
23431543
7273509
18081546
9620645
26535601
26984660
19931799
7410467
19105440
18398954
18682913
10420347
14303376
28437129
26517313
15726323
24471152
6895109
7458605
7063187
27925193
3755097
16787443
20141980
20011743
24923621
20307724
8188844
10070135
23719832
18563412
3692793
3425019
21469614
11760677
10951716
17197318
1173945
10463734
17824346
7698000
7358753
28244917
535259
16471235
6711289
2678396
8688244
24712203
27415422
21620634
16089020
27276636
9493532
4077356
549866
18945344
8998209
10355712
2638765
25209017
7063188
21908780
23085821
12506903
12742452
22476524
19824595
17868667
25982622
6638243
5944159
22336331
8194234
3441439
22915238
24685672
1363564
2706052
1140832
21036006
1395228
23427492
15812708
17482467
581081
11518277
4407833
11846028
27367532
12365237
27807024
3749824
22781211
525240
17950743
4262190
25563318
25216283
17159163
27705056
11685844
17066262
6894842
14551845
25150347
701338
10447641
7112410
16801860
16607504
22029490
3241541
7577216
17075859
26985814
9681544
4480352
12698318
2016608
12807335
17761608
4259453
18354270
9127852
7058292
8777000
17784542
17900909
10884219
6815505
21322052
2396177
19615909
20887018
16292479
20189182
17202916
2390541
294124
28480842
26812879
608833
24310926
2059541
11284271
29145286
21253725
3212404
16539831
17919589
6826632
17899942
4424546
10420823
11917268
19302055
22089068
8133728
26113485
7226632
11032234
19385540
11914769
11894616
15469228
9441559
23406638
1641739
20412677
10990248
8217199
23089458
11830376
8186936
15539021
456984
21352721
6033416
3944158
19374303
20549189
25552047
10323504
1537163
12126684
1173358
11257742
6897546
24667673
2596881
7486742
3838614
1307142
2645660
9487250
10192021
22038241
11805927
8902132
706707
1969006
7367392
8280331
20729026
24108661
1803122
12749315
6689609
20163965
10052239
23351865
10028119
15243457
6459614
15788315
16555950
581634
15553588
11766501
21386908
15174559
3208262
6719006
6288155
5395586
15458284
11584226
6845993
24030973
15174225
16680672
12126686
9046502
12462473
133924
10546610
7210272
16923825
3170469
21536630
6701818
6051731
10918960
4096771
3334032
19098182
4161170
15837399
8428233
914540
14307987
17483932
17563870
9040148
24135273
3503049
16174583
8669254
20663642
10633268
9369793
6868187
15995423
20695180
2746586
11337706
9339096
425826
11759574
8261525
18534512
10323505
14973854
21983534
