1538779
21307931
22113004
15829235
25084862
10899151
24896333
16136131
29238560
1889392
28968436
26544543
22113265
28051992
8183261
18725927
2788276
24352442
28477999
25929355
15656325
18782453
3352253
26230279
28894646
22720110
15231755
28241742
22237025
21430775
26843810
20361057
14696321
28659721
25731169
23321535
22084012
1729893
20816473
22931497
19778216
25675496
8940188
23168266
26410386
28414318
15893316
9049388
8430106
14585257
22703176
9356337
22868218
26915489
26708804
26240148
9126785
24381333
10731133
10029662
12459786
21763530
20801480
2455968
28814407
21877282
9662070
1385048
29255259
27844015
22201165
14663149
11927981
8057670
1280645
1532289
27556924
24757213
11237011
27281220
22326111
25470049
20861338
17504626
8851475
25840470
23657257
10861099
20886986
28110279
23875173
21290750
10339582
25717335
1649513
25269811
20443562
16403014
9880027
24788657
19505431
22272253
8977635
25944057
26656065
23698362
29381301
21467267
22577215
24762952
8355611
25305106
23504040
29596468
28566488
28212966
27059273
17363056
29669929
29323294
12466850
28560679
27915025
27378868
22672632
15758440
22697166
21715970
12853948
27626377
28955321
23914978
7548010
7547989
16415970
25095879
20974003
16051206
24153179
29422947
25537146
28115385
23593035
21551190
17977002
28289083
21989058
27525402
26764033
15815621
11036935
7561701
28538723
26322050
24973715
24590074
