26741678
21607601
10668094
19051478
5679411
1447874
12203063
19433192
21348002
3705562
28471974
21948482
8244862
21857464
6355620
19061845
3976990
8694626
11427855
22482916
9639613
21120780
458544
4113046
6670151
26975202
22354826
12352528
20267699
22402983
26071106
7720430
16410092
2374917
15080518
4610829
4012549
2779830
9563927
27791422
12935372
10830041
572796
27438611
8223127
22005374
23235381
10496697
16564858
10708622
26992895
657708
4044701
18670146
25573645
10483184
2078129
7080385
5069197
23031751
8956815
27502341
14121774
21981814
1527976
6495546
4057020
12181727
779068
7469728
20541202
3271366
20850612
7616709
12802101
8147736
7238176
19507315
4548424
18926369
24777426
15332056
17710490
11468050
7944775
15372183
10022139
29033342
4068548
18383718
24488664
23368986
25783836
23572270
26423414
22884100
4068546
15291255
26562229
22986899
6153626
1681937
4950497
8491139
26612127
15223464
27573778
696054
5057305
14518300
1508028
3977192
15472709
25069607
7072687
7793837
16200240
9027639
10235346
3972212
22214545
22807618
18262183
25234936
18154093
22398962
6406287
571783
6492594
5051438
3085258
10617715
15904625
3713056
20037875
7269104
26640340
5297363
22983779
11578955
15340325
12707829
5419960
6331779
14176432
3910307
25560621
12666477
3568550
7313753
1242135
26691191
28044955
23868403
8283011
4701092
18440388
27856098
4327381
21709959
14959736
16937290
16113528
17357387
10881857
6213502
4417953
3525973
25434670
4544632
4722174
17140905
8495838
23173883
7450741
9456983
22624693
14577117
4578002
10460291
25603508
2032602
6648766
343750
22980416
7017977
29310339
22507171
10813320
5684598
26386390
18908456
22275016
1198823
25170237
22142449
16538199
27131023
19562555
10083773
7193164
522394
15966240
24421952
4054916
25799065
8625770
19687523
20124303
19789921
6897105
24267494
11501361
16338315
7245053
8216343
7292113
20363415
23566640
18897076
17018509
857383
3296250
1765921
503466
28590604
750685
20038507
18152094
24710239
23519491
4881416
3725605
24515235
11778748
11594102
18540444
24131359
23139040
1834280
1734707
27694864
24721517
133377
695198
23730967
27249977
27033792
13133400
13452692
13128219
1485444
18004523
22880431
13322696
1527970
1406479
1293116
19383079
3042598
14897110
17058167
9730523
22000431
13368737
21606829
19948439
23053827
26001881
18126008
8128067
22985648
26141256
4582102
17122591
25656125
23793803
18152414
12218957
13266569
2227313
14153812
17058162
6779533
23848047
24737311
13098878
128716
16824812
17058168
10968847
1837190
17994670
20275210
7449588
13287812
4435591
3964964
14629881
14671542
21165828
20373077
18226704
12072999
307640
19640233
13521209
24671350
8191168
18392902
4035922
16961454
464687
3347888
26153287
13504798
9163147
3520109
25024619
21842239
25036658
19506987
19319787
20432207
10514924
14857895
12890965
24895557
14811587
3425996
19760133
13793066
19181606
10525889
393136
11577318
20646698
20013613
26252277
17483996
4822194
12983902
20412644
5664945
14153589
9282158
14215715
20056057
25818800
9773215
18350641
5565780
7163136
21010629
13567173
793064
19418424
5080082
7797286
19997930
27248208
22806508
27435841
8210347
11824329
15997192
16148367
7859678
13409051
7265286
14627481
23190047
3167522
23632361
11961661
23510961
5434976
18685904
14825895
22041319
1119866
17522468
21175480
14294146
8786480
7308853
14659976
16372609
8493288
17140890
15435737
736772
22256482
15829006
13505159
2738826
21920829
8495856
26688419
4543311
15404877
3782764
6745582
20691992
21997690
21141102
2811094
4411319
18394978
21838132
11396058
10464910
14082589
17058163
12194135
21997528
18365293
8651180
14144573
9785869
12934458
8068431
27183326
14176746
28993190
26827734
21296348
5481401
11855926
883111
18090941
5316891
18212156
9210096
15404886
4232457
25834327
10077939
5294368
8336039
15791979
18593840
8577518
6638265
19862583
390958
19743997
22271027
20589511
2330768
28070095
7284064
732153
570715
24679228
4090202
8792721
16420838
20493486
16673308
9324834
25085334
27799228
17589907
1940534
9465253
7011076
5839684
3314095
10443528
4659167
10627910
14252396
25739796
9731685
9677778
9596550
28139501
524691
1635138
26165736
18069072
14120722
19453070
10567809
17235627
10606307
17997373
13182631
6658125
4461242
673211
10584655
16247243
12397784
21295648
8111114
19111686
12600323
24696618
