22388973
15267139
15901582
17354018
21416452
17343886
24295888
21240842
19446652
16964720
13837913
22471209
26662188
12736444
16170385
11864764
16650108
23844767
15199914
20120119
17762148
21939747
3049326
12685809
15679332
15890469
12350141
15187214
26669677
14768261
15814041
6739577
16605120
21856385
19662516
18640253
11775095
23678677
19101885
11253408
22474937
26020558
22084831
25591732
16927878
7263585
18949894
13963504
25978097
23320354
24653549
17985579
25572656
15881019
12727276
26380525
3169888
28582635
18470886
22288378
18644427
18515463
16333909
14657060
21268535
19530615
16085931
24992495
15467235
16338199
28163076
14708862
25864920
20335939
17978635
13709695
15761442
15702514
2074357
19209761
22626923
21316424
6527293
16570510
18568390
2248657
12482459
17985580
27392030
14964669
26676322
17441853
26232027
15587306
24680616
22465505
24621152
18570217
28535783
14657061
21830185
12776478
20481225
15351045
23569867
22687747
3531151
12648547
18177010
14708869
18691629
22277735
13963503
19189646
15029852
16435456
17191820
2246214
19530609
28626756
14693226
11314959
26656228
22302704
21676570
15030926
16333904
23001540
12736443
18383789
26666387
24621062
3552974
25117003
25561401
17985576
18078436
20067878
15587324
20709267
26349606
12626688
19818824
19102680
26427766
22376270
21980771
15125513
26650757
28744340
22797252
23252274
15019533
14964658
22169939
22155267
15814261
20188717
15587309
25025986
12713837
16410968
12126167
11327606
15125536
25172783
25918809
8575806
7852226
21485714
19244748
20524434
23862659
27771932
7558192
21046985
19398239
23914993
18304755
24058913
26561056
22957793
19761599
26735695
14708852
21372825
2330337
24761675
24959678
20971513
15587312
21115635
18853615
11791960
19114224
16399617
7798429
15142562
20575327
14964667
16250653
18202020
21167270
19635521
17671214
12915429
21827494
23672038
16275996
15587320
26283230
18926687
23357788
2693440
25590370
16428513
20120745
27000241
15265316
7848901
19735186
29534559
22581434
14614382
23242121
18343024
17477963
28264206
24401101
12512828
21177768
20139575
27548493
26499070
17487607
25395710
21163936
22178177
16987625
21499580
17475222
16433888
20018235
26329643
11003164
24164309
19762335
20435582
21461920
23716870
28547194
29533080
22557340
22557220
29228822
27069687
17404960
5047668
22737515
22557159
27386000
24082356
25202619
22556527
23961070
10353165
26587309
2607349
11547420
11830156
17252421
29393680
16904915
22557152
24302834
17340256
22557386
10503949
12565038
27847446
22567036
26401348
21589580
3485893
1784023
28725152
29322010
24124288
10406728
7346059
26865743
29593994
9690355
28174564
11478451
22556948
28050964
20857519
10434369
9292417
730716
7518189
5144338
28029263
24302803
924552
892883
28584486
10509432
721150
5372181
15619585
10786023
9892081
29582665
4660307
27104031
15287191
11390128
11508399
5144347
4782614
27004047
11234828
7956458
17402085
25736257
16190653
19320966
10630129
5820438
18489308
11720534
578471
5159000
28228812
16083075
22556885
15798994
8261571
749414
8441773
27257198
29430927
20161922
9032627
20032892
20183256
27018190
28930280
21871653
21767936
20503589
27006594
25429612
18402993
25985573
21634251
25648764
19995243
27446268
12073935
11667234
1775577
16691631
22556998
7736852
17317650
20922991
15588668
11274824
20680542
28414157
12721837
9513800
9582001
10504143
28261317
24031963
15963667
9855567
29530608
19149746
22521501
16605115
16161030
10808998
22885042
26170886
22466245
27193809
23546955
27330531
25232323
15351044
28882548
20858178
15602004
24753103
12791229
23115709
23052776
24386622
20925956
21304615
15833898
15287168
23776646
20645737
17687634
17141403
28382194
26109777
12781209
12089353
24980017
23864740
13678230
11988537
28504430
26608935
25685454
23026304
19555671
11697445
29526242
20645776
29124622
23275126
15322087
22057918
15075359
27132716
27716154
25097661
26002768
12525500
29263636
18684729
27981377
25674226
22095074
27677871
26879835
26409181
9225607
28339691
25733819
25843255
