22621807
12641508
21378255
24246443
21098368
11012471
3130615
15479359
18688797
3141643
2503638
3112428
19399855
16306298
1369178
10782188
16102634
20875737
12808180
24175974
24770957
12895564
22492399
19720416
20376574
21371806
20138699
18007100
25261414
3935406
20413213
26059497
11439548
17184897
1938490
28357576
12269923
5444674
25000719
2122025
12447521
15615136
16550802
12854104
16831771
16843323
24031660
16844058
8365603
16837341
6785480
8125398
22947456
2105253
3093711
11767223
23955295
6423504
6725158
1439315
11560475
6438420
6431137
18633968
29326482
12797848
22373928
15303755
23743422
1678758
25849232
15080607
9884493
12813267
10429851
11749164
24562002
12549371
22359168
10459082
8555532
16764467
7828971
26667759
21679139
17117742
21723322
18946513
23858378
21153450
16814363
12778179
19843332
22277346
6420122
19497659
14594622
12290558
24299923
15125698
12692649
23074533
