19119519
20844508
21469379
18277082
23538810
23538808
20075892
18090782
24226869
16786672
19998143
8807367
16941451
20175644
24256784
10924305
18846063
1304299
1684325
26343419
12965247
26434193
17251947
22134930
14735891
8718653
17583033
24344387
12093244
25519121
12833054
18188823
14763003
7637729
20166540
22088793
10503673
21697919
23551820
12362428
19590660
22338840
15800585
15658585
19077848
15759825
18414852
21844932
18167102
26082948
10465806
10803178
27251251
9471890
17329942
19494896
17298152
16786677
22977226
23494185
27354308
11871186
21984284
22906487
19571265
20844492
20864692
21321412
19295569
17167943
29220001
9480209
16508048
20652351
9798640
23330475
25742775
11723453
14534559
12952600
28062863
23665597
15094807
23900939
16954351
19091668
11147368
16957064
19004515
15810934
11104464
15385662
14513027
28042749
14615101
16397303
15232841
16988724
22972258
12085023
25390575
19564580
20186980
26418089
11217654
14762457
26864493
28880308
15636406
16111108
17990191
12144706
19132110
23132609
27723624
17472146
27569007
23614213
10850038
24130260
9798644
20849737
16080903
25913872
18680927
21790712
20849219
27927899
1344958
15804000
15795313
19499619
17259957
26132244
28182462
19176877
19160607
16971518
16724405
20013483
19666858
18347450
20692597
19373525
21859254
16698400
25583762
26240474
24237205
19952918
8677348
2133478
20422189
20209274
20078502
21135416
3273918
14770351
11960386
2017938
11378914
25495045
12543826
14962015
19391199
22073432
24399672
21604282
9549587
14566375
8809270
18254879
21178711
11052618
28182461
28095212
15596451
8322137
21872119
14650934
20428116
26210364
21085748
11250834
396162
26035004
28332542
23181462
25279879
2264182
10789403
23468068
27560474
9014873
12593394
7025204
23317418
9590686
23099667
29022588
22314895
11116880
14691483
21179154
18818730
1887160
21593816
3077899
19815935
24153270
22391041
21170931
20834048
451079
23231833
9670782
28300127
12164463
544095
23447441
12594461
24839667
16541825
12765185
18330050
22173360
1338828
15612891
24303928
26721528
20180343
14961858
9885577
22249149
12837941
11808002
19890281
24519801
8803727
22395075
11824015
544096
1791788
26813999
20563457
20186293
21125147
21111081
15829740
12532910
1499911
12830248
19261079
25417974
12614710
11571232
2122691
25428463
11493892
16314028
1886559
621480
19766869
19571863
12671101
21048718
20711701
17297150
12850969
1359242
16015289
19126821
18221896
21844886
18654473
22915149
21186009
21123251
8316120
11676266
20121427
27544935
23733829
22373867
22746071
22543729
21258117
18046375
10939310
20549072
28594129
23767427
9527352
8325673
22294611
22005306
15933340
22440385
22273013
12966003
27059160
23401922
16333782
12765184
14534561
12045214
28257264
25751459
24855226
9805794
11211714
21562546
15807214
14518149
12499315
19218619
18947812
16942406
15266214
19247811
8446406
28125263
23760314
20856213
18219207
18205673
25599292
17606964
23329215
21501983
20563435
24606785
24606784
19921618
28232028
25428481
1446104
24606781
17170738
15533831
23985850
23881002
8679342
8435555
16874668
1097685
24629461
18430688
26076410
28088295
22135063
21255521
20487126
20083467
21153466
15286745
20857051
21048747
21272690
19691643
20929793
17163666
20520967
23135297
19037668
16751440
18414083
25665361
8524367
16554556
2038370
397001
12749317
23930083
15379340
12410272
16236697
19111022
18544669
16724427
16216598
14691679
12629929
10634082
22840367
14764251
18345589
17554267
18954331
17266893
19815841
28195031
18580195
18488957
17874355
15332300
15330003
18481541
27869368
21905539
17607979
26612570
23277892
18562220
11549470
9565456
8340075
24290468
11151166
10993113
27974784
23210369
11086285
1728754
19823197
16601711
10618294
23530134
19996373
24606783
9796805
7011152
15704785
12821444
24606782
16267527
23682643
24070553
18624612
15639003
12552140
12017727
20065074
27012590
15181732
16236665
27898088
25282776
19149970
15685310
1442819
19531446
21957122
17370709
12805125
26438914
21255826
18336092
21693750
9703392
4601694
24305141
24417821
15096439
9541061
8416659
21322839
22264811
16722869
16531662
11189533
25436270
19120670
19847681
18981874
18353025
15561462
27895293
23277513
14656856
22954072
21150002
16375774
22582996
15004959
21177521
26749146
20705570
19678969
12053355
20092079
11098161
20393514
21378900
11477413
15389359
20051195
19318320
17430870
16168922
17722717
12087976
21560928
1402617
18174794
8721006
2662547
1099260
25805373
17086214
