29484971
29420773
29289073
29219254
28939455
28753163
28734714
28669492
28377680
28085761
27871509
27849504
27834773
27719975
27367147
27265602
27053498
26926757
26622130
26428838
26428834
26329899
25807873
25785355
25586708
25531688
25401390
25304799
25031635
24846162
24748780
24623631
24606308
24224590
24113559
24113055
23793588
23576879
23516087
23442380
23377826
23290975
23238527
23124132
23078898
22977025
22716307
22716300
22541964
22225012
22014137
21978051
21489643
21361410
21324139
21242691
20879569
20854602
20854583
20854577
20823087
20667944
20199884
20087160
19673835
19450432
19441767
18317244
18189141
18181682
17997699
17902389
17869021
17517939
17350940
17201932
17132978
17009889
16791599
16358521
16205573
16116116
16075190
16055695
15691574
15478730
15178219
14528958
14506633
12945975
12840547
12557980
12231188
12204815
12201415
12048504
11880430
11831811
11689985
11482887
11463586
11383821
11353121
11303930
11259122
11172142
10847366
10537376
10475947
9829234
9803301
9599392
9327500
8754240
8698560
7618591
7860409
7703937
7952547
7938774
8200783
16727482
8175517
8517300
8343087
8436540
1597136
1544314
1733883
1618672
1555957
10147581
10291277
3257339
3485339
3456402
3997603
10270908
775154
4573107
13703223
13649956
18909162
29456774
29200541
29154106
29135704
29116865
29038951
28819654
28766695
28391548
28371013
27837051
27528612
27492190
27434355
27345129
27314816
27180915
27142674
26482523
26274445
26165208
26140284
26107319
25878493
25850732
25847819
25756540
25755685
25746914
25684069
25594553
25539374
25415179
25386962
25294356
25154822
25077784
25071428
24921934
24813094
24484754
24370130
24322484
23995819
23477341
23334484
23299859
23165357
23134069
22973426
28517267
22570399
22410455
22220277
21799253
25740119
21548859
21525427
21418237
21415088
21410397
27307895
21179455
21164279
21091712
20501710
26839033
20176298
20117285
20065136
19935224
19910314
19822781
19667325
19251095
19235368
20477564
19097462
19062785
18790462
18695592
18605761
18504830
18406909
17495297
17182877
17110848
17010904
16982540
16917189
16423507
16325180
16262013
16249125
16240829
15952053
15888627
15886315
15851730
15492884
15357194
15143231
14617104
14555549
12975306
12740474
12597199
12398471
12069084
12006696
11282394
10988219
10964487
10903337
10537373
10537372
10537371
10537370
10537369
10334164
10228010
10037066
9803300
9749615
9486625
9179725
8577955
7771850
7532074
7839992
8866666
7976908
7920472
8306044
7949896
8344857
8344816
8325081
8317818
8131494
8420867
1736749
2032890
2032887
1898551
2361895
2663798
2717750
3069297
10281060
6692816
6302951
7364401
5495007
5825904
14057088
13896510
13444386
13406585
27590591
29609496
29329637
29168997
28984517
28978658
28333857
28018148
27727066
27618318
27427918
27363714
27252441
26922312
26853346
26493022
26431043
26405688
28491620
25961632
25875165
25672497
25635341
25498398
25481973
25413413
25321148
25152772
24926262
24789266
24772233
24762025
24757110
24686901
24606310
24593726
26770753
24346820
24336304
24043148
24024746
24020864
23879387
23869396
23835394
23272300
22892545
22715895
28519527
28517809
22365630
22320794
22256829
21951368
21895094
21795660
21778873
21671121
21236596
21189718
20857503
20625267
20505434
20414100
20136174
20117284
20113909
20083796
20073605
19725249
19561438
19540071
19176368
18792249
18728287
18480490
19562040
18003871
17965867
17880540
17709574
17550329
17502471
17496666
17409995
17395644
17159098
17159097
17101891
16835029
16702463
16478945
16326398
16326397
16247050
16035185
16013212
15987960
15969143
15958861
15592143
15337617
15259654
15176462
15088984
15050343
15005168
14617650
12782051
12370468
12118609
12094991
12009241
11786423
11641023
11589841
11206166
11202256
11176955
10903697
10833161
10446806
10413031
10410736
9929298
9803306
9803305
9803304
9786083
9737655
9665613
9460116
9382471
9300303
8902669
8641099
8610593
7839994
9419500
8022980
8019624
8311883
8169095
8204720
8226167
10146379
8289741
8514546
8436538
8420866
1572282
1612962
1885270
2060351
1859772
2032889
10110127
2258988
2111724
2301850
2664208
2563400
3383626
3679931
3029070
3029069
3873851
11436904
6787708
10249138
6256783
6778847
428964
5131453
5550853
5444314
5413211
5777116
13878769
13826212
14938852
29657900
29343837
29631901
29478592
29476203
29421953
29397331
29317970
29222593
29196184
28970567
28924411
28592453
28471088
28238200
28034064
27843033
