23859239
17352959
15168883
22643292
21961549
26216066
15581185
18380708
28450685
17912551
11117552
11264042
11965837
16567327
16258223
23431567
28090058
17096722
25931371
23135036
15918625
15156497
15279370
18327025
12874408
28637937
23715911
14625226
15278002
20401805
15765759
12369775
21494006
27577846
14557588
24705834
19932045
10868508
19475356
12022049
27510472
21183725
24115338
27056942
18430984
27717782
15862196
18688956
15860143
15323165
23518044
11215272
16246566
19631366
18378549
27299785
19306713
17296848
21364369
16128881
17989525
23569158
25957334
10570788
16301509
12876271
15960174
24649621
18976107
12666044
17351533
28452654
10924371
16775963
15355760
18789591
27247185
25237955
18725067
23887985
24020346
11321798
10857732
23846508
23622326
13733937
18580790
24358690
10656630
27919480
23886833
11808210
14881020
21467713
12822821
19681709
25546520
22959597
14492152
22067626
22332685
23970491
14443071
18091066
14408593
28017194
12440749
15304604
26243746
21947075
27106239
24593839
12701747
14599276
19562992
16091106
20050035
22320044
24343541
22139603
27056850
21637964
18821048
20483026
25637289
24022253
20827123
24876188
20622709
27787806
26096420
16006337
12142068
14705764
11320194
27452287
20122662
26542825
27497810
22467488
26209376
25454563
15569291
15136782
17182060
11518006
14607055
11372812
15269679
19604737
23196334
26878968
17335746
17806053
24785563
20839757
10875532
12477943
16990743
11103194
14530627
25929190
21294940
23100343
11239952
16091878
26658379
25488475
15633725
19014054
17910855
23218757
26139017
19535149
17512230
10891724
16739031
15022407
23399415
12504603
11043811
22858042
20941525
11738136
11275868
19280797
15847788
26988237
19009965
28516331
11031468
12586022
22542878
20882521
15122800
19388182
26185621
19633589
18599953
21305866
26608613
17323505
24988560
26759498
25852076
18173083
17593375
16606680
27079203
17385171
18246335
26879928
18474734
26187268
20935078
26568560
10857662
27216026
11299444
19129790
25866347
16199589
21455907
25198371
28439890
22368264
12930932
17368030
15857007
24751960
26387515
15741392
24458319
22385973
15989077
15884094
14983992
28693588
15865003
18852442
21932091
11061353
11440751
20148285
21685219
24695656
21364501
10546737
15912797
20721704
19586741
18755126
15662769
23122263
22436685
24792498
20445434
12633586
19254087
15499278
22490773
23857838
22180363
17172578
19242136
23845676
22527234
12810492
25569138
15863850
21163567
23898089
11273358
22138027
19732618
24582285
22284924
16193848
23383541
19820982
15174482
25888964
13259705
16197698
15559236
26275913
16175983
17362796
18314299
23196622
11887126
17349776
20457319
27171421
17261251
28439892
20360167
15926651
26678167
21167244
14371490
20716493
20951065
25459782
15223232
12415078
19525850
27473208
25677996
15297010
24742910
21813490
11419923
20030795
25273082
10995848
12699859
17804017
27667486
23815601
19334314
17676534
17620548
16450314
18417422
15671476
24326294
12027110
21891940
17109833
20166530
20714034
11019795
21251854
12925928
23174874
13166451
18982524
18326309
15997927
27354147
16410814
15072679
21167568
18773140
17444064
17972228
21049490
26071995
22114769
18300070
13528789
11506416
21620739
17404526
11423775
12087524
27668908
21995709
10740311
14686902
11792040
17702788
21994441
28234798
13996791
16781700
17613713
16854594
24052440
11116708
17014376
17875384
18409538
15707613
25149428
18570121
19485796
26899515
11731902
11527344
17676533
27224245
18058388
12360694
22877775
12221140
22326637
15172742
18631692
17867305
19445370
22703379
24755763
24929330
10682968
24336545
16451405
14768763
15973328
17974484
15749428
12235830
17156696
16843674
19482039
19536544
12735642
21079188
16184558
27194073
24521759
26296517
12023760
22418993
15172741
18062355
26609887
11587676
27673425
22642134
10658692
19352054
11164879
18458299
16168937
24018171
20534265
23618490
18596452
20800398
17478595
16573851
24456393
12463733
12812805
21802260
15701227
11424036
11064864
16703957
26765639
2009162
1964477
8200142
3362312
29430235
10407001
10325763
6281148
7387010
8785567
919065
4989754
4050355
270993
3428173
6308497
652624
7436174
9809689
6267574
1743418
5801094
1968171
4307948
7319741
7727879
4538469
1795386
5040638
4071143
3627453
8389398
478815
194307
4557267
5952087
3709364
2855748
2162383
1670845
8656845
863806
163454
4321599
49522
4129906
4685847
5711043
6102220
8350121
4287380
4307947
2637968
911252
228010
169986
4509292
1592760
