27141795
16291514
15213303
11772880
22421218
16363125
24646702
25592228
16554668
15378604
20332229
12950464
27620489
20979535
10807584
21497407
16759519
21352351
12730098
28368519
27864650
15126353
16371440
22763982
15611319
26742524
25585641
20551909
20938215
28089712
11854317
18453614
21437926
15876423
9108435
12668974
21950555
17885218
23006842
24012673
18355802
24007285
22158875
24795230
26966782
23874823
23650615
24121007
16940561
29216642
23738323
10894121
22749980
22781797
11168946
11737592
27635399
16242122
23739569
17654315
11730093
27220977
23158494
25319231
24392721
18803658
25911493
17823375
23453443
20979658
22703470
24968709
22386815
10666115
26303499
17879412
21993906
26992777
19937094
11173543
26513260
24038461
28843170
25813625
20417626
26611539
10738115
15258907
21273783
19706490
24812508
22843690
16840713
19524035
21908612
12704646
24086665
11015442
23403272
21198546
22931644
14739596
18418071
21295052
12006183
19578740
15816862
17042977
16678019
12124217
22559824
18554543
21362092
20965838
26780849
22718607
23771928
16826603
15112495
27127932
25882498
24300974
28115238
26991594
18215717
19682740
23952707
22093310
15546873
28802142
10194478
22036727
18842672
19542683
24366007
28343048
18830972
21295105
21911919
26879758
26456668
24038883
16118392
18206660
27216620
23824679
21447045
21804207
24397142
26595800
16600087
15048856
20446774
20137578
27211510
19669099
23092325
29412163
21992109
16945925
17525251
21820459
22659318
21158055
21307400
19138674
27995330
15184199
27526795
17632083
16385084
26011642
27375080
26045754
18026170
22144097
26765329
17976119
26341012
15240108
27535021
18845130
20148700
24934751
18336854
16131815
25802333
24676542
19121922
18566988
23328493
21857081
20819606
26293025
14647439
26703018
16950787
12133272
27770660
22842631
20424481
20925964
20021919
17108707
11522663
25135305
22447044
17219054
18598163
23519372
25652099
28464602
12706494
27322610
22617388
24788892
14512878
15019971
14707007
14977880
26876575
25828744
16209660
16982915
26022128
28882558
16388391
27029077
18508827
23417763
20199188
19534599
18996987
21481317
17408602
24120058
18410527
18037988
17883332
18337668
17418561
24189179
20091146
18713643
23217388
21808062
11203434
11222374
26430779
22087023
12079589
24524402
12091240
24927128
22492492
18987674
26542248
17066448
17095152
22806254
18202225
28566621
15932518
28320485
28250268
23142244
15069378
20131233
16598857
26930712
11093826
25447985
28757460
23307413
25348283
23533686
27452798
11880364
23423194
12508145
27039095
24486344
16524376
14688267
26108031
21709668
27324483
22205229
27641735
24046187
28749936
23103292
18006113
12527553
17928392
22593583
26493719
19301369
16181104
27693692
26565402
18621849
23238643
16924499
21984831
23890403
17330989
18289074
27375190
20223113
24997248
23604711
20404253
22848562
29121802
17675106
12180836
24793810
28440451
20033189
24434421
20673999
28017206
12958189
23418094
26505797
17027882
24415199
20055707
25128739
19362144
24681707
25462643
26381691
24709186
25573491
25322861
28064106
16824198
26092480
19181338
22098251
23788171
27138700
12644828
24401606
28122344
24323422
23435964
22004613
16033859
24859911
18271013
20651363
17131376
15925276
28012960
22539869
16738898
19543386
26973173
20855888
21793851
17003650
17526500
18648235
20357190
16319139
21223971
20704546
19254777
24308158
27866474
16759493
17962380
12933701
26795735
16697692
20471992
26709780
26572165
25542178
27151674
12631374
17573709
21711378
16442500
11266812
27658547
21910007
23948592
17041734
18477570
24309489
27452038
21327520
19520142
21223723
25896937
18556172
24846311
23978538
25891083
22932708
19468257
27180985
26241392
18262556
19699520
20154257
11821745
20193372
17919066
17693937
12586756
17587481
26492285
21545264
11233910
17532486
27573874
11133343
18769149
17184579
18756386
16354769
20806083
25231232
25082883
21107535
22899716
19657327
19563780
23994730
19476552
24075775
26253656
20643104
23840483
24481824
19836347
16531144
22183510
29219807
18620555
19693705
16458149
15072579
15564944
20351094
17639610
18596127
21238556
17150307
27263286
12919086
19121385
25799286
19070422
16386310
12631355
22247972
16271489
25645920
21473739
26866373
28468003
20040371
28612103
14766238
19951074
26404762
27431098
17671894
21048309
16485034
12397597
20950636
24853613
24291486
24442713
25883219
26064429
15036350
19754408
16775837
25896253
22720721
20875851
20081544
21873894
23578787
15364806
26782424
20615462
21968084
28244615
16609961
23128353
14973545
