20978738
24379349
22315325
26108563
17479245
333945
27547850
28280902
21885872
24172214
22550063
22911492
12401712
24895417
20833146
25987165
11882503
27398720
26340929
28859855
23308022
26378455
23898538
23764436
29357809
24605934
25967277
28943949
26906293
23781322
27880981
24627601
26832342
23186644
25923733
22669333
23240760
29109794
25794240
18795630
24534256
22024495
19602585
21771622
26777909
26049402
29031717
28290604
28245463
17131145
24951724
23771206
29406832
23432843
24949659
26145551
20412841
26270730
23152772
27436611
20585935
27656410
29654813
29252073
28717164
26832341
27194565
20522960
26314504
18556349
22431394
23731955
24337156
25060691
23411259
23168387
29341824
19217442
25394660
29440457
28596682
21389245
28564652
17998014
21381002
24829501
21785811
26287267
28477035
24658303
18234911
22323126
27998722
22490596
26621343
25028601
22445513
26963814
17360978
27261584
19282326
20720448
25887869
28894632
26157580
28292761
28088959
24798603
28433470
25531383
24085036
28104916
27004609
26827117
26037201
23399773
28008783
28668709
29603687
28439947
27152161
22184060
28870812
26870815
24317793
24273273
27777602
19358859
29398867
29473848
21673955
25849133
26663034
25119717
26924394
24049729
23149623
24462552
25910576
24166765
27806985
28462078
21872612
29376304
18781141
27621579
24418657
29414687
24968301
27208776
26891322
28379340
12748388
25258410
28487991
25159327
27520508
24388987
22808093
20415690
28145471
26692363
25726319
27547013
26781599
24490809
26024737
27213962
27617199
29186652
29036231
28860072
26844205
29175325
27255754
28919478
