25593977
26536836
25667561
15504704
22121045
12363179
26709962
23193357
21788208
15612350
11135516
19009454
11529177
12826482
24510133
11505907
22430851
26287848
1723214
17299696
28117743
11261252
24961736
11894746
22551150
26567205
16244921
23243908
25342147
20941377
22397265
26292931
9930018
19584953
25519248
19492727
23963741
12668948
27171102
26471572
16637668
24206686
18344661
11315473
10788732
16304941
29236423
21384330
12669359
23076994
29509719
19048472
28847764
25726138
24804056
16683329
17987558
28243885
7790523
18384725
19833073
28347568
26767435
28664693
19455409
26799696
24250568
19876618
28524101
19533405
29041813
26868555
12083278
27038939
28645870
12083274
11011539
10490320
24836113
23243917
23971699
25496015
20637906
26322307
12083271
26550567
15612413
15647302
19940966
18298063
24738526
28490084
28821537
16860900
27305655
24330272
15055878
27016439
29071363
19281338
21542683
19960341
18625678
28255668
26272331
29652133
20011136
28661468
24418332
23451388
24587592
18630071
25702610
20087690
18551237
27350822
24158728
17402745
22709346
15675446
19881291
17300145
22141310
27077048
24981444
10528954
28661256
17361567
27803459
27482838
26243938
15113617
16244917
19452181
28710840
15568468
20499583
18001683
27752411
24195604
27471945
29147107
22150405
21183638
25317115
26591820
26999129
26690379
27242988
10528093
20687918
25190362
27086015
23472051
17640511
17640508
18431660
8639943
27960622
27366585
24467866
21851803
26344627
26758035
24242193
25946377
28859885
22999595
18604604
25466152
26264020
25267104
24510134
22805239
17721872
27128807
22091968
11765566
20054474
16636447
24694905
18165498
27752412
28069261
24491722
27550742
27407185
27425792
18946962
17173993
29150519
15660608
13129280
27792137
20122392
22530384
20470410
22267031
25365178
28111299
29228505
16273712
27149415
25588469
27100228
25903238
11370294
28071020
24432015
23654078
15123384
26110393
29243104
26956460
28640201
25706477
28414950
26980555
25186768
16680899
17356802
27317828
28796912
22978742
16332619
18801324
12788276
11401233
28407967
23408723
26304412
12056264
28254006
28064126
27942424
27611221
25641327
27752448
20218764
26232739
22430853
20608734
16222841
27921284
24728612
27059762
9810408
18939845
28993215
26930115
20429587
23086339
16819910
15969461
27095142
28301004
17987669
28953174
29631590
26740099
18487689
24127869
18546061
17988720
29319683
25014185
25437235
27458082
28602750
16796370
27708825
23205592
20421291
20238190
20016879
17580628
11717849
27253613
22831645
27325310
28916034
26559764
24567836
29435430
26047576
28795659
26042098
18781763
15986492
16326439
25500275
21763362
15123385
26776037
27439414
24468028
24513055
28955035
28714956
18328408
