26506306
23699393
16337624
12169658
27697906
21798253
21831923
9477332
15773756
21074724
20215405
26506308
16538379
18485202
25073157
22232701
10983990
19343312
11102376
2157142
19015308
12393632
7953530
24721716
10902907
1465136
11250153
12482907
26789944
25503290
27697907
23150597
16476426
18050472
11114515
23424658
21124943
11956649
15953398
16079285
16352658
9298900
9186007
16648470
15498499
17138663
11262230
12829239
20627077
21709265
27021023
15843432
25395664
10051563
22541322
17601340
26923593
9177775
9382803
