28689295
28484839
27917779
27512367
25257857
24323725
23459141
23454767
23026222
15010271
14646816
12023665
11897773
11711513
11376636
10648443
25957985
25435392
23931773
22512253
21111717
19375829
17056275
16444945
15758950
20591249
12793111
11821712
10889341
10078751
9873162
7568181
29610004
29313871
29143207
28062970
25958331
25944265
25331846
22499092
22349867
20494495
17379824
15943081
12865619
12746689
10766908
9773054
9684026
29516292
28954978
28760945
28158528
27891079
27314957
27132789
25703437
25288671
24930938
23771508
23533173
22354897
16516498
15687953
14526256
20591248
12793112
12172320
12074639
10366224
10207214
9674835
9457630
9684004
