25731967
17524717
19944912
29053612
27576897
24308428
27455293
27793153
19167667
25117524
25026084
28820785
26284566
22216207
21958233
15829447
23331386
19164815
16060416
25272039
28820787
23916862
24770355
28627013
19226887
21486475
27678296
15870624
27394028
27693759
21328786
28851434
23576769
24380796
16802489
10426086
18820340
26896203
21168807
16916311
16138517
20008162
18054843
23714411
16297442
19437182
24224913
21556190
22415178
20074502
26071863
23415616
23059868
16580252
25174986
25443767
21274644
28074635
15488359
16148243
26187912
27753558
24959789
24617908
25724983
17908743
9710176
25170259
19100282
28720079
22921641
28056933
28146599
20551495
18481933
10993417
25689364
24917586
24460536
22421317
26849550
24321701
16509530
28188319
27397912
20882445
17716548
18399045
14507493
25932698
20630482
27225217
18195317
19049350
19845810
25811395
23505004
25536068
19765270
14574344
26289360
24447982
22512861
19744507
17985505
23917098
19568191
21169160
27866825
16460425
29206627
25068676
28733128
28440662
28761718
25071063
24967324
18021411
28529971
26217658
16602173
26844162
29530385
19791627
27703062
23161092
29417315
28794802
26109854
23308372
24559843
26193183
27229736
29204293
22843106
21158971
22897903
28719494
16403720
29609594
26960199
27583202
23181756
26302189
29335328
29387824
24349392
28122510
26599004
25877438
26293568
27376017
26033349
28428728
28143819
29447248
27608829
29370795
