7933955
13060789
13531387
3602078
9982870
137627
8393532
8529388
9942970
13673524
11150194
9229764
4838948
20607633
1121476
2473575
11594818
12160145
9672259
9636602
9681701
4892748
10700989
134601
15068089
12176562
23605426
9980826
10225528
13600859
4372822
28326614
9636496
2193429
15088223
10891203
12060804
4475363
9122917
5315262
3927404
8566967
8655154
3236751
17717285
19920915
6528767
22094535
21728162
16953503
7493409
7488434
9723477
21590963
6416709
17358777
11165539
15317605
16341543
9499620
16383512
26662177
10034609
11060790
7293525
29441686
16443650
11265760
19762208
16606030
25704248
26753349
24684473
22945817
26609487
15800777
25533268
3068828
2828950
24666611
7779090
21463684
12879176
19244093
11703824
14695131
26837744
29679054
29310360
25239081
23985020
10840617
27641995
26067346
18404519
7744517
1810265
27286962
8381387
20922134
19454403
23713470
29018305
25531933
24136316
22865640
17407935
26059788
11532449
9103197
3465450
19740396
16413764
15108856
12698315
11861926
6099055
14971599
23784982
17065253
28271322
17192923
15050129
7178763
9305746
21178331
20180236
19558241
8280339
8887260
2996255
22811657
12418812
29606596
28327564
23532370
23422922
24038669
15050130
22143294
18504053
17600312
26211898
11876780
23900718
18952781
24794236
29196065
29634689
16874814
19190868
11162735
7859803
22931870
16793245
9440911
29429852
18445173
25313168
23441175
12147800
7563133
24013546
23421814
18583087
10684910
25230355
26586152
23822145
24789812
26165602
15964017
9382103
19494285
26864304
23788236
9094461
29071103
29670259
27393226
23692385
23077046
20229178
15072843
12609031
23381557
29333946
27676173
15052376
11776716
27509517
21752117
21680860
29028966
26541411
20619481
16450312
24663385
23148237
4073550
25220722
27678382
22772493
22183864
19176983
17475511
15322014
12141990
26886165
15259697
14555298
24500156
14614650
1722219
15243988
20016195
28378228
20587599
20442161
16312142
10394848
7613613
24034142
11200971
2155017
25369922
24053185
20815657
3426528
26783453
26713228
24007186
20165942
19777056
19602306
18552284
28881780
26361808
26016860
26399868
27581576
28377147
26590912
27547867
23947592
17379836
17007048
2904755
28826283
28755523
21632949
27050271
23946346
23691056
18388357
7478433
7894222
27595568
22378867
24757550
19906304
15789275
20723035
20434477
19781403
12911864
12214159
26087013
25005676
23800383
22286877
18515295
23955596
23817611
21059121
20498397
11832985
21254164
20383905
24389504
27258302
26694426
19357108
27130429
25108822
22635166
21061482
21061481
29398989
28587614
17498286
28895527
25682329
21061487
29336516
24658964
24943723
23975926
16131475
28383757
23118120
25204642
25775168
28546288
23847055
21061480
29573533
29026869
28741901
21569996
21520826
22434665
27668936
26962075
21807638
27297284
27553576
27029846
25857276
26831905
26387084
18551027
29140432
10617198
27190182
28959630
23515142
29127259
28247589
23192593
24817531
19875752
29226815
29431743
26553012
25047543
24332018
26375197
23603763
28515664
28408857
28943781
28331428
23031662
29341762
28707946
28696756
28524669
28282211
28128595
27768360
27588848
27367382
26550866
29286773
28949591
28548525
27588849
27367383
27232015
26705625
28949189
28368647
28256886
28211722
28059544
27152791
28316499
29219589
28548519
28128619
27541460
26188038
29481252
29286678
28286415
29219549
28949228
27992413
23562090
22446173
26406821
26406820
26317714
26620652
21719096
21714999
25519451
24721998
28625777
26230782
27137922
20357281
23551870
20868032
29348434
29509305
23563576
26754626
25176015
25403646
23863814
23818528
25758770
28898252
28854085
27295427
23383894
23258888
23215587
23683193
23368550
23215588
23383779
23004965
23006356
22681057
22587245
22182080
21517374
23031098
23004585
22540463
22243306
21635030
21517301
23003244
23002739
22540462
22182021
21897374
21866993
21770629
21231581
23004963
23004260
23003240
22861838
22400827
22400826
21230962
27770183
27770180
25814898
25814867
25814863
25814842
25814841
25814840
25814837
25814856
25814854
25814844
25814838
25904819
25814860
25814855
25814839
26024162
