17825681
20945813
12534241
18927445
26916305
14517753
24265194
17261729
17195361
20625091
20966421
16962921
23799595
17082682
12038804
11524266
10739378
10091395
25698610
16801187
23597956
25123793
14631077
17302082
23524601
24365371
10650617
3329360
24729280
11396643
16418978
18511257
22892509
19623705
3646027
11441979
10753994
9846471
12269733
24911675
25713624
25066248
23522980
11725376
9840691
16026277
28583818
18346644
16905949
20008203
995606
16333011
25124706
15167838
28706112
3225504
9814662
21885952
21932965
16097850
20535980
18508980
26698643
21161697
23751156
21113717
27061416
17138247
16135580
18521777
24370690
11275658
16739868
9700249
19336437
15877186
9606438
27607878
16532129
15351842
2929032
26988903
25149392
22546951
26939588
7026106
12837887
17295329
12172061
18716731
8685767
326007
26153525
9587004
21367622
8115109
2730743
24974633
9724011
26684918
16855357
16534023
15257884
17596187
7672469
24788967
27193638
12637059
16432246
19475882
7814911
18006959
8944239
524408
22902146
24246297
3716965
24029289
15199490
9669480
10548070
1115654
21047408
17711900
11762274
9262116
7497275
23247586
18328160
18202669
18046073
18635853
24462460
10835466
10882220
26566669
17916989
12520819
17904970
10763209
23896504
29262230
18673157
28884608
28276047
20978998
28181217
29305367
17183972
23910795
21857571
27766051
25546980
28914273
16547444
11556214
29678837
17903792
17895047
27708701
28867034
29378443
24699485
29196364
24974211
29120877
26566039
20425168
27829500
28833980
23052460
29629564
20380275
12105797
2511387
14679358
