29610425
29094456
27876761
27632432
27544512
27221319
26549893
26062714
26062407
25744509
25733467
24650219
23843474
23424892
25825292
22073791
21866055
20209474
23148830
19608359
18287370
17610755
17585025
17237338
17212960
17093163
16456417
26158603
15995062
15795438
15585770
15159236
12091862
12026029
11756066
10630436
10527468
8047376
6829485
28513837
28469549
28424260
27550974
27548249
27221237
27220987
27140533
26063292
26063125
26062610
25332329
25105082
24646816
24083893
23784904
23118246
22917269
22738806
22647484
22178030
22002220
20164485
19665728
19243262
19190668
17478870
17284770
16895888
16452385
16264015
16002804
15755834
15295087
12897303
11285353
11110854
10801946
9842040
9781394
7832051
2693649
4039361
6881078
29036009
28753958
28562248
28438036
28399577
28240381
28139875
27255082
27228986
26108545
26063483
26063350
26063346
27057328
25493942
25298109
25203844
24399265
23689110
23452586
22952172
22648720
22324644
22043884
20573943
20335626
20200254
19710154
18055652
17664907
17374687
17182814
17158414
16711472
16600953
15231931
12730452
12606888
12480803
12036813
11375444
11019752
10545566
9701169
9701153
9624895
9174469
8283374
3627628
2869227
3976555
29470320
28738791
28562247
28513622
28468653
28107771
27903832
27796616
27221099
26962190
26364025
26364020
26362095
26063492
26063291
26062992
26037603
25639137
25458726
25177075
24225451
22992312
22983846
22952176
22752723
22675610
22617116
21865333
21865332
21592496
21232139
20829749
20304413
19625680
19472605
19022958
16400050
16280433
14654619
12197999
12070948
11823599
11753162
11391336
11049849
10926304
10721906
10646001
8848342
8602591
7651784
7733024
3681573
3946293
6702773
