29100387
29071283
29060400
27635311
27595289
27049730
26722651
25903472
25784290
25652322
25382150
25322828
25146295
24126804
23865694
23332928
23320741
23028295
22760513
22596052
21947415
21805400
21483483
21413939
21343540
20542231
20236349
20088021
19806236
19775318
19563499
19460757
18563383
18560422
18493738
18053613
17960359
17682843
17850474
23674302
17371982
17015713
16362704
15919787
15111499
15016150
14579736
12737859
12524658
12493821
12409289
12361088
12173733
11267031
10615947
10432437
9802728
9778241
9727548
9415563
9263673
7762591
7998181
7865457
8044821
8197620
8267987
8278208
8365724
8364552
8363839
8212319
8094581
8435383
7918173
1418007
1442714
1930943
1890017
1983806
2399464
1975797
2570199
2888727
3007348
3912647
7059675
7018011
6266984
694278
300921
27730537
27529056
26151405
26084669
25817545
25805654
25781357
25773782
25740425
25566190
23885264
23382028
23304445
23042535
22776064
22447927
23804272
22170232
22150333
20629235
20477010
20420638
20071599
20039006
19680229
19210329
18687689
18360949
18316361
17933973
17681021
17405830
17264817
17202352
17130492
16567506
16212626
15858610
20704900
15679090
15601368
15383562
15229635
15009010
12882913
12732873
12675265
12189720
12180908
12145171
12139242
11221991
11151757
11034420
10995945
10836246
10662541
10219732
10216127
10083622
10083325
10030100
9706150
9381546
9504111
10462579
8991290
8982540
9015679
8909943
8741909
21625353
8966660
8540005
7593387
8528740
7940965
8171575
7908151
8192919
7689809
8516813
8397774
8509212
8482840
8438381
8490629
1382847
1351558
1612233
1880421
1909859
1871764
1983428
2352541
2573589
2838415
2908554
25290846
2887620
2875943
2931451
3160934
6609315
6603905
375463
95014
688762
882753
1209049
4777376
29075262
28058735
26922947
26626461
26179209
24465383
24357690
23682840
23555798
23031818
22673773
22586584
22570335
22461976
22297234
21864264
21785616
21717080
21559266
21476100
21153533
20511303
20413509
20382696
20160085
20041200
18552749
18391581
18358785
18294642
18252225
17665986
17497269
17214707
17194757
17003651
16493087
16472348
16390386
16306345
15980532
15930494
14969771
14618022
14578291
12941769
12919094
12700199
12559622
12540612
12429709
12176986
12079269
11919570
11845225
11812742
11773054
11682492
11426462
11423178
11087141
10835752
10640892
10562307
10535443
10517302
10490763
10480601
10470438
10403279
10371959
9250260
9015668
8811063
8883299
8742569
8900538
8929760
7758887
7878975
7878969
7584694
7998260
7998177
7796703
7522567
8090207
8052288
7912764
7913262
7908394
8012734
7746875
7547544
8150321
8402652
8437594
1483860
1517565
1450629
1499479
1644451
1305319
1683463
1936604
2583380
3267891
3276444
3215505
2900811
2437087
3511406
6490242
6113628
351415
72432
973066
4471415
4157408
13360367
29471805
28132269
27404995
27173406
26869206
26355645
25414154
25250632
25220221
25130196
25088457
24223206
23172951
23148758
22654552
22019026
21773684
21680720
21072211
20862653
20646239
21564933
19845915
19845582
19735480
19662378
19234158
19001183
18839107
18640390
18540865
18096436
17823696
17700153
17376822
17341284
17185762
17185755
16963140
16826799
16783471
16719044
16380489
16323065
16301093
16280645
16248282
16107864
15630433
15512788
15448084
15077039
12963603
12878357
12866413
12832692
12524423
12475786
12099635
12090547
12059095
11900591
11200418
11175313
10967112
10852387
10609123
27770183
10323407
9589653
9520306
9480718
9366419
9334358
9215278
10462597
9187765
9050131
8908140
18406740
8598923
8590780
7629500
7732562
7761980
7879102
12114813
7940747
7750808
7829823
7960671
8266556
8404426
8356628
8101256
8514264
21572595
8499932
8094582
21151745
1456258
1357298
1355423
1549484
1555930
1795491
1797450
1676127
2041376
1990836
2050393
2243810
2217170
2100556
2097994
2570596
3186714
4016938
6783514
462027
4777374
25758770
23795865
22446173
24216218
24130350
22251851
21714999
27714970
25519451
23863814
23818528
21719096
26375197
24915259
24334687
23570538
23562090
21908031
