14135833
14113207
13742320
14149197
5735302
14131784
14247470
14169383
5337793
14064793
14179493
2551797
676410
13368803
20870584
14156101
6162731
6841965
13239524
4390387
13835730
13759160
14115588
14033107
13854748
7401130
10916681
14172699
14156103
11318804
14004472
13700809
13084768
3674096
24074398
14016291
14014643
5456568
14011613
13847672
28211224
10645652
5320918
13524300
13592224
15621740
13612304
7889645
13777422
14459133
13701029
14014524
14480315
15445522
154342
5782172
5735246
4739646
14493700
26104535
5661498
13987703
12187030
6653061
12382367
5715997
7947281
13924348
10916677
18940465
8411849
5046624
18677765
3201886
190844
8650134
14332708
4968485
4262484
3794669
5735251
5078209
4954293
1536798
5888811
4253925
19904460
4125296
5735248
11167850
10916676
3725428
3794668
4150430
5134114
18024385
14309636
18177777
3565372
695663
5462890
7158182
11698268
7437332
16611302
19837993
4257922
13660807
5713642
15226563
2363093
7449787
10916678
15486951
3790722
5845969
5594251
26971963
20052779
3352512
4085453
7817710
10916680
8356943
5735253
7726230
17221
4419288
22782259
10916675
402766
4230542
10943622
17365988
16528122
673703
8481523
7151276
5986496
7315154
9674740
14470
15982340
18759866
5619658
870323
28295642
5735250
5885535
2141411
18499901
22930244
5989012
11216822
17550844
9573679
4203594
20085579
111457
7655862
1003664
22077527
4960194
18723693
17360088
20182430
18306
25941984
125160
5921478
11371164
4147554
2222408
7459276
154343
10916679
8813716
17952871
5546784
7716671
4020852
8471774
1070290
9850739
19608679
8841202
23139015
17222195
3688035
5658389
1150271
7959695
7577654
22078096
1733837
15949716
8861278
1206972
8977772
7055983
16522554
3729826
16956825
126827
1558976
17251326
21155022
15906715
6675680
17623517
9863373
20949590
10149958
15934255
22348148
10745013
28395132
28369969
7254967
2183704
15855279
2346729
12393467
26259504
20870434
10569720
22889517
9306337
11669303
21575061
26549847
809344
27414190
3484442
9890618
27757165
29140423
22183074
19157875
7886570
18957374
9626503
24624460
10782327
2245250
1283668
6252942
17127778
9563829
29124141
28583873
22222284
29082022
29549173
27346685
