16755700
4588295
1150337
11880672
21819226
18586911
8639981
23894765
11578044
17674483
26313652
10187397
12380215
27579482
16273746
12073760
20882786
12678208
18464350
22218997
25875196
9069272
23975269
11789517
10182831
8490219
25118373
10142041
11833560
11758584
16700267
10169720
18727444
8475921
12311841
10169721
21090143
10215523
10172536
15906806
16769181
21409872
14577515
10185851
7019036
23476981
28269828
21166263
11656387
12746090
16317815
12226580
10306126
1431664
16544864
12056372
10610649
20387316
17090749
24649738
21110251
10137785
22195064
26551632
10185185
11939375
10106994
10176874
26742185
26914199
22379632
8610194
17225781
25897766
10179322
15764506
10187391
19307082
17325105
22737763
23336497
10179324
21507854
12458984
20234228
10157706
8418071
21351682
22070985
7882633
9509697
15799515
17301545
19949408
28459333
20827851
18414283
11980256
8427272
25631384
27606820
2815374
12289257
17267996
20058494
23410870
25849188
10929860
10772363
10138979
10128338
9752085
18274374
23972319
7655311
21872117
8490215
15799114
24028482
16528859
17450650
21049811
19634252
15567671
10297297
12583459
21367558
10187392
12289155
19480198
9879023
8003176
16062052
17691647
12041227
9917128
3527015
11648536
28538133
7753087
10346730
11650950
10167223
11648538
20696555
17517568
10187121
12759599
15800307
24402977
1898957
26480589
24696911
8535751
1932459
17410678
10843265
28414147
4606932
23989049
23505801
21905322
9680002
11913208
16802664
8889891
7501202
8295424
12882240
14621957
22392947
11646589
15127633
24032133
8251089
21736161
7021736
26292367
10298794
17874487
12286088
11648207
28106360
28377194
14648999
19746684
14984345
1479309
25358031
10135448
10122413
2511541
12280397
8857464
12691202
12343642
26757459
27893515
21343743
20433009
22342449
28096274
19552158
1894924
20358745
9827734
20572486
19739506
11619507
25894838
28355050
19093991
20962757
4570929
11481897
10298380
21534393
7800571
15271280
7942880
15155021
11656730
21894657
11785207
21689094
16047616
25509539
19115529
7940395
23340785
23183604
10175511
14626549
24267515
12693881
21041357
22145191
19275006
12545600
12346592
12749169
28102637
24463593
3129874
27012736
24401047
11644080
18346613
7517534
7972663
19274821
29459940
28195778
8880804
10169722
10514645
22092115
15005959
2066827
7629960
21641062
9597018
4553965
23163195
25602870
15077348
23770758
15940580
11857823
10177298
15586093
26967191
21142549
20480756
26418260
11646361
18163250
12240605
26967190
18456086
2018962
8573796
10298507
10128124
10920640
2657425
22950145
17036433
27573487
17803095
4931255
17908063
3528052
12544054
9836666
8716016
24422919
15497638
11176025
11661949
10298955
29090894
24193612
10181513
7037293
8598688
10117344
12639422
11475390
19552165
17259199
1582822
27033565
25541877
14560637
16193597
11188325
15102993
10298237
10223035
12150602
23866661
25911326
24255134
9479326
15292727
12835190
15095546
4901058
22437623
27901559
10176898
23646376
16651046
8628704
17500258
19038872
26333722
7964213
17557273
18929888
12394070
10169194
10215528
10128661
21534126
14500054
17290555
24377911
27136655
21845482
2121893
8166481
15231465
10686244
26143566
7033347
7563477
12585449
16728839
10169717
25467585
20099077
8440757
22730855
23195161
15700883
12664938
19906338
27424850
8560316
8021815
17687075
14621714
10265093
12290595
15923486
16796260
1542360
28299968
12952681
9923222
26832998
3340106
21123669
4586284
26116269
25355090
15838409
26122147
10227417
15017534
10159100
16524196
25317871
28102999
8149002
23221262
14669568
25891679
14501485
7853631
3358464
4215858
25058079
27799143
14573736
16983759
25749024
26691109
3906396
22906248
22842759
15890283
25243695
10790474
8462050
10163807
10361376
8147591
15270465
2381861
15609740
1808725
11414391
2772647
25427110
23074748
26187560
12828143
12567930
1912837
10537617
2119943
17495561
25307602
10549442
23733977
25373056
10165959
8251088
24191076
11104451
26423104
20075353
21905332
25255500
12493680
22950144
11220857
22357828
7965240
19562956
20834034
28699585
21110252
29340686
21986412
16776389
21422951
22139021
10132207
23712082
19008514
27549997
21916328
10116421
25076634
26506557
19252113
17890999
16895942
10154054
17329464
6759032
27044691
11726439
24019359
12219761
15318575
10573717
14643077
16717290
9634260
10075579
27348787
25500745
27115382
15862743
8483618
15650526
12313301
28641909
22606721
22117866
8364236
7664570
26933847
26922367
17525776
