24920759
14604247
23642925
22903579
23266252
23260455
3289752
6335641
634761
10978803
20425222
3717539
21899166
2930311
1993799
1552685
7602859
7847954
2815614
935434
8847852
1572881
10742850
17320407
3813159
23752671
3876760
1894853
8847842
1661946
2930908
25501169
8741458
2584180
6458733
8161085
10391331
3276245
3522201
980788
15114079
9928853
10391332
2012484
2969287
8721396
3158903
2529359
28823325
16731133
2977055
9542426
9717402
3492496
8733860
15867808
10485199
8493826
10371142
15464485
21606987
15145901
3266431
1804909
1804908
1801796
9327690
2811406
4544309
1907087
1858618
1843512
2590932
2295746
2229753
9054820
8525226
2605007
12735553
2524268
8542624
15007933
1800822
21489745
1800823
8522429
8320992
9700267
25095745
16997672
24363271
1104041
15619974
11971926
8933245
2913756
2511789
15744192
2325285
12669659
18836871
6517987
12139384
22895647
10914164
27283071
4050843
7588191
2771120
695560
10475446
12754031
6740298
7176783
7131679
7761863
7423251
12833876
1732099
17619662
7473367
8057626
23192068
10921548
24792265
3896059
3107501
8762253
6517993
10799824
6236315
8245332
6517989
8434826
5674564
2373890
4767270
10573754
15157059
8421948
23834986
622518
1744672
19051738
1585780
2961481
11316138
3104431
8822742
20159635
18692662
3633591
11852447
7780542
9201117
2532766
21066842
15148782
3814278
3096689
1786709
19818322
7897880
8311352
22569490
9175218
1402198
77192
3725711
19290413
11976612
15035078
19752791
9046884
12854465
9794265
15112491
1520672
2802288
3511791
16292191
12162157
2766066
7036965
18721603
2724732
3552314
104844
3513726
7155265
2044578
10021879
9116356
10539713
10645846
11781913
9638719
15063291
9256646
29032219
20454874
2968023
19818321
2472149
2588249
19739474
2248863
12111054
12822229
1564345
934654
11845537
9436566
24650400
2368878
9026911
11997537
7695533
2719410
8307642
22481715
8963847
6334451
2781775
6731963
12382408
2403478
6705305
1670841
15187510
8629776
8603565
11517537
8968973
20965102
6499475
1300064
8129547
14578838
1733696
1966141
7556789
16802530
9742804
4070848
8030306
18646654
2221522
6629456
10668382
10935387
16215352
19319772
19726207
19444115
10750440
22994214
27300498
21435000
6517978
9028135
15014398
2229146
22980127
9841763
9499990
8338263
16342518
10918746
6639803
12643403
9340673
9205152
9742805
15241285
23669254
9637840
1788840
10461508
24044868
8067860
3667680
3390249
10168533
10501760
11413953
14659055
25727000
21672468
8771509
10793944
9548318
17687581
24401304
8649754
12813322
22200369
11155452
2282278
9377997
16630530
12748790
8686955
2966443
11502700
15545944
12136308
27998838
14598673
15560306
10864215
2451968
9064979
7703069
9316198
16439734
8988826
2359687
16529023
9394576
2965718
24865939
6486916
15276596
11233245
14562199
15933284
19413905
12763328
17317088
10909886
16863780
10628632
25194548
10941540
25687351
25299033
9303606
21122199
16863762
11339721
7603541
16136817
8317955
3063797
2093763
9221478
11373515
1724064
3269219
9504727
8971513
3283213
16174926
21316548
17356351
1623795
6968181
9872201
2942406
8651784
2966834
28128911
17659558
24330125
25721057
8121572
7956410
18670388
25911678
16200925
8097353
19109030
11188821
27319817
17805499
2965716
27462001
22307193
27066949
12626980
15529240
10354007
15026595
17372178
23903307
28424044
28899442
3191012
27252612
10411439
28149254
1277854
23506997
23012612
27651979
24414322
21198054
8984870
7709711
8428502
22396670
9433993
28743318
27213610
10996095
10415205
18828703
14694896
23664592
10149694
22639564
21990980
27745767
10915412
18365504
