17633801
21917478
9653294
3953118
7065491
26067609
6886448
15526379
9836750
21861180
12616614
17289273
2097775
2594952
8515000
2185639
27411704
21029196
6481104
8011124
17223560
5080420
20271344
20931246
22695976
1489982
2159670
14605702
7563947
20609148
20617696
16842272
2096863
24365362
21441283
18762517
23863646
1155400
1405774
26514056
27020121
13116639
25612446
18141381
4773340
17625344
4059757
18141616
15437425
24041214
8698996
14394881
11510104
23673091
6392359
6206148
13824549
17617399
13997617
14369292
20996349
1536051
18298501
13926406
13781788
3541997
4568386
20300985
2910771
10778445
8662269
14929891
13517191
14433509
14746750
13081037
11053789
22772856
13642169
13924958
12630503
5420887
202348
13841110
16960288
2424378
13083317
14357103
5768155
10731081
16532279
19150533
10698135
9561687
21640152
760197
13551581
13076613
21017969
13550018
18912429
14384650
13754091
9321860
14593940
23193083
17495428
9827358
23833160
1783056
9917866
18893244
13128896
13593210
14463544
14090857
14345650
8182776
13325916
17959702
16426566
2698541
23970321
20567910
21153660
17445070
13230604
13458109
14488600
14009667
13535770
18915542
13954929
18101214
11441838
23008868
10631196
13447354
26232416
14247489
14929213
13855154
25943674
14099732
5114715
1221238
20248879
13792653
13582149
7794882
14192799
1485682
3516755
1598174
7446152
19382321
12921176
9092015
10773423
13601245
808582
14361841
13855155
24391772
20404784
16679875
7600770
23863643
13447355
26842364
27704519
8984922
14295238
25401489
14045501
28630243
16238948
2388785
9578327
26274739
16912933
13918348
13593660
6332528
2922989
23226428
10459106
5767640
12648323
6492737
16174572
3353124
24507177
23199670
6221299
9502261
1286887
9856424
22436665
13978825
11389237
19682802
8853837
397719
10938252
430434
24899699
151737
14247490
16181068
22026396
16553708
8842267
10922015
22668995
18313713
18320209
1473347
384358
19945599
7710724
17443800
16014052
1860593
8468874
27209095
16949653
24398117
17202728
5516391
22966028
20623765
24199575
190383
1461778
8108799
13335976
8865561
934765
4932870
3706859
8024432
28251609
3562304
18300646
11315408
1496732
22897904
15243205
4502747
20030519
25854787
10652879
17474895
9402613
12957844
19383126
24475198
8540243
11700877
8953065
19404586
19578318
7822600
8279999
7311256
430938
19901669
9463669
24665012
9663190
3335846
3451217
8996979
10685930
1506388
16998815
4233522
16907135
25746356
1449567
1026289
27240113
25671574
11772437
11523765
22227089
18313226
14165728
10423314
22004396
28057058
2175244
10785992
20942214
5263698
8034128
5166902
10729721
25040184
25314694
11684145
10763484
21177120
21980196
4246871
17491112
5570378
12098725
21319346
12372985
19604369
19673364
18389766
25445814
7841557
11164765
17216171
21649610
20435477
9616487
8577883
2590138
15890410
20947394
24784433
17704903
13035951
11601798
18090001
15051769
4650804
9140027
4020334
1734425
19465806
5010232
16507005
315937
5416617
28166946
3028981
16532099
28362208
5366335
11869058
28502880
14766380
19476189
21817836
1682686
21848173
10898760
4764660
21707992
10913413
3344360
25936414
3500884
883723
4271340
12766709
16952162
8413453
2200377
10410036
9431065
8015996
12442033
9917862
3651640
8698988
9594131
27050192
22041727
4834944
8156722
11329085
10431596
24390688
16997862
8196333
8266143
5088607
1123989
5639247
15074086
10595571
22923181
15591087
1997059
6339429
9209688
9765656
17926682
16493848
12649559
24887491
28436634
5058140
1880232
8021786
1915485
11903867
20169574
5429010
12907309
9242715
19346098
3289342
17023827
5570380
2740170
25910052
7739444
22989822
10695685
8978499
4689310
21098155
22970193
4517279
21030801
2945176
19104886
2104230
23438120
6333668
19246699
443658
22231924
22993409
10189997
18727765
11905237
3221054
29562118
17533413
10556328
9441358
10198144
4047960
5769866
24394205
11910858
24217627
20845867
2172037
7793100
4593397
15549369
552177
18350374
4036987
8285279
1594366
17137166
12793871
20163008
12123407
21700044
11974177
24979845
18274359
9094446
4335060
8374861
9782901
28060043
11204928
7482646
11006970
16708568
3347864
26509780
8689598
21029197
20942225
23544807
10969859
24501871
11876124
7951210
5464834
6537718
11988904
15747490
10335727
4840040
8713523
19422394
4612956
28111418
21442387
8817592
15206067
1334853
496747
5440755
6567213
