20709254
16258799
25287482
3304637
11295957
7553703
23414520
21150008
16555862
9281006
23351666
1834922
24575882
1943895
16822361
9770863
9823389
12296608
11678788
16107431
18525378
21555307
21892753
18240509
10641826
12769254
28347513
2073909
9217583
19158581
12539990
16901409
17494461
2771085
7674695
22095656
6745284
11900274
17074870
20204930
19821989
28351408
23098353
11265800
2807711
19450334
18814407
20675982
7697684
25894023
23299639
12968510
17224979
3720755
21418693
25618032
26879079
23316301
7578533
19355947
12568820
22186174
23190064
21417752
15085944
27853916
23865387
8444035
14518605
21249663
12641482
23856450
11234724
21852611
10711300
18191239
3903734
2607071
10758958
19204217
22141447
20002198
22573644
8360417
3903733
21418034
1765867
28588089
2165089
11677709
16258786
21130802
8740331
20598130
9034409
20854963
7695458
22485011
24083532
22273080
17680898
14640255
16630335
12539815
3714665
18655720
12444308
6475755
14518606
8365896
21129746
7743539
9192489
1581924
9472378
17086091
12044587
10918670
16450792
16950176
16303191
26782824
10193589
16086193
17848493
15211899
2044109
9821013
19771482
16516700
17446816
16568128
15883110
1590644
18938711
9327195
15159180
23440795
25389654
21249647
25062744
12435221
12529904
10846280
11311194
9348754
17953908
17403466
17728290
23201081
21593473
15123398
27090436
17173505
17611730
8740339
26941396
9922688
15329509
22171997
24642922
11174359
27485846
2225366
23681842
28229164
16425789
21385244
24619318
17904211
9591525
19221376
10343889
18445763
11311192
10484239
17338662
14730269
18629356
21792295
12073409
21775509
24938674
25173552
25591753
23727085
11103096
17584559
25572509
25324535
16520473
17379061
12893975
20533012
20957130
16238116
16076829
15911197
22742719
9226461
9856223
10146941
25613952
10192997
25269066
17219872
15062733
24384466
27587188
9808805
27665201
17301509
26913370
16075823
24239052
12086276
7752668
26345710
26803243
24803472
11311191
17258957
10493291
20375883
12138952
19040781
9009857
27313113
16467234
12236277
24074752
26892959
20961456
17084425
20821923
22345689
21195357
22381072
15257843
27288430
10075162
17335831
22315380
11120692
26718621
16106186
16602628
9788455
20568999
12417273
12818399
25997673
19859973
16571140
20199154
23012190
9932216
10638217
25355268
10608479
11514481
11358644
10455083
17584932
29267889
9159601
10186462
9678767
11825316
8018302
22612607
10627887
21915170
14565805
6382999
16621883
17646562
10885025
21205025
15748088
11521408
2208817
19339657
27413682
10389464
19361595
18793814
9217581
17408535
22212537
6084144
1829275
21462448
6361300
3310570
10682162
25378782
6361299
26422204
17261787
7933426
10785987
10638191
21575619
15793313
8743042
24846677
20460286
7397985
11702901
7563487
12648250
28991599
17038269
20739765
14611010
12704831
11398315
12929617
11687769
11191936
12436764
8952865
22016461
3052114
11284361
3536151
28624395
18439061
24252989
12416282
8918276
10172918
9825176
22918747
15455181
11581150
20409884
9811152
12905664
6190344
2248094
18937899
8863098
18538182
17910521
12173685
15610062
12137445
18380961
16733505
10692904
16762981
10408004
1732653
3202078
15058150
17449875
12622955
2702023
19667618
11918622
12572625
12116572
8690811
17083060
3584964
12390634
19804269
9077373
15927904
19811246
18580734
9796326
10448768
15589771
10182193
9487235
10346425
3845880
2752556
6298152
8139085
28084952
12674587
12049991
28301496
12029980
7391467
7435490
16758266
12029992
7742266
15024890
22166911
15670547
15008833
17383835
19306107
28288636
9794980
16919155
8129256
21265581
10353066
12740456
17586102
11858775
19141562
12458243
2066712
9208077
27130348
14669497
19539079
19891946
23370735
14748760
12046680
2481170
16481365
3872175
17224309
14613356
1541033
12394326
22923626
8398218
22958443
15590088
16674350
9506328
19322601
11758073
7050440
2766037
21449885
17192691
2218778
18840879
16096888
23680886
18422395
3208771
10961960
8283158
12204790
12590902
9875878
16338271
17576176
21088658
8441219
21773669
15050188
11801861
10511283
19476585
2044648
19217620
23913528
17095910
24589825
11950697
2807710
27169563
12117397
12891189
7013691
12727669
1987999
27716751
2244330
7809768
25850978
19968904
12708635
18756039
27021286
10051310
3164788
9224221
11517817
11501602
8481039
11122686
23701848
9576423
17054138
28876333
28750699
1503074
23303661
27500157
28955188
28822511
12824095
22895954
21072287
19333882
