7765713
21719279
14040975
16317539
25252464
12561203
22528541
20000815
16854398
21742317
11396909
12356473
26241838
16448658
24285138
22522313
15152659
22647540
17765879
19707249
24243863
25690683
27558782
15680607
24176935
15689027
16955896
18247516
25509553
23948612
15242149
24517510
26674690
21570078
24177154
26410183
24832286
19616934
24588036
26872347
17195486
10789480
20835869
27788430
15884372
18497150
16983171
25204798
23813888
23425586
26433384
16165323
24948096
20707414
26363018
11878393
26653482
17117744
26354439
22720425
23957240
27262131
27812966
21735161
22664540
26803503
17438751
22974307
16187586
22940483
15707063
25451777
28338623
26893057
20106661
19673254
17265933
26099988
27110969
25461108
22554530
12489085
23808421
18075094
17438796
26343572
26996883
26369947
26325404
19037493
19727513
24568319
25686209
26476158
17547167
24187932
23487256
28278036
15050806
16087282
24477336
18446186
26910976
11693634
25958551
16913106
17051769
16083946
21877739
20171877
21144555
27208736
20429509
25755014
25460979
23525092
22155277
24087907
18302050
26555473
22926284
20843540
17874785
28177951
16227078
1878886
26022138
21235213
3757263
1379516
28601009
14667703
18619578
16270588
17204257
28276199
20695497
18299122
23457186
23973979
29511307
20510434
25247985
29468111
29194904
19396355
25770545
28972298
18059421
22763471
23845768
27651831
29250902
28898940
19071602
18511108
25551193
18613060
26298257
15952364
29055575
22313249
28887799
27416973
29439546
28419799
20205457
24875870
19165390
24727698
26841587
15819209
24394365
29075326
25766868
28767252
25958356
22100230
29268217
16054811
29244948
28911223
26054559
11393968
28702087
24357041
23082925
23002585
24909863
20964362
29178399
23624050
16999096
24275313
28590125
26958785
17207493
27289154
21082769
17269230
11368610
29494922
27838060
29562272
28240258
8721146
25605446
19320158
17260135
16646448
17920614
12478581
11355184
27497559
27214164
26024017
25503262
19630436
2379206
26851927
28019099
23441622
19764207
28837409
21762951
17438800
29064701
22020363
24747557
16375344
29188599
18800516
19325824
26111992
21789490
23857412
24672990
20066281
29181753
27842960
6172422
28846986
22686569
17153997
23347928
22976992
21851961
16274725
27433632
24486938
15762596
27454571
25543545
23391687
29448590
23454803
20947345
22513256
19848139
16366560
25131681
17612171
22594762
11452590
29677785
27804221
27047705
21769554
2797043
28886532
25725406
25464705
22088658
19473837
15573592
24185037
23021315
22385100
23218349
15826048
21074420
17824279
11993758
26989811
28489352
27363128
23608980
22889121
24488520
19688603
19245042
18800505
25750044
23052877
22483038
11878394
23013599
22221540
21774488
16382924
27842964
26820230
24681340
21277615
19068811
23892024
20359735
18571186
18350899
17256532
11999049
27313488
26842612
24098979
26618236
16405980
13678364
21243095
18710779
18665872
12197753
26910980
26189044
12775046
2070481
29121603
17915724
15046329
25979372
25854556
22607315
21257787
24582356
23638946
27988394
25464077
20719361
27414241
26362678
19009394
27471518
26005925
29323216
27372129
21420721
12075778
8396049
28892860
28732338
26925729
24925591
29602124
28196882
27476103
28843899
24496022
25437953
25000575
27450960
26895221
26676546
29475727
26921589
26618301
29175476
26595400
