17395024
11201732
23970691
10510588
15662001
15165749
21709063
19126543
11867819
16582877
23043895
15006999
21865944
22640228
19811579
21864933
23062416
15049878
17599421
20462899
17952831
25242225
18818235
26687998
27991918
17575046
21497511
22544750
10921699
15741250
15578112
12357248
21958949
14988259
15060005
17879928
22873042
10320257
10322388
11750858
28416361
7586408
15296500
11782439
16604174
22745413
21505519
15733730
11135607
18719271
28892343
23188078
10377165
14702104
19564460
27885004
21565609
17339022
25416951
20374953
11694220
12082115
26044300
25066191
15189975
16360030
28916805
29439026
16077002
27922611
24096517
27866836
12700889
10652499
28747429
22841001
26332963
24268577
24793638
19269847
18202144
27445394
21282361
26140591
23192980
10640275
21952300
11509652
9442016
28123935
15156183
14976316
21393543
21900149
23757177
10940345
23775123
22561686
16007265
15695367
15681609
21808063
19710360
15832170
11358969
10573424
18981473
18669643
16980585
11238912
16917504
14536066
20581824
11113190
23292142
19733624
16484495
12019171
9405624
18006707
14561740
20478996
8650171
15761026
22474260
19139408
17065346
19188682
12861000
9845075
20427468
16982777
12502735
9830009
25201415
27689007
24162845
25644604
21521522
24565863
16054077
21914845
19136559
20534529
22156208
19037247
17290005
28614293
25383539
10478845
23738819
11901161
25957148
10809664
19397399
16968709
18032666
11701667
26832331
21885493
29033129
15799914
21292830
15983036
23682854
27489644
16808742
26859354
7539921
19423650
10063952
25007801
26387865
10617016
9348197
19885263
28059714
17258089
24606903
23408728
16684046
19885199
27693232
28132692
26686336
29625050
29625052
