20082289
7477948
25119776
10999526
10479701
1701365
7936401
22984605
6330608
20034406
2113998
11152738
11388376
24738709
23159309
9880600
23839304
15987275
12956720
8302284
2154769
8382501
11069933
7826635
12941447
25904792
1933312
15078543
12137935
25807926
2154723
15079861
10990539
12667655
20351044
17720268
15121187
11106867
10362296
7825871
17640819
8710188
28134447
15951192
2714354
11150322
9034894
22666474
7914797
9401968
8156410
11726243
10407776
1760873
7512242
7915144
16473584
9439792
18434512
10392828
12196573
21640734
12710980
3272181
8584977
9974157
18000041
8718670
10769384
9605474
15569353
9536008
15107475
8910227
16391514
11954559
10575247
2538782
24260462
10995835
20004706
28474392
19777558
3409040
2995868
10025586
2168056
26314264
15100705
1979676
17681353
12490135
28987273
12383280
19396879
2720384
8737419
12679782
9479052
19625534
26007643
14529725
21400108
8815206
1294285
16219029
11588163
19368833
11549728
12692557
18297065
11923416
487185
2541736
19837138
16111661
10986340
9889309
21544578
22674281
9486477
12807425
8271486
1315379
28432493
24377717
15893632
22817866
1657279
15990921
12150983
10531462
15016428
11893007
2162718
12003862
20392949
15317847
11534976
22699919
17383106
16543133
15196965
11564411
20369387
21723854
11745624
15640761
15829231
8622942
2154057
11516565
9405512
28218780
14645471
26901880
18690555
14720213
21190942
8183642
21389737
24558155
9032139
11069941
23926239
8230318
12740867
7842248
16499751
3014567
10737609
12429219
18952057
12435419
17122364
9152392
8738122
16981173
19200231
1683507
7770102
11069934
8730702
20175201
7562607
24535566
16920080
7690847
18400893
14623958
3622389
10990537
15930120
24760837
15451012
18079206
9466448
8643527
9359466
8396629
12367597
20618418
11581275
11784771
26496940
12556906
3774212
15660668
11358488
15384067
8102481
2289150
7620614
14976762
1389022
12859678
15710467
16538591
12196584
11520118
2207665
24935789
22808185
3435823
15816941
9298528
12625458
2355248
10771151
15249135
11245702
11074155
15979311
9751780
11095537
16750195
9147327
9586832
12623227
11877523
2850518
12210834
9119902
11948256
21788935
18773962
7874236
9822761
11997681
21814189
1348084
10718515
20472148
7902866
8747230
15046874
12081657
1717668
12270700
17184742
9351508
15742360
10064822
16079243
22736538
18923032
24907304
14585604
23714430
8773255
2540883
10625048
27012427
19174185
2568157
1320216
8138953
10891610
1671527
8761339
19638469
12763063
19211882
21613774
16269006
9804627
25069238
21255015
18394726
19923508
15797712
28458020
10452354
10051188
19441076
10727705
15269263
10966619
25578363
11911857
8733722
27959424
19415487
22250198
7698195
9578130
25271147
19766573
17395219
10575256
1438239
8891248
9618548
23001052
15014111
9600706
2162921
8911657
24642361
15894489
3251590
16573642
9178869
20668056
23407955
20824730
10719218
17409249
9015328
23207774
18728678
23659057
15959917
23940334
8069709
9783326
9111742
20625330
15094084
18156887
17445915
24865513
1790598
1661181
12831785
3001231
8100589
14684873
23160928
9927291
17626197
11006969
11906698
15380926
9596708
12535956
21396956
23469888
21746893
10556681
23972989
25413830
6133910
9084598
7791122
8974668
9468506
9724799
22200627
2546291
20618415
2924129
24992728
8577740
8739640
20592195
11345120
1868340
9444479
21986303
18189316
21722209
16606834
15341591
12711087
27940054
26968849
11897855
11170718
18416178
12716944
24060584
23820217
2901282
8848093
1347414
10074809
18210094
11880511
21477601
12890890
28415676
22366257
23772926
11814436
10440906
28116310
15377586
1659486
26774487
18368487
8383601
27339436
23554175
16901426
12171577
15050649
27282393
10999516
9163572
1884218
27189965
7687332
18618659
16172381
16126302
10648693
11018111
18624924
19671665
21914456
10974436
22989522
22743159
10492007
22079349
23747799
25973687
22140095
1981859
10383636
1469629
3594206
14644469
20655484
15993905
23175817
8895871
23159706
20074624
19664606
14625034
10064890
10366626
12169103
8364683
27050949
9080462
22492722
23384238
8309554
15527888
16469864
17490652
11598921
18162605
14755533
8894847
18981172
23811399
22186081
11328357
21851046
11343684
23766509
7690918
15460026
10575091
18951489
16686654
10051741
7936117
1314342
25981175
9751170
26295445
2163470
16284072
8467367
9686166
12836919
11391704
22309794
19253410
19348730
17419810
21263206
22957735
20824214
26110225
