14181972
5109252
745868
2032197
5375497
16264019
25636824
14807665
6297049
14027635
14523176
27999949
23440750
2472596
14523198
11533374
3903633
13378924
4504176
11083365
27358614
20336466
13786551
21400189
633016
15417281
12679644
3074720
19181781
7094932
5450283
8250435
13297515
3055862
1149354
23319530
15231912
1569637
21085746
5519457
10469820
5809158
17505267
24280989
9509508
22310020
9021561
14211098
16286225
8077044
23589818
20923825
5052919
15806882
1271141
12713265
9327380
19107209
15687438
14115232
8598555
633013
12123208
9343007
6559816
7957802
11875180
9602203
11343043
20670168
2019922
26334429
13968159
15884663
23861216
26139153
8002746
7318841
13948237
26926814
19322058
18797202
19382032
15129928
18810337
17375737
8441555
1793163
13875888
14047173
14704035
28100507
16943594
18068171
16540800
2914414
18027835
6835767
6992073
2729782
25663613
12595602
7092067
16198278
24918847
26063068
13945964
28746201
21792044
19073791
21178077
13728818
16106317
22752418
11389261
5639744
12848209
2681513
11231797
16452320
2216560
21041280
15275990
28768839
24315962
7723125
23438060
2583756
28441968
1097617
19205647
28490515
13332543
10745341
26377199
15111779
22678084
4761303
11509103
6107844
795278
14136476
1127530
358125
22980439
21604328
927954
11480764
11293470
13349328
4683063
4644286
10933405
13611615
14491419
15552816
27101536
11605781
390648
12168242
16351580
11548765
15864366
1467169
19535425
8155505
14144869
26193873
11814372
28318177
28562517
16363554
19588399
16582404
14930313
14900602
28615260
14399346
26728130
12810411
11936728
11160597
22348457
14007372
14372330
19229063
8829091
2516801
25271605
16514410
3939235
1866361
13441352
5094252
22009132
4562933
3301654
14955741
3368283
19206009
7092066
7890945
23540189
14285430
20335633
11231803
16261603
27175456
27262832
24944143
23478873
13332529
26782343
29063903
4544180
14111070
12816784
24370653
13125638
11185068
19099805
9481025
15007719
5094263
26802052
14408574
21218724
14486360
23887120
14939117
15445860
26449679
19160298
6781037
6522682
17325959
8515791
10770093
10028794
28263174
11938686
16114336
2540347
5008840
13832109
12515787
1127499
4614657
5779071
21057282
8190577
14934290
7413285
18160940
5574205
6374430
19322737
27120435
957861
9563431
5552379
26376214
13190670
9197133
12750985
14734875
5864988
14004775
19099806
10832215
18030238
23692828
17661577
28417923
16424127
21460098
14264319
13441351
8548003
22227999
20522608
2402998
28152989
24953720
14459135
11339160
2596946
7955788
16713640
14219472
22568797
15804997
5553970
23420187
14145297
14119402
16809889
1416518
3083076
5607233
26924599
25354967
2252281
3797128
13185659
8521688
24708654
14125174
1396927
14581738
8311572
2352310
5170985
23042282
18519495
28467344
6676317
23967680
14073214
27187366
12819167
23316833
26482352
1518691
23963460
17426870
19579082
16809890
21460099
15511620
8956935
12672922
12655422
23030474
10524446
3966032
28181998
20819898
21771327
10524457
19214058
7322677
8444218
24382527
21548016
15205083
21643649
22415494
6629470
26364022
7351600
5753004
28467345
28615262
16614776
15231962
26449680
17290568
5109892
1107503
7229750
21460097
989895
8444222
7229795
12460052
19950850
8765624
14657829
27789349
633031
23025782
4981660
19055864
27004493
18668118
10518073
13273114
6866589
18310187
1896380
22298147
1127529
12736399
23912285
14145290
12736400
2287321
23157131
7875834
16220548
18297894
17571322
4054997
26133180
17316521
9201139
1588899
7523648
15677374
14719782
26615348
12096389
381890
26907651
11880566
11866864
6080861
320303
21075282
12205258
22870835
10390274
29070541
26558919
16251171
21191672
17889086
16247536
12421257
17901668
12911565
27917462
6352889
24145621
27306973
22159301
8580009
17704954
28506129
22866672
10709119
9007493
8804327
5807060
6754645
8662027
22043885
3607917
23537677
8212203
3442351
23941574
18571525
6545585
7229790
20169450
8790155
9787699
660358
27358418
23760782
4607512
23720007
10731864
18400705
16335768
3701513
7626392
12142787
23176310
25099508
3816865
14734872
414327
24891477
10412047
2122763
1459717
23400604
16356022
25734245
28942941
6646936
10460505
7402760
19816209
18716131
14136868
11261448
3405672
6953927
14634860
27960647
10968236
23327659
10451402
10773949
18310220
11867843
5740180
27940685
25315496
20147474
17557314
12011679
12929984
15908730
2587144
26864718
