8373680
24059554
219584
19644142
9864789
21707876
7842109
25459193
9011910
8660201
9918990
20589473
7481058
3157115
15260036
18297694
15008942
2604509
26153873
11747244
11844450
19338239
2698068
9764268
18347604
26033043
19485253
10223160
25398130
24890887
2369271
15911451
23574323
14643533
10223154
23912665
24148573
11850989
2797587
2755928
17130656
8259358
4364547
1396923
11865552
16978849
3729251
21681019
11154604
19911395
17961815
15982616
27869386
16542364
20156158
24022378
24985791
22196532
2161135
19004281
24166480
8824973
11424709
23131172
219582
7800967
11869224
25065043
9759170
19395401
12682561
27121625
22682490
29208116
18378342
16877110
15287477
23658949
27539094
2712870
3620721
18797177
1952710
10510389
28889139
22193364
9732026
16479972
8474282
19149692
25629622
3435655
27656520
16732860
22837805
28544539
