24013371
20816066
22974979
24714629
24947508
10972878
9697342
21973219
23349870
20457124
18322804
28576830
28410007
25369183
25753515
19029296
15238254
23251667
22015208
23433038
17981132
11706049
19622633
21040296
14728599
25191334
14711675
17588947
16979872
24501421
23856261
15236667
11152757
10961949
25295043
19054391
16169966
26578783
22914645
25025571
17693103
2387330
21421995
26055057
28512187
16413255
29024759
26359304
10472798
25529574
18842721
12885917
9588168
21321097
15178324
21054154
16950859
18032484
16180308
22568176
16042553
22120531
26366573
16553898
19639588
15506958
20227662
24134191
12006667
10871277
26962210
22847350
16495485
23094658
20086016
10393537
26430746
20889976
16367960
26928195
12370178
2294103
19357319
