11660735
18638701
11645749
11652596
11657142
11660401
14133282
16531949
14146936
25698682
2632622
16832932
11652905
11659511
11649231
11251749
9361568
25517563
11657244
15010563
10327856
11652930
2221199
13821100
5283084
6529712
7701367
23993397
5037777
468193
8563953
8686327
9803084
24671845
14318930
20384046
10351729
10669968
12136997
11645809
26898048
23880627
23394019
23214148
15010568
26901271
15766299
22714985
15551675
9790356
15884188
23677215
21964266
16256898
25640095
19323358
15686810
10635512
22252418
23061200
8357284
19845191
22548514
15335136
9267373
20442362
22584151
17138753
18757627
20812181
11098262
11074778
26957617
15565976
12722729
19751031
24406769
11839227
8545685
20678045
14628779
12568074
25482004
28032821
18373134
22922010
22156678
24974149
10494355
15550092
9003166
27213879
21150531
27495866
15541620
27778321
1954593
12577894
15511325
19604697
15099456
15888858
25982156
22804847
26744363
26817429
19780917
19021485
22687261
24734404
11651990
3062530
21661713
27884806
16381392
26547508
26720622
27521394
23482998
25044030
29657178
10176619
880142
17260915
10105948
12567124
10086763
11499161
1155370
11199905
9474347
10176756
9068802
1572108
11991429
6411177
28455645
12718457
24408596
8936700
26136830
22066151
24712270
22196169
19387932
26770726
28944254
15859814
22160945
10151333
9347184
18031490
20228686
2147060
20469471
25134253
28976401
3055692
7349786
11865880
2000349
29224493
8844934
26831313
27833193
8795648
28866894
8795651
18234951
21244609
29224496
23712179
7567724
27609418
10249581
19221084
15311331
7571594
15538067
20468906
2132283
16650197
18935748
21461308
29224499
7567723
10975229
11093565
7567726
10816965
1409167
3946127
15183215
28892593
8184225
28892595
18197528
19104246
12642906
9570174
10313643
26092655
15184252
14516524
19745495
15311332
2262111
21620643
10161142
20968223
23674669
15962198
10281657
22010425
3565220
17725265
18711031
9138879
8447875
11434005
7363529
1972726
10733450
19783401
16135878
21393556
17499689
8795650
8937869
14986605
22018768
10165822
28892596
621485
9197677
8368219
28462345
8379802
11619967
9384166
6791811
3676527
24309993
11345876
12046800
18289436
18075635
29125714
12194169
24258523
28401127
26352708
2138216
3825841
7567725
26005822
27049741
17967296
9742345
28237955
3770485
25004549
11362084
20640779
7647626
18053456
1409166
19318715
493427
10390682
7088742
16316436
16840370
16749295
17075365
23234837
12557883
10291838
14728253
24381748
12965967
21690597
2727524
8675047
1046688
11126138
17082164
18080719
22313903
7630994
17379683
21734198
26187156
26744113
25593753
9559710
27550568
21417741
15915291
27348844
18209158
23949458
6723520
12802843
23919980
16454148
24451837
15044169
28813734
14560594
15779872
19298305
22435884
11199628
26355630
2058149
11195773
25310168
26777101
2818887
1853492
16869526
10358685
326467
21109510
25841420
17059720
28304261
1563941
21221518
12066047
15792330
8754360
27875470
25084741
1519377
22190886
23964768
23879936
14571664
27909486
11351371
11362170
20625110
16878166
24644754
10645510
19332640
26559213
2357436
23305915
15866396
11957769
9240111
20053208
9429681
27875473
21863384
27062683
25407060
12813930
15578235
15858623
9400885
20820814
2798624
20065388
25473136
17583273
14529039
27475020
27570589
2183474
24468479
9347706
27679839
24512162
25470866
19017590
28887269
15349511
19634104
18415326
11760593
10767748
24653473
7892676
7809293
7692781
6617056
29472021
27833180
2243487
15146091
25441045
10227608
28233687
20531077
11961954
16622360
1345427
16310614
23731855
10136079
28403860
22474998
28771027
10527016
19808156
22139981
1762972
7582178
25665223
26614240
26604868
22586165
16121082
23134753
15940588
12898838
18566485
19165440
10782185
19074130
11315802
18998764
19630450
29276843
24906899
22345843
11129678
15801187
19497899
7618339
15467544
10212620
24800122
2126486
28585391
8193444
18576182
23034072
24131580
19637946
18539762
10595896
24204078
27025510
18258696
19753689
26218235
22978734
9441055
23099546
24115197
15173686
18446745
27763820
26250633
24378962
19005434
12022483
10363035
17555161
17901269
8518127
21441763
28255637
24605936
29072148
7845810
19548115
19740357
15227872
21448029
15311333
18460203
17704660
23524799
20812887
22497550
18574641
23815804
12425711
18214677
29596294
15935032
27252870
15169544
12854953
29527992
13679940
22959413
11180736
11768676
24556658
25045580
26319076
17549649
12028212
