3504874
4239953
4972338
345354
8751348
181987
5380485
4388644
4621943
3504873
8567326
4627037
5629110
4219542
6997905
381724
4478529
4584645
4630307
4880689
4597578
4980820
5393105
4984799
5125715
5428248
6865341
4939918
4285679
4300107
4574817
117898
1239358
4214533
6797820
200975
5469886
865507
5167891
4313246
4767280
4992823
5525865
4617241
4245585
765557
4565134
4319838
5164389
4245582
4881963
4991595
4130120
5022794
4400385
4300621
4326445
6002791
5024622
4631170
4955385
6506170
4157129
377858
4935763
6797258
641196
4575132
4937444
5394118
5817375
6431154
362750
1012714
4709639
4645671
4254743
4838787
4630034
4711096
6069122
4906409
8751346
18988346
4346624
4387086
7258045
1089873
4996294
5408400
5377351
4119047
5001846
5750145
413210
1054979
4561039
4196545
4254537
4399260
3546114
5817910
5689784
6035536
6325555
3921805
4362181
5689437
1128252
4801801
4366217
4858263
4991962
4367326
5081107
5041402
4609809
4124318
5030894
4313210
4307008
5110725
5167893
6049311
1024592
4937443
187896
4155899
164793
803348
6287378
4401517
5417323
4880688
4214954
4974902
7016058
4131049
33268
5974572
198758
4410384
4459203
4418360
4680504
4250357
5628000
3556273
5410917
4734117
6990539
396251
4767908
3304799
7392979
1253552
820946
4312310
1023446
4112864
4218421
4551392
4894514
6068238
8758352
3247335
5551917
5723278
6346809
5167895
132288
5135879
4203177
4359238
3875324
5117855
4207815
5531232
4316472
4367784
5315495
5023991
4627788
4420691
4708853
381527
4289892
5158015
4877231
4810787
4302918
410209
4199536
5562140
5958823
3356758
4815971
4896584
5987834
1208689
4374671
4634155
4111948
5887033
4673799
5103523
5172418
5817912
4599410
4916471
4467188
27377457
6011991
22557
4338697
4590612
4314713
4945450
5478547
4248573
5607401
5296606
164603
4204376
5105622
4998271
395908
5065746
5096105
4110777
5750124
3776
4449792
4688426
4318049
3148836
5555464
5745997
5743648
814607
1202071
4153471
4690239
4947916
5481954
4117049
4117047
4323054
4965244
1133102
5562041
5092159
4102589
4285670
4363984
4967143
5162621
4362878
4602199
404279
4217659
4208178
5130017
4559621
5626282
5326138
4347114
5778713
6817386
7011771
4216053
4209223
4973682
5059942
5349951
6007036
5151902
4318075
4313274
6999806
138729
10196
4666192
4305030
5160854
4102683
4193896
5361912
4934655
2837070
186234
4733386
4833284
4399922
4897541
4906835
4212981
4992751
5225869
4227164
4698856
5139733
5117471
4116470
5529256
731403
4210580
4366899
4373839
6767594
5700463
5066171
4370704
5167892
4582472
4159135
4896298
4110598
4834792
4624672
807861
4926751
5595379
4156141
4554942
4979566
4999146
4573662
4343268
5103384
6781217
4978544
4968112
5105623
2931198
352298
3445091
320470
4375481
5110719
4869323
5319128
4736403
2233341
4369170
5019970
5008488
5103392
4177852
6207083
801704
4573796
4975082
5811788
5077360
4215995
4332122
4972361
4987212
464288
562969
4605216
22056238
866480
3770729
6406786
6797853
179481
5388099
4894805
5724309
4915563
2907976
61426
1113735
4815391
4263035
5746314
8751347
4672763
4311728
4631148
4336806
4252629
5509906
4686947
5043820
4575131
5071081
4112506
5170897
5392012
18990778
5068186
4131173
4145166
4552674
4399185
4980495
4346860
7294828
1104930
4403260
5359316
4554980
5102275
4970588
5625243
65928
4415676
4302751
4971767
4865576
4974600
6002796
4356499
3133967
5462694
4907062
4624631
4803209
4915059
4209570
100487
821908
4833165
4773271
4595114
4142679
4206488
4561014
4393064
5817668
11352003
2417090
5605223
4903800
6878763
389801
4605788
4154683
4622670
4965804
15211934
6737227
7278430
898521
948513
4205783
4622497
4980418
1145235
4382674
4360233
4987667
7052091
4356152
5740694
6733809
4606696
7519284
4983484
787565
4926233
4978363
5970184
5896106
6778032
5792571
4238449
2755504
2486991
3463504
6530879
399103
1022337
4185265
5734158
4866101
4958101
5140813
7133050
4362407
15211933
7024424
4098817
4967146
4932994
5432278
4313215
4669481
5228670
61026
4796150
5559342
4057612
4382241
3326095
672652
806886
