15830269
19194059
15888972
8885335
23343350
18850353
22057777
20045691
28686196
8235091
21983806
12723893
18197536
9496739
22423898
21130632
19484701
9514139
7051423
20014407
18644706
22976262
12586214
2052548
10447191
20374182
7112765
21284339
17929753
27665477
20819604
24578313
11590755
1544873
12719802
17448119
12183123
24357417
12039876
8386496
14670072
23222694
21540580
18414974
9056934
8086781
17397869
7875552
22260528
8050639
18569939
26239057
17921322
18375637
19386004
15837840
25157954
10723275
16175950
17383787
21619925
6148141
27411463
11592867
18797156
2601225
231424
15147922
17963344
7753044
22558179
9546600
16051410
11337108
25994956
23653282
9647498
14724343
17465690
1454849
16806281
25801556
12446211
23079336
15733537
16758767
20570120
15998567
3920337
7797106
21511893
22987311
25042906
21259295
1566276
15737492
15822763
17050244
10904031
18064446
12064741
9027729
11243718
19573587
18786523
25620490
11673080
22981437
22391462
11672700
15034098
21365993
16311907
9587785
9702530
23395153
18379049
11882351
16820301
23792234
17499415
12615119
17950719
18650254
19394401
10668640
12569111
22961602
27749260
11198264
16395251
17968290
19150234
26710178
28739328
22343418
15662597
24296107
24930470
7704186
12520926
22127588
10331392
18669169
23175894
15380913
16889761
25426774
16434830
19841522
18684602
25403314
3052251
25043728
10704263
2572356
21538553
18989868
24735064
12123467
8375611
12872855
12948815
15808599
10382555
12703969
6477124
10586421
26119785
23624226
22891563
12476939
18705014
699406
20356860
17106230
20569927
21736495
9734345
24024952
14977448
7564078
29160372
3112334
16179886
8000039
16036363
22629151
10699751
7556470
17602832
1383776
10746937
23537597
15685501
9350470
20102316
16502108
17695142
21382363
15309576
9879542
19406194
23000874
12821286
25127291
12065220
16637228
23395295
12124559
7659523
12897100
10987997
9702438
20067818
25617810
11239965
11518781
28178330
20455323
11942324
16445897
16841248
19539026
1505060
10916104
3985789
10962138
23132012
1962872
20814075
23830120
17925095
25043389
21126288
6506197
23353054
23077790
11709211
21216578
23024108
21417636
25858877
18440118
27074584
18396268
14697991
12387303
27580939
16201893
17365925
17125799
23820883
23070905
23339766
16236804
27810786
7896060
3571847
19650854
19576906
28846699
28826128
21864646
21305852
26210583
26096646
19063931
15030960
18289759
9932164
29331520
23961244
29425480
27847899
22680615
28554820
8640938
11905046
24058721
16374435
24458998
7337521
24603624
29092737
15539266
18225474
25349638
29026390
28658959
23056943
28814089
20934479
26229324
29142432
25909624
16549536
25685748
24971146
26579935
15526909
20156547
21305846
18209378
27652096
27633293
21299632
17635173
20021155
22996076
19615871
28462129
28962322
29538225
17010209
29265038
24055808
28570649
19233877
28962082
27838906
28223818
11795436
12639394
18434106
16703458
29383017
16484759
24547668
16164572
19348394
18687132
11320727
27579048
11002856
