15956216
21236301
26931043
26975544
19244169
26291441
26691676
20949018
27076646
27826411
25269626
18802040
23041064
28251288
23606600
25539812
17963843
26554446
24647714
24362464
24593279
22065423
24378718
21318262
23769837
25116467
22676179
27492172
29232382
17208922
16982776
24639485
20959477
27244456
25706128
25312022
20831632
21998670
24486842
24013708
25260891
19139133
26063610
27394686
19072537
27724921
25634211
24098340
25592224
25307863
28339054
29344663
29016733
28584633
21767405
29152658
29676999
28745324
28597477
19149167
29097083
29567386
28535287
24607812
