27802985
8048876
8511315
4493900
16693525
17857560
7280259
17857812
21259710
19981301
17865765
5863040
17859437
8103897
14835756
19986797
19981299
20766126
18741432
19977881
17744069
289039
5859789
6434021
4468887
13637367
21312543
20763821
17800616
17866087
5276623
13985760
20767485
9370994
9008686
5511657
5397394
17859479
2405954
5695587
14038471
20695072
17277263
8539206
17865992
10700836
10472275
2372260
5848320
14817646
20297229
7034971
5584156
8096580
13063137
19981300
5410356
11517634
13675008
18880107
1349068
7320761
986219
47549
4820126
13737528
14941059
29224545
13985759
17858541
20768843
22129720
29231109
5500040
5928469
18866961
8597945
5771832
14488314
13546956
14821908
7866628
17556440
17541089
8378199
16916810
9158605
1603660
4685977
5288521
21001454
6566145
5149465
5971469
13737523
14434487
13291165
13232989
13177243
14785011
24177463
11818954
11016998
1346187
10312940
3457827
6807410
7011238
1097903
1145558
4550921
5904799
13985756
14488309
13514327
14933436
14883037
14785010
18905127
20286279
20772550
12233756
10514138
11609971
1123101
4708632
13073686
14876662
21259788
9074550
7837202
3217319
3768623
5053678
5938009
13595526
13239085
13154152
13022244
15425488
26565221
9194864
8650093
4124089
5491928
13359965
13055828
18120096
17104048
20465398
4092419
3849418
1055927
4824709
5904648
5295653
5294761
14488311
13369936
13279348
14824708
14776017
15407308
18208212
19980189
28686877
9274510
6921224
4122364
4113912
4173995
13289197
15408529
20249241
3338903
5131568
5150189
27311203
5553026
5294772
13737527
13491354
13430041
13132171
18126298
21014597
7496585
11188345
10752725
469779
5203907
14106895
18123371
8355764
5169932
14488312
13155020
13106312
12996550
14873804
22462082
9270700
9046924
1675334
2597061
836671
13670254
13098627
22218608
16254854
1681300
11642857
1253400
4544243
6039422
13643159
14355266
18140182
21502050
10495618
6581722
11653438
13318947
14888979
12653090
9126203
6674268
6674259
7269286
4169811
13050706
18913750
1571776
4154473
5642136
14103271
13036503
9637988
9424608
3856702
4647810
5691967
13039713
14955535
18875810
14995536
19230271
18917276
21405
4735452
13737530
14995527
11777485
1617478
6059634
19588723
8203679
14133353
20276774
26518375
12195589
8332316
7164211
14133351
13025277
10453366
13515054
10932869
13381
5672558
4873163
5971468
13380524
18890808
20679311
14644982
20275018
28762817
14389261
28909185
11403009
8903589
11649256
14340167
29530401
12593091
11668708
1314120
2189882
2753650
7916084
18407125
5357345
14287870
1300338
4904688
11645028
28555793
5091999
20392210
17768786
15451208
14907050
7565471
13228552
11467042
12882726
14326010
8726344
8046359
11643108
12529723
39807
13617931
18244378
1737176
7034973
20762117
24177470
17135853
16459384
24487656
12513369
7333370
5777875
14434489
25276573
16606250
14203331
14488310
16614324
8148700
5338048
17787151
14026218
4910269
13149104
16383713
15297358
6058323
28415242
16688863
29224398
4229086
12853205
9487511
14814725
7425097
16693373
4112188
5690880
14771803
17750507
11969624
4824708
5009954
20000810
10276669
5675490
28615918
20494713
20267928
10667178
24069763
10353063
21237039
28564444
4411754
13185678
14923306
15405213
15405722
22627277
3994205
13329752
18127339
18487173
3615721
6141443
5553571
5231885
14434485
13457648
14841777
17859187
6430501
8241883
6070340
11088315
27547074
12443262
11415199
20866218
18377517
4945356
5498465
17103504
13469992
13015341
21274785
14186780
1393697
2207785
2334514
507155
6062265
14044188
13737529
13099897
1978196
2611609
245354
1142184
4537892
5920438
14423155
13637179
26097654
2570252
3625980
4061724
7399250
11662647
10240013
5544524
13973896
14837575
15402811
53043
28679172
25475943
19164638
8562561
6889084
5103230
4243478
14487004
24546625
13307972
14953177
14825500
18147733
18099763
27019491
367169
20866883
12662881
3346318
7045435
5655874
5948150
14488316
14488313
13049056
15433221
10624450
3437488
6732082
7385603
5079659
5020856
4189305
4382660
5881752
13618758
1728766
18477485
6793141
7416007
11663425
4618531
4339828
5453375
13617368
13422175
14810177
14770734
19054728
802686
4213505
22181368
21152475
12254734
19570490
2355367
14203332
23410716
16226600
846835
5359577
5359534
6056842
13737526
13322760
14901245
14885916
14788156
20273136
23580944
10268982
