15471769
15301407
14503171
16152775
22077299
1625943
19422080
9071631
2095684
19811152
6874559
11228511
24668419
3749962
6970273
26873337
12915371
9264229
7580383
24228732
19435121
17009095
18808559
9448867
25890189
2813824
1435371
27544387
17592687
10185794
8842849
19077202
8911106
12114155
23524917
9158342
12627174
20847756
2346089
25123968
17174217
19625664
11346534
24807436
24820377
23269299
10117109
15288916
12000782
27249334
19912497
20959353
19786485
17276321
19995169
23517586
2197377
15353421
20069949
20638812
22920404
27049540
10132017
14692374
19089500
15488138
1457020
11427245
3795241
1353814
7627048
9177644
16199355
18221267
7299795
2059267
11154199
16877197
27119333
10428750
6437522
15011193
15993646
7464588
3374416
20224964
2407259
1872495
15888971
4010568
15141132
1498233
15476986
12772930
12754905
2095449
18422414
26137835
3134096
8327923
6644777
10705784
7241555
7360547
20946478
17209890
7966927
1630328
8539028
9803287
24015738
3603267
1457027
6501078
15368032
7153966
1883433
9171685
26542697
17412205
9114899
15813766
8412873
1520048
23111050
3126966
26840965
19930511
12823519
7119692
7320988
20936568
3870767
19769649
24746247
20397346
6738398
15856774
17786758
23795943
4041670
6700454
7329361
9578936
21292187
24981655
10157008
7495462
11780693
16150038
16354132
27413446
2713013
1857278
28116027
25307640
7219227
16187606
7362161
27848075
1457299
12355868
16573666
7253988
2372352
18507764
1758333
11574085
8699969
15360954
19969588
6926074
9407774
3719282
2095444
9347718
22361799
26888477
20854239
6737452
20356935
7207268
18382837
28435508
7233310
22830186
15203472
27490656
20002502
18320772
7362163
7362162
28438791
21639074
18214703
28306323
24464512
16543300
26692964
27311249
26050056
11721235
19319809
2235629
1909129
1401869
19059168
6911200
17089077
517891
23581900
12458308
8336571
25991593
15369881
11785860
18338992
9470274
9287776
3821224
17428224
6700453
3556894
16826862
17001140
24598901
2709168
7743257
19251965
16788410
12114164
8266960
18295310
8762128
6472145
24058314
12743934
16824367
20636588
22960719
16242369
27528831
28165931
3221761
6110140
19697257
8360966
2709169
3641592
17917405
10566380
18230094
3550009
24393278
25834686
14709425
24484112
1930515
1403205
10271775
11026845
3655965
2668459
10030108
12534252
9029422
11435763
8135024
17630083
16869923
12710249
21249677
7086868
19038043
22452906
2065877
19017590
8258082
3454587
8606130
25059835
7266394
10160945
22914517
22515310
20030778
24122744
2393756
23212501
1554464
9934297
3710854
6834289
15763855
18241643
6737458
7143406
6503750
7412628
23512047
29394423
10124420
9114853
25924155
3761349
7359558
1947696
11331501
3346893
27670770
6694201
16573662
9515469
17238700
1858035
11722685
16388233
25296056
8086049
27632394
16178837
8507317
7224392
27413448
11112723
7786374
2620844
9121236
20220732
16032916
9621735
24462031
6335291
25133355
24633500
17518837
10130700
2712181
9590606
3299726
18463281
3773580
1747381
19622593
7097736
3701816
7381887
8700788
3172161
17102487
27137662
20548967
12578048
16635119
21275536
23512048
15360995
24776833
1420791
4014314
9441572
25401341
3668492
6887224
22792605
4009675
23543546
22865176
17269948
12857669
8525316
7472694
8916728
2715772
6787315
17701652
3418365
19161488
10174518
16685577
7999189
28218940
8342969
7441683
6924095
23709188
23444887
24712946
18979262
1461016
7411569
3743453
17682369
19881423
27089216
15203848
3216350
25363428
10991593
12857697
7854867
2920454
19037475
10895710
11401662
18973714
21090208
25821884
21696486
16645288
16354142
27197342
1401553
25789897
19407635
23782771
16032756
26661783
19132561
10291248
1506952
12860240
3826430
26840966
21112356
19330675
25182157
17001062
17118112
6362513
9717619
8547909
27039029
10592953
17392856
16490924
12860241
28096741
2406471
28397582
18694015
6633404
24796144
3972853
7346641
6244339
24804916
3339486
11219124
21155083
17786734
18715487
7441694
24358585
8371248
21457921
14612256
18826729
22369903
7777737
28743691
21966036
21447199
25226716
10667056
8302373
11271733
27230568
17291296
10513212
1580063
22911522
7355054
2923642
25539633
1608330
9658682
1868935
15696891
10266341
28774290
21694560
6411219
16128650
14872344
7077642
3791972
28341687
4080902
3934191
3452353
25413910
27740953
21254523
26679055
28116996
26423420
8926812
3454573
26554214
