16194553
901012
26210297
18956101
12738274
15833625
14079496
12956593
28859097
27393920
17418377
17144310
24369882
22926641
19027137
25766014
16154162
12515348
16948432
18183314
20803753
9719613
15643940
19147175
12843398
2087844
18965158
25200650
6709966
22196953
17449152
27513221
27069590
28103271
28977760
29398897
23239531
21241521
27275320
12699915
19121808
20233077
22723781
23454465
21717733
28112167
18753618
21050742
29668252
2950097
17475372
21043531
19333338
27474302
16646389
11924514
24820354
23749653
16029514
17306362
14499551
28902904
18371847
22692838
22669700
22948946
21291193
11931446
25923357
29195195
16158577
15796113
22623166
26001495
28343099
26916263
29535634
12284705
