27738143
27609991
27495196
27179591
27111605
27014527
26844727
26039842
25788097
24891875
24699480
24492808
24478227
23404439
23024764
22622531
21968849
21572957
20679200
19930036
18268202
16701081
16553317
16420677
16324175
15533821
15212092
15068661
9791311
9322144
8604382
8372845
8399592
1731436
2078926
3555014
3040039
2951551
6196566
29503726
29352254
29259276
29218472
28609340
28375908
28006825
26972661
26867889
26252583
25977363
25919449
25837896
24753517
24441088
24305445
24089332
23917092
22925950
21764754
21628575
21347320
21292971
21048720
20659252
19339983
19225523
18590447
15251109
10174686
9180428
7993138
24242055
7948243
8399587
1339234
2597541
3594842
3488153
17819751
29659115
29450490
29118358
28777169
28716253
28570321
28380523
28094794
28077869
27779495
27261677
27042899
26748590
26711984
25762280
25651214
25470158
24844914
24123580
23878339
23878327
23878326
23739098
23558479
22812661
22592354
21445272
21249463
19956239
19583056
19370490
18267900
17514708
15834043
15212095
15212094
12181565
11567921
10391764
7969317
8080335
8399576
1546884
1767749
2252754
2183726
2154926
2914979
3963057
29613891
29432234
29200108
28968359
28827613
27336632
26633775
26499288
26426229
26293955
26185235
25732368
25647831
25299276
25099094
26430387
24893231
24701271
24646985
24589190
24572388
24092285
23443221
23385691
21712224
22810794
20932636
20202505
19370494
19265020
19243406
27325909
18403408
17151016
17127040
16897763
16752393
16199463
15795554
15212090
14557095
10418351
9717945
9237291
9428118
9069790
8981728
8649594
8053039
8130693
1292415
2036561
1847581
2846218
6737389
6317559
7117932
