28356485
27318087
24583347
26395178
25376468
11285272
23292212
27113646
28542404
22674505
17604656
22516997
26719950
20955806
25529198
26669923
26165845
25681563
24795273
24731422
17292639
25753754
17707214
22576977
24820054
26247611
27982693
26068512
22105490
28939526
20833252
19840848
17175180
24928920
26459914
24418674
15743758
16258173
25757091
26272361
24852296
12939660
23179147
22167769
23139211
20506210
20506137
28397834
19487956
29201201
21444376
24804794
26648110
28764194
26333736
24022930
18471442
25985281
28662992
17804408
24443023
16413503
27863506
20709799
17900349
29350460
28687631
29044189
24892945
28639733
18821706
25163805
24055043
25728278
22646092
25100748
21365634
25845371
20301312
26184463
29606356
20146266
20650323
26261569
27426917
24817956
