28463044
27447788
26581218
25082852
23619580
22705627
21318451
21221069
20198473
19618182
16001626
15612988
15538930
12634962
12582815
11792880
11044033
10910286
10513738
10399029
10383035
9861621
7698154
29626944
28738402
26526595
24802194
24607438
24375774
23967721
23359660
22921302
22214246
21970976
20152715
18349800
17664475
16269602
15698435
15653657
15653656
15252161
11083551
10626285
10023655
9627334
9365556
9028544
8961808
8683311
8662109
7786791
7532314
1787081
29058607
27822851
25791992
25275667
25100279
24982849
24633572
21484382
21421708
21256943
20198474
16204720
15653658
15503326
15122685
15067250
14653026
12471764
11965608
11727081
10940690
9918633
9479721
9227228
8613084
8624635
8612654
8587071
7989976
8326297
1731000
29513273
29166756
27730823
27009066
25635131
25288760
25161302
24904111
24296766
24231796
24065586
23272995
22989334
24783007
22608186
22521198
22366187
21732104
21078802
20422185
19955188
19402368
18714854
16517236
16260423
14763906
14736528
11139053
10718558
9662605
9596154
9397494
9153559
8702446
7499864
7667295
7641518
7699439
7624741
7527211
7992075
8507879
8266771
4082859
