11795050
2284013
16612356
2284019
1926818
8489133
8814217
24328398
3687554
2130149
6757926
23619369
4473521
14304054
2743770
6871459
8480133
4795499
3168349
9495333
15806840
2126604
7572369
453053
16145768
395643
7598060
22139563
1817076
2130155
8409086
11380891
1994474
8316055
11124741
1926826
7118575
7766034
18187438
11916747
12831703
2130150
14639784
14207844
2402050
8525979
6741018
7192780
3687555
8760105
1926813
15849432
8341384
4199602
14117788
11522569
1782728
7902096
2126603
22139559
1525733
27979073
4213436
25141604
7259109
2502651
9131182
3497242
91048
16469999
16332672
5471051
20609265
2130141
6669173
1096154
14676606
2231027
6131304
3935366
23964401
2130145
4645828
557284
8229540
10365995
4407508
757345
15464340
8418135
336287
2569044
22301837
6620984
20414547
4801670
9605633
2284016
752298
19812354
19660844
8487001
10079464
26067872
6889637
9550172
11380907
22189909
2461349
12887157
5441181
8543324
2130153
18287366
10868351
569190
1351814
7396727
11855617
23964409
1683357
23885706
6669175
6474950
4752969
12690229
11592720
8648438
4472261
11999408
1432262
12008983
3806255
4630172
20430143
4605902
2284014
5535914
1478479
3239110
2130148
2284015
4752978
10419995
6338878
563149
7359210
6994444
2144498
10374064
2130143
27549740
2446468
6340250
4555003
19625697
24445377
3425437
3798845
20061359
4074456
6636644
6651222
7034050
27022032
13991575
8744225
4616973
3958858
26630101
3403760
14110941
2761411
10638795
661218
8283312
6821688
11244183
7884555
21357461
6207664
6497938
18251078
6295539
2107284
10628672
2649646
2760313
2720438
1184901
3930666
8463859
24940610
22588635
23317926
2008874
3798846
7076323
8525975
7884559
6724661
7312023
4674350
4472449
3761041
7884549
5689682
2423382
13942363
16676704
6377406
1500590
3936274
22878241
16802691
10994069
26558955
10656201
9663010
3759257
569227
8655422
342994
6686459
13970278
407788
64804
14250906
4734309
2668182
566438
550741
10525441
7195916
845085
2284012
14067648
12826484
13992597
7922449
4477389
7383443
26147485
6147936
19623200
14209803
27197704
7884540
14128746
1096147
15055231
6802145
8379506
5335352
19741515
12936953
23439377
7585295
4090397
21228266
9776657
4636906
27434756
6669174
2130147
6655506
5065711
13996377
981888
3937332
120006
1765842
20924145
4102938
4570424
3328182
14232542
4082515
13980617
11339110
5439553
10958829
546694
568168
16856322
3798858
21774121
7019284
6746107
7251975
4532877
4023632
14121058
6708746
21447768
10194674
13973763
25277724
15277147
11137966
24592585
8575968
13979687
18727562
22260124
23899756
15884800
8074062
3705544
4634991
2704882
7200130
9694422
14110945
3600917
935746
8359408
22260122
8525983
5503561
13938727
2700896
140929
3288890
12800317
3678362
10365979
6116475
7628971
7722681
10586506
694036
3218159
4472071
12712750
1626117
20966913
14043067
2344989
12619610
4271071
4074457
14113272
3852405
23107526
7884550
14089921
25683818
6725193
23165085
24779780
2071798
81995
6831269
23567359
6474949
23713744
17490972
15788114
7470314
14186199
4020491
4650266
7873043
431713
85218
987165
3939688
23351408
2130154
7442765
10774236
24652796
562115
28615378
1723317
7442764
25374002
26369006
10215329
3388811
12431396
9684168
7738696
2654226
7222549
14083003
7313281
3798977
5163852
8616673
3291549
7144108
1880615
8656858
19536417
14015337
3221351
2312184
26263749
6490399
9222831
7963164
752301
14169175
2819017
8227875
12820403
9058278
2190285
26886706
20938986
2284018
9605629
14171313
18049989
25553863
22139567
9868205
86812
8124403
23461172
16421545
4714386
8780340
10764897
18727550
4673243
15229112
12117426
5692406
3104359
22677921
3314983
14195070
8901791
23713493
4835792
20609572
7251976
16002829
25807346
6360153
10531599
325437
9405716
14135575
2743771
14264312
15735253
9631516
7839738
15798083
1476305
2126600
9591239
563148
11467178
18326606
5589476
7214170
13951295
17355342
7601980
6539370
21535185
6197110
11904862
7745159
4201784
1413793
5814706
9848503
3453876
9614170
14275945
19187112
5898209
1359506
4201670
14522722
14192617
9202097
3254589
18094495
3832791
8292906
17472469
17085233
4842975
5028666
22150425
1514253
2025891
20484942
8882368
14110930
9356538
7884541
6889432
