20619954
24779431
24071947
23302502
25284231
16891682
22835498
23497602
15192363
356711
283854
14242813
23938104
6394002
14108040
23510230
4379919
25888061
4450709
14976595
24349115
14148774
23153876
18712847
14043891
23826566
26825636
14066650
14075982
14152761
14333173
17896575
27955692
21349628
22709722
25948365
14081167
14177202
7642151
9597718
5909952
23415634
445980
14997305
10147544
15583350
8557869
24275297
9165777
21576923
14270190
16841506
1598450
10570772
10374366
17153661
235029
21725235
23782859
8005066
18212645
6748116
16963191
12122206
22925337
14333527
20945471
16879732
29513831
1259685
1967495
3849527
10452462
1672766
10073292
25394246
23508902
27721108
12101334
24507376
20140390
27543137
6703524
22535343
16365762
5164840
4913090
5402671
18558432
17436780
4612236
11271100
5988053
5674038
825736
5468826
4327290
12432737
10214368
8974506
3551217
7030628
7839923
3318294
5160067
4734060
4684009
8868526
4644138
17017479
9254470
5049604
5337651
5306706
11974353
5306771
9047411
4586472
2675215
4840860
4933695
1103592
10847639
11715792
12214538
3317703
4932545
7817135
26376162
5605171
7928173
2015766
5122594
5159450
6550908
15540588
18074555
2922532
9102685
18796014
20127617
5917948
522650
28139596
3343503
1617275
11096969
1305371
5293963
9366759
5403014
4872887
2026046
9863338
27526517
23016809
452283
19450242
6495177
4867644
4428245
729360
91301
9366746
8118727
9047415
11464412
23316591
9281030
2796656
5456595
9627166
21284569
25454895
1227792
7147323
7790618
8389092
12586037
3202441
3430974
17633864
23805588
7460702
2340907
16610774
24709803
9883166
11497156
19086701
10199529
4583586
697108
4928359
7792998
15200610
18467974
4945104
9644993
11077590
3404834
10362416
6086117
10921563
7147875
6028392
8168022
19051750
2657795
18344670
6563131
1881085
7411888
10321663
3133736
3870974
7423819
15249459
6046732
15127194
6334344
4210208
21500454
24694386
2728243
10923727
22393564
28268067
15364093
15484175
12479001
3594510
9407236
11911737
12597036
1755119
14997119
10921600
12583378
6869166
881893
5332980
4060500
1292890
8252893
3432918
21262751
26329089
18594224
8627025
2379608
25199225
19268792
25178771
1221527
3995709
4459781
11935620
17285286
12010167
2717182
19268796
10369564
12107681
4811604
1801110
7411902
8490768
18485528
6071329
11272664
12555010
10050393
27983491
26702879
3432917
3390754
8830594
18256381
5299386
24694385
2800223
25152109
8811294
24221834
11685298
23089676
10081509
8377043
25153198
22476449
1414454
8073295
7016359
22053338
6492652
1617989
16765452
11331061
16118563
5122216
16003060
2594356
17354518
8211339
7422304
1526718
16963836
25971367
21534311
8662125
15231955
26903338
9069933
18351322
5449365
14999628
1042017
25227979
15836670
8871299
5015517
4513766
21865790
4653843
7151266
15347623
12665998
2792421
9660664
8905439
22005238
10772134
80002
1281848
9895401
7853728
8986898
8182411
15312216
21705885
26390673
11904666
8365202
20838153
20927615
16424738
9654322
3997505
15857560
12594597
3193683
4601521
8205819
10373786
8927112
24553507
12025017
12398784
2019060
8908463
5682776
22168089
3628332
20140309
1738821
24389714
9201528
22762464
9099516
9331602
9331630
15857561
12442644
10786961
27983484
16182977
23001437
18379258
18418098
16845448
4789215
28084830
16791675
8636531
3732067
21728743
16791674
16276166
20517699
6736096
18084977
3195073
16938593
459217
22548679
24927984
12072677
10628605
17255877
18458873
10420831
1946115
17340193
11373487
22039665
9331639
26926297
636535
17116255
16049709
12654807
20066650
5609146
18958507
1962960
11265028
21248525
3238478
9314453
14605537
18552688
17464116
24717279
11265023
24801429
16467339
11200369
19032556
1413816
20709506
26953217
24801428
24035432
24196006
21259069
15338849
4449314
12133657
12520644
18317733
25297038
3021039
15197962
21179768
27686355
10628609
18542921
11447287
25190134
21976764
11860922
11303161
7855557
20639748
15147552
348178
22237469
19193266
16386636
16722877
2073903
24523055
12825743
15454111
8528983
8870738
12500730
20639791
12972898
12706778
23681131
24928291
28220227
10667529
23509145
7594778
11265031
2945472
9472762
2244415
9331707
27397578
17999714
8519313
10325388
23171699
24388476
28269527
19205544
9106949
15011110
9480600
12750811
15828465
18156530
26567838
1999773
19247258
9331611
