22270360
21124745
19931583
19640840
18936485
18338418
17133095
17048957
16989771
16709850
16059971
15620707
15504046
15210812
12543649
12146951
12031411
11479030
11254635
11193777
11154407
10978343
10377520
9860847
9736536
9596749
9257708
8606085
8641770
7498526
7643008
7628604
7730641
7667395
8040321
7946046
8013647
7968608
8245468
8335113
8433032
1639474
2004817
1901580
2254017
3290255
3345204
3779104
2940726
4056036
3989323
2985808
6492164
7216471
194110
4119468
4323128
5817553
4978299
4389749
25387882
22345650
19542459
19400321
19225094
18440552
18028423
17962464
17060626
16235171
16222292
16155572
15616305
15544532
15282557
15113897
14622019
12710952
12613962
12146971
11932493
11856344
11566791
11527997
11419008
11193779
10625488
10446287
10047545
9720917
9523109
9465102
9240381
9199465
9001389
9050380
8807886
8641802
7860744
7669217
8150085
8476558
1452336
1500163
1880422
2257291
1688654
3289431
3279018
3040155
3525696
3519465
3317602
3706396
3891625
3888509
3893405
6271811
6995315
352220
328789
16558057
5581512
4983030
4877597
22722251
22168415
21248835
21143570
20220136
17685559
15982292
15274634
15175019
15019205
15019196
14585219
14567687
12769726
12712497
12707350
21680439
12569105
12218842
11557457
11060772
10768969
9553868
9467865
9402372
9237689
8945560
8915011
8890254
8993365
9222998
7698355
8525919
8244287
8452236
8423249
1639513
1406461
1302183
2004816
1988144
2254020
2098709
2407547
2668334
2543629
3174637
3035742
3023659
4051325
2997278
2981197
6735465
6375758
6330254
6418236
6643497
6574815
340584
339803
338837
49298
4426707
4566621
5066510
4108538
16557797
4182532
4881979
7512758
22700960
21768520
21169489
20418958
20155756
19594394
19581399
19494312
19402752
18621920
18455267
17703413
17506607
17467809
17266447
17250585
17142766
16978151
16790431
16648135
16500957
16182236
15588337
15372083
14507700
12738879
12019098
12005415
11980587
11869799
11854483
11790538
11753073
11168409
11023904
10795591
10660548
10531296
10417180
10066439
9756778
9596706
9573496
9063901
9009324
9412106
9276304
8841398
8188361
8164419
8514411
8514405
1398982
1547345
2656865
2841356
3055215
2836069
3162745
3127470
3891624
3998918
3988726
6413408
6828155
7287180
6255012
7439972
7440978
355993
727219
19359
789783
235560
123929
5015919
5025855
4931050
4194528
16557740
5796360
