6737915
13596238
15707716
5445993
10430313
4094794
17303499
17625295
4950924
11392432
22832800
15466080
9437070
14158482
14164167
27382955
953215
20818114
20943779
4252334
17970555
28525974
23347463
8840617
3526303
16163061
926956
884885
7450462
21810930
1555741
23813352
14689291
14715863
4187472
25362184
14050496
22996690
27297286
11291928
14231373
15735494
15809476
8088766
24045259
20818116
7663624
16680507
4111432
14222615
14144949
18851900
8218078
6114606
14053133
14094747
168479
21763850
13219780
13370946
11477692
14117602
4420439
14715916
7757942
4231909
20083172
149743
26339388
26465950
3560492
14147226
22647734
180929
8460093
4412693
17378627
21325787
14152441
13290191
15767809
5087586
28324003
18561344
10360226
25142104
24668915
11180867
23019995
15770578
24057203
14022124
2468818
24382792
8097481
17849440
13348173
4877168
23637307
13963467
14069012
5567603
29485824
1500436
5774443
14190811
4826615
4244465
24433315
13496386
14258924
9747614
14155747
27633923
21238668
14047601
19433251
6502395
14068408
15064229
8967531
27740873
1571405
6231382
8418645
27714410
15300738
1308537
14124109
8071749
25131821
16003534
8071961
23223019
14224956
940701
14340500
14099299
12838397
21861188
1439553
8827772
1785635
20830240
22560695
22139719
14231895
14143035
25262988
20004945
19266611
8030705
16311597
12128229
11297946
8340140
2182817
14077931
21185997
1755312
4792423
9058160
18471721
21305438
10522863
2303073
4593820
3343656
1295610
6011325
20223305
8533856
6531306
4032601
1348357
13328388
14381326
13073320
20991481
14125303
4894429
13298795
13350507
16801329
5442436
13342161
9632176
13283952
13212137
1870919
4870525
18362847
10824697
13149086
13274162
27468966
13316304
11110839
6531305
2432455
21343540
13263658
13178957
6163128
14383198
13268251
13234750
5520798
10203138
26576112
14049337
13246915
13342158
3840363
17316628
24755752
13283188
13268868
6155320
21222060
21521340
22010814
18227155
26323473
6268970
13303858
25592226
22806356
13217806
29489657
16357843
15734120
7678325
7825363
5230420
14309199
5490274
21573988
13262499
7634150
14335870
14096411
28329921
13333709
10207457
1101855
13337296
14176423
25073995
5850760
21099308
3522914
28049511
4551809
10051169
14148518
18303283
1272558
22396456
7800460
2140891
20375417
5493568
11794881
9564948
735512
18908797
6720240
20411633
13200173
1469575
27334808
14098371
5478225
12070435
15290955
8255892
19584491
14376755
16254852
423074
10436237
966633
15536285
4617909
1571327
23741353
15056606
846895
11890684
15211106
2657051
1741971
27821038
2014271
14753605
14254965
28962659
22683312
2872873
2701923
2216589
5432155
22129532
18704001
15239992
1723525
14188064
22844839
25655296
1235615
14992371
9323244
13214430
8891682
10504546
13348152
11232460
20965902
385950
8975982
21092879
1612369
14748292
6470860
13340767
4028495
13531639
10223367
13245238
19140241
10546763
23407133
9326937
6522957
22031516
25910305
19793250
5036405
10714756
6494680
9156582
13185394
13321702
4328540
5719527
21359665
14091237
16707965
8280886
997119
16042332
7039700
6604410
25120204
6365738
3667724
17575549
27374675
8135273
9140932
8134964
15408487
11590328
20492344
25803445
20598258
17213478
24332968
26028554
26944373
18416105
12562919
26096864
19387771
14123789
22057257
15699697
16340462
27709245
16353670
14164323
15907780
22752652
7899613
962762
22233958
19687743
26030091
8246208
1178645
7728349
12953414
14152917
4751316
12075184
4440094
2352203
14708723
18473421
8163716
10397124
18279778
12355901
22036340
27495225
20180086
2743639
19307930
18471747
10678653
21541907
18236072
12820591
6175221
6289239
13304685
17242221
8792102
15892465
14063180
14071648
6502394
17593483
18040894
9552144
6748140
4946723
5619051
3137784
25564641
14370596
5077078
15467296
14265517
5060460
8654157
20082465
22097942
25536359
25735526
22539344
14130052
9314108
26162674
7539259
15640549
6396124
12143249
22011826
6175218
4357078
1683581
6131170
13085403
8325195
14178307
11971874
7875410
21897283
23861216
6991827
5520907
10488601
22658665
10090415
194546
18787382
23914949
12717276
23859345
22581814
3146313
12171972
14161588
15060136
21708389
2014275
25447650
28707395
18648143
3943678
19274786
26545876
6400704
5351907
11914745
17236890
7717355
23954140
4446257
4983538
19728265
19073184
8778922
1570284
21936116
7509058
11975101
4424114
