1904685
3503596
16966318
9777063
10932311
3218665
22768848
17089647
6375385
4816563
19630307
11833397
15068154
19432054
2330965
16541987
18217220
22439292
24766653
6465269
8498464
26294543
8059870
12058520
20887476
123124
3369535
21073369
2966424
3223504
11905392
15118770
10500859
21091700
517363
24299483
23363242
444031
8726976
20530242
28947117
16101855
24862836
9659769
12473010
23930925
25945218
28814994
10124900
10262100
19801403
23931602
23947416
23944857
23421756
24944564
6869486
29201124
23941411
27791445
29461307
2272892
27543828
27608063
26034732
6815388
23931590
29213403
19394194
25945224
15473587
26409333
26518536
28922179
27170345
22621677
9086932
9195276
18985851
21040230
28680286
20952558
26835188
18154643
7982699
28070219
21768075
27124408
1273100
28821278
7652952
16739183
28357785
27027477
25230570
26305997
26294573
17045996
9055948
23083505
21530718
20689127
28825635
29656967
2373652
17601476
24134959
23438290
9891612
2976775
16767184
22994012
19561513
25227230
15186008
26005262
29593843
25987004
22048711
4070374
17876734
25392369
20094691
18583303
18807336
22827971
22704735
21515534
23181446
1830174
11854105
22422076
14579544
27457059
16634342
3228082
21316918
11676187
17671005
10258427
11957386
24246354
28747293
11201771
26823080
24502231
16761802
22346514
21067256
25122448
22938019
19280425
11252543
1928183
7504237
12807364
28871024
12375000
26955912
23271881
29116684
24739318
11026801
26003001
16183666
10778907
28705204
25963161
17384957
28222681
20301653
15631111
27992015
