12683469
12137101
15018262
12941057
11330205
10643757
15018283
15018277
15018275
11500328
11238292
15943210
15798944
11607924
11255802
10505827
29530304
29357516
28937707
27145242
26715404
26252656
26235159
26194576
25979105
25645575
25409102
25325472
25259837
24965304
24949128
24293775
23899598
22877676
22309720
21130217
20975052
20815182
20509068
19925871
19194521
16794462
16306271
16268386
16079371
15892921
15601974
15081686
12190073
9415942
9332626
8827131
8771625
8638073
7701184
8239353
8484626
1322146
17798765
29563066
29126328
27935466
26564759
25707282
25364070
25127233
23524958
23523374
23212498
22294809
22239924
22025811
21461321
20887395
20140099
19742409
19198191
18495886
17803017
17580592
17441778
16983051
16919979
16824917
16690976
16393442
16264135
16171293
15532196
14975482
14746391
14655909
12683483
11150007
10517719
10607205
7496616
11659984
8173020
2521074
3659730
6390810
6469414
26951388
26857059
26538305
26259596
26194570
26118830
25675494
25293542
24818608
24448046
23814334
23297197
22138977
21102979
20438143
20183735
20175394
19516903
19150931
17969464
17542947
16796220
16484173
16427321
16268374
16131578
15989121
15892913
15781905
15164894
14592280
14572127
10522937
9231952
7644237
7610311
7910171
8306020
2676870
3283909
7190326
45901
29325164
29444292
28923143
28364451
28329124
28179566
27337421
26446681
26039963
25083013
24955033
24704568
24675720
24470691
22438994
22216231
22003324
21988137
21532951
21218289
20723551
20681233
20453022
19848351
21585489
19544750
19090952
18938181
18788650
18591490
18246989
18240557
17910385
17910380
16822972
16718691
16295200
15318582
12957855
12899679
11683484
10202585
10201061
9308268
9231953
9085510
8885533
8749280
19077956
8466125
1402714
2258243
3192820
2427317
4477667
29557719
18651866
20572413
11708361
