19017626
10845458
24163402
14581628
16830224
24563249
25763711
17140566
15148604
26402509
18557905
24105034
24634478
20137962
10480388
16235109
18953543
18758894
15215516
23080295
17351711
11976958
18922600
20532512
10798617
16255175
26905725
21705391
17118338
22301963
16941217
15316293
22852808
19061400
16882456
22457737
22371256
10945337
9484441
14675447
10778756
15500473
9473660
26348400
19585120
22571635
10732671
23700086
11553731
8534856
10954592
11523655
1531030
14666423
10918058
21796433
8341255
16051676
10845460
10589842
7476849
8009852
10713441
1840611
4180728
27502278
9151248
2219733
8638413
9150261
1448932
11212922
7928290
24757319
19816106
18594857
29080152
19816144
25061821
19704669
1529532
29462244
28786735
11108716
24906355
29080182
19794850
26973665
26442007
10557229
2219732
2479918
2587221
2691338
2656656
2138283
8432695
7763499
8987545
1400213
1718945
1317860
1779760
