7851989
16822974
18601978
2536797
12552035
2537496
2172163
14515333
12904461
15048850
12395089
8108457
2553601
7558240
11343647
1324888
2574468
10460258
2560639
8834390
12657689
19013247
11343648
7620605
18064065
12805113
1724129
1311030
14736793
16542698
12587670
9292251
21233144
8234361
2460888
8050031
10811725
1313081
11016582
1337617
1665865
15657937
12898531
10800955
22344124
16163297
8394004
23810807
22159130
10088675
14602817
16249954
10779552
11842202
12805291
10064705
8406678
20506478
19850827
9483500
9560463
12727445
11003666
16753259
8790426
12481039
10931875
15102918
7832790
16249495
6148755
512633
15953355
9406935
27906756
16449196
8028484
8391514
2850031
15282281
9758146
17623064
6278045
21527392
2466789
12872326
9364509
2852172
11784706
27277800
10625062
2090369
2461612
19535603
2732681
11752210
15777766
12163532
8371157
10377330
24145067
15337780
7599428
10713967
6092630
8261531
7472338
10739573
18388140
11160521
3490546
11323524
3779435
7960029
18599536
6591206
15032708
1952825
2460620
9325376
22223655
25724933
27448245
9292253
8833997
24223903
10340763
16835363
24287115
7440803
21986952
9351519
2348391
21986953
18448627
2174135
16998953
15080885
10500267
24385581
9736645
27581456
3175636
15196824
18495878
23150622
2434012
24970264
6086369
26984426
8035222
25585988
23152156
2446328
25877841
6089966
10498826
29444299
29460173
12106051
11559509
12126947
26822749
22982756
9093024
18854993
15969634
10440740
12736353
19733652
17385943
18991805
7298469
17554478
29463759
28497312
7714000
3431666
19821838
2601844
2409239
11376596
19250935
15888530
