1335913
25318451
382736
2188848
6834181
14278092
12826906
3222249
3183113
7338820
17138970
9873958
13344412
26303722
9845197
2654925
6288626
25002021
10568434
23148848
14552166
2570708
371976
462720
8952028
3384721
3308009
2893782
3807151
7407403
15230051
8439753
2576535
22946410
14064871
14235775
8368604
6619977
8405877
9824128
7446322
21283038
8483874
16142067
9851331
3124395
13902718
4972280
1641387
12677149
7249613
12630770
24106956
7084566
8361964
4711504
23414880
5424083
8963406
6177563
28129231
16061842
18953250
4992381
4876560
2119078
321199
3387898
360055
8532659
8224688
13471104
3326325
22216009
996890
4586765
11202510
1411279
16733138
742615
4182247
4054187
3125693
4907111
9656597
6758876
2623914
2603612
3054869
25409620
473368
2862101
2723467
2360204
322766
6181957
7105899
6394367
4415982
25497209
20817526
14191557
7672736
3987468
6658133
9392161
27643769
2119440
9437799
6101246
24441578
26821683
6427523
9888664
1364362
6202860
2410316
31294
15782107
8483872
18147945
1797284
5036313
18090245
8454108
3287007
3424667
26996278
516599
2980101
18100645
6831998
489683
4190728
16875329
18151873
27631759
14022920
3283722
2472128
14444615
7277038
14170651
26663041
13456341
13198512
6381192
5375143
11138971
4696832
8661557
16987036
1807146
26908891
3572559
19617903
14379985
1146807
3674101
12805251
1594563
12120188
5457051
5565065
20539007
1688854
13810434
16258372
13008521
24525505
841462
13438779
10975926
13008513
868073
21674029
1678647
21331999
6636495
14428724
19427311
14921645
13335203
28505316
24453213
25278305
13418812
13653276
21404456
28234188
27394653
14170652
3381216
7952149
4666489
26632158
18622278
1503017
8221984
7404968
11137179
11173897
14998827
25656653
25871578
77125
1677226
3505941
13482234
18349119
8466985
19188793
27893776
15632700
25792713
6890756
12409829
1056698
7180784
5776325
14157614
3288828
7472087
14176262
12180662
13911231
1709673
14007336
20413721
16546485
2510427
3129250
785932
10458104
4948473
2422849
3402694
6516183
14292142
3985868
3544542
4707356
8884320
4650268
1707705
24534256
4053498
4877950
6130582
9661782
10423074
24048457
456649
6373466
24112331
2080776
16341675
4175692
21067007
10568450
1971031
1354991
14696504
12016137
23146923
8303212
14153257
11197795
5442526
10482695
3226057
803899
24782623
3800661
4201100
14291686
535418
1384780
873127
5037443
5013492
5467796
11474289
16808232
4605181
19527088
2152978
349997
11923094
14230672
28763492
12371772
6703446
1032399
4453428
7102027
5311855
8142062
24326375
1325594
3257059
4180712
2958034
2468245
4212215
20869956
16931950
26256049
22879632
1376525
417460
3240781
5005990
26614399
3096923
4192603
11032677
3526321
4784707
22029833
24268783
8720460
11238764
8869780
94158
2339923
6184846
16954951
25349250
19654462
15069003
3906637
4744721
23549930
4214971
3939496
4932663
1371196
15105649
26115806
6356316
15068978
1453612
27738879
24002755
8380928
7014507
5818379
20303356
9101480
14351754
804742
22749698
5414399
1379573
11329598
11753795
1021301
1099054
27030187
4575169
23701789
9857216
8243818
15459481
6353825
1088918
19407478
26876798
4592710
21139073
22854241
15654653
6416911
9625121
4936267
27984723
3883184
24770637
9467565
21211938
27042276
9220429
27894243
10583631
3840363
8527243
1805424
27901481
22787562
9840162
6798105
14631368
8780405
3322901
528168
8442327
8010921
15841047
6175218
6141943
2699169
19303079
12717270
15322922
776253
16224220
24977335
3892654
9263184
6163664
8158939
15293129
6345314
1722933
17727724
19175723
3174986
2701923
6998704
3826300
21980528
8827673
7618976
3517840
106781
7155633
6753480
12163695
2197855
6830948
3553993
13054901
2141661
9538047
2665028
10759738
2623892
20133075
27813705
791742
26273954
2203950
19034058
2465788
2006275
6337179
696221
6451498
7634150
9361086
2623913
6650665
12828957
25097935
9444550
10095147
3724191
1972821
24226507
11727788
8765075
18981953
12131767
12823041
2562917
26745861
9862003
1857003
2437558
6365738
320079
1724964
9548669
4067660
9486091
2421423
8108372
3716149
22665046
369939
18468620
2923185
6179721
26318606
7594771
7520400
3303971
27269215
1381097
26959611
9701022
2452459
8707123
27464707
22571457
7036585
2578962
2476534
8065053
