20949422
27898845
11686777
11592329
19966890
1941231
5501594
10608694
18932500
14281565
28727091
19753699
9055973
19364373
10883401
13081207
13720317
14316003
23242219
24304448
9138236
10085591
23066734
14253164
9429254
26515362
17675815
26785793
11424690
3945890
14257373
27875089
22106988
19480731
7601712
24666690
16221077
11393361
14225064
13888700
13037819
15230446
6910715
23385074
19891337
14334829
22005406
25865422
11394812
196509
11393360
8490844
1941239
8558867
9368954
11703026
8017691
12058569
27417154
17411081
9868237
11724180
7928568
25588384
27934626
7848177
9138234
7403534
14171730
26446678
13478693
15134164
1941233
1293108
12452975
27406651
22005418
21570327
7470440
14278920
6890097
28727033
22332622
8818808
25934737
23279610
22005411
5777016
28775029
2307613
22738053
18196722
571424
196510
22005413
19177514
8904713
28703447
15828757
8822758
17107768
418141
22526818
22005401
12216899
20570000
9303468
26564890
19646105
13124500
22005431
7215717
22966900
10685185
5835172
5835180
12042489
28568309
4297529
28721546
20043803
17449577
8926721
27892863
9374313
20290867
11131600
7659851
6351206
23713866
19366336
6847010
8072839
6374798
14281564
15059235
21925741
19040782
9731258
21396115
6060282
27106050
1941229
27951413
6693979
20249667
25286471
25414978
6247919
8567379
8004538
7649767
736125
28130533
24094254
13307313
9361885
20343441
11686796
9652019
13874652
2251863
21015918
7942378
13628934
9699253
14866866
8818810
1001551
24228911
14608067
14281566
22309013
4987618
29326391
22005400
20248024
14234686
17144822
20279656
14407071
17209086
13402943
20023140
14272299
26800023
9140560
8613902
14341338
16871489
18932529
22951
28062775
25415804
7661454
14866869
26475908
2777702
27103699
14489467
9127282
18938452
19753695
13000493
14866867
28500157
4038439
14490827
7448631
20293031
14263135
20344140
24353184
28500158
20344721
21479217
24867932
17355342
13886014
17369718
4495029
13673465
6847012
21006699
18938836
15644512
13750881
26043131
7138449
26893338
23518561
13905055
13857998
3206755
14181452
14407070
13759216
18891016
131462
20295977
20996496
13833870
18141548
1049169
13819320
20337915
475132
21009255
20343881
21007140
13569944
27045769
13686324
13179061
14207493
516926
18878599
14446361
14204727
13366819
4491929
20276106
13683393
641142
457571
14005227
12042506
14955715
1167682
26374201
18133403
96209
18699815
25415870
18150752
11131552
20967283
21054541
13758637
13207037
27935504
18555839
1129294
20295971
9401680
13299904
17264230
14453140
26056371
14075821
13237294
13770501
754389
21732995
14332594
14044614
14284537
13846615
18150596
21004018
5407914
14482055
9858399
26310322
739973
478018
4836254
6182470
4493825
24228302
10328357
1365752
28433933
9018356
14866868
14304748
6822458
12996747
28117795
13777379
6173974
14079282
23532921
20249666
3135681
19496910
13692274
23683013
7732750
13740110
14436742
14494858
1201796
6432002
19746661
13927672
1878356
16046720
20245784
14514627
2385038
6455729
26493128
9524636
19753702
15732581
27898909
13554574
13184363
13184355
13449650
10461997
26107420
18098557
12701518
14308821
3002532
14658721
21944832
15440843
13686323
14042576
919290
13901095
25181271
14062657
7848181
9868253
13851572
4158935
2887397
13862647
16772447
26500168
21787380
448461
4349969
23354050
13487031
8091887
13683392
13943929
14340999
25475789
9520786
10609293
27919269
19854997
24479451
26593644
9577760
12036999
23357653
13728424
13004562
5344611
3834846
4260015
10029923
5067472
6050608
14292888
9868242
14425065
13781633
14398672
25863311
22847326
7996272
26225610
27389751
13791239
13329115
13770500
6914089
14225610
6364832
13874651
22005429
2060108
4719729
20243138
487834
7606918
22005407
12087428
28245817
24107268
5383096
18196727
27766974
13238605
5301127
401195
21034992
19489458
14225609
14111718
23176236
13926015
27020325
4083600
19221602
6407341
9648515
10048153
21906059
113576
24547131
15432683
23639017
28643620
13500566
10997154
23814358
23423284
11702341
820008
13791238
13627237
7661453
13989814
12042491
18777619
18121080
1668296
22005424
1878357
11518225
27695800
25280860
13834488
28090706
4557377
11979397
9652024
10754668
5414279
17085234
7267395
20391632
14236556
819720
6720991
5253871
929909
21952735
10955505
14949065
3967489
1941214
12042498
11843112
19405900
28886096
13801779
9868263
6777230
13941842
2520279
