29444226
29298640
29184126
28662985
28400606
28254396
28148598
28007141
27522080
27390966
27148274
26235422
25273097
24835485
24126441
24037091
23933559
23672649
23591995
23260701
23135914
22665385
22406640
22268067
22040109
21737006
21668629
21257329
21167732
20837902
20800033
20549728
20191626
20117812
20028694
19068398
19054798
18927120
18483276
18463418
18329492
18327085
18212634
17852900
17223566
17215583
17141266
17109650
16934240
16633320
16488724
16327656
16230947
16192350
16168783
16105073
15999059
15870505
15729583
15315789
15017599
14720393
14670809
12710127
12583951
12422114
12381922
12063272
10975599
10724505
10707370
10573724
10432395
9576083
9363312
9225918
8878762
8869251
8818698
7554145
7545556
7603042
7599408
7487292
7639862
7954580
7923975
7522355
8117860
8249810
8305170
8244316
8303192
1323328
1580940
1927876
1891719
2010709
1878093
1647160
2611802
3067296
3142390
3586181
3113383
3320246
2949759
3721115
4020921
3921452
6386659
6323723
29550703
29390879
29202467
29042454
28808152
28156084
28079786
27792790
27401781
26812283
26711880
26258302
25840803
25828122
25827830
25253660
24185488
23924269
22549280
22364182
22317843
22072012
22066680
22052055
22020673
21816625
21493773
21303976
21148423
20619546
20335662
20098282
20045092
19924395
19858404
19687156
19346226
19258510
19244588
19231406
19187073
19147826
18650486
18501668
18436453
18258820
17823042
17540853
17496904
17255134
17163849
17149174
17008531
16943305
16444274
16428488
16371631
16142162
15615247
15500659
15460493
15457153
15136513
12970241
12937224
12679204
12505867
12477970
12454219
12393386
12370367
12118795
12019373
11967807
11536177
11369414
11226291
11124060
10931742
10906162
10816810
10617812
10612760
10526911
10497203
10366931
9825381
9692440
9353158
9327758
9162156
9587562
9253817
8910256
8794820
8761681
8766180
8998250
8745621
8023829
7907207
1928074
1715164
2268984
1968758
2757705
3070040
3339134
2899016
3797971
3961927
3813654
6508886
6235507
29506143
29436389
29388238
29046274
27862968
27461102
27587433
26982367
26806839
26141261
26110489
25767015
25736527
25719178
25614032
25612500
25552357
25534019
25462783
25194969
25012067
24691640
24625414
24297820
24263017
24182507
24105925
23891531
23687173
23630948
22977165
22886306
22837323
22811983
22704540
22137237
21909825
21740412
21565832
21178978
20667972
20622163
20453664
20386362
19909745
19884166
19516248
19233193
19144550
19137308
18841094
18522550
18487998
18261631
17942581
17699432
17330204
16810313
16697329
16516882
16474096
16177642
16105041
15563580
15252319
15075661
14743072
14523643
12836026
12810607
12761238
12694776
12441825
12354722
12095400
12072411
11687636
11684934
11482480
11326230
11253139
10891718
10749785
10536676
10456189
10429867
10349480
10326024
10218732
9881496
9537527
9395278
9229295
9501552
9207990
9161561
7594426
7967354
8029910
8126857
8454750
1430100
1580279
1717780
2183215
2297568
2264989
2577364
2512874
2502969
2913824
3653129
3314640
2432564
2948014
3927869
3935940
29566157
29367953
29074110
28705324
28507793
28460030
28209657
27482772
27353089
27031798
26819945
28417861
26693025
26588356
26492394
26483167
28785710
26301497
26132761
26102408
26056252
26051917
25999406
25796416
25754909
25611092
25544201
25183534
25176944
24950877
24138885
23856214
23748875
23658274
23554448
23359320
23182298
23177905
23127387
23111025
22796582
22669897
21810660
21555100
21439771
21353600
21245428
21199348
21160460
20883857
20800942
20609787
20181391
20176721
20174578
20071198
19875096
19841286
19818112
19806361
19800721
19775320
19196828
19134500
18443204
18402803
18386833
18212388
17680822
17669846
17297408
17064302
16734102
16426348
16412563
16374444
16230957
16149216
15867789
15728646
15665060
15480268
15364802
15261948
15238618
12937221
12860860
12639077
12560214
11774940
11751727
11395680
11158216
11135042
10868970
10523345
10456196
10048935
9765648
9729510
9448326
9461242
9140180
8903314
8824480
8766186
8541203
7616435
7750718
8037510
8070421
8166051
8303193
7692174
8453106
1357428
1637228
1580308
1838197
1936017
2220747
2595215
2514648
2596783
2486290
2469247
2466251
3177417
3282445
2840923
2946273
2427067
3015846
4085747
4037568
4009530
2988096
6519413
6718273
7325573
20036573
29409462
22329526
21300295
19208650
