28542144
25749358
25560761
25458894
24559646
22881849
22190964
20380815
18704173
18588536
17588935
17327906
16151813
11804219
11020796
8828152
8023707
13093581
14859835
29344862
29070876
26762379
26047984
25407931
23756437
20411787
19052140
17038668
16331413
11442062
11134181
8744012
7618282
7751068
8073636
7698884
1549908
13171221
13159809
29653250
29419969
28236417
26585218
26264693
24408208
18322084
16869113
16131400
15888489
15790528
15737733
12687349
12453046
11897870
8784902
8784918
7788188
8285109
1475907
951653
29635114
29496145
29409514
28680762
27062510
26143958
26140238
25285385
25024431
24702465
24628518
24478696
22178324
21761317
20619828
20380824
20111594
18669499
17615270
16357340
15571127
15349858
15284877
15016073
14962292
14585301
12064566
11743914
11091496
10515459
8938977
8021587
8504824
13268282
13070505
14936750
