3434719
3631441
3324797
3434710
3631440
3661915
3300405
3434709
3434718
3434733
3445922
3605540
3501682
3434726
3434736
3328519
3434727
3324796
3434722
3434721
2963558
3434735
3324793
2829647
2963559
3434730
3502233
3434725
3434731
3434720
3434729
3661914
2451446
3661913
2829646
3434711
2821841
3661912
2820258
3605538
3434732
3324794
2955713
3445918
3445924
3434714
3124657
3434728
2829648
3324795
3445919
3128135
3116877
3605536
3324792
3605541
3605537
3434724
2440336
3661909
3434723
3605539
3037933
3445920
3434715
3434717
3434734
3434713
3111287
2888415
3128134
3434716
2886073
3124656
3477962
3445921
2889387
3661911
3445923
3310713
2444125
3111288
3434712
3661910
3116876
11226728
10487477
9545181
11111059
10722959
16466880
8214344
11751024
16371245
26094594
3608639
3308333
3509844
3332903
3319743
3550976
3654494
3556791
3582797
3506959
2443305
3308331
3691983
2442569
3503495
3332543
3308378
3608640
3506958
3114309
2888612
2436260
3666324
2902740
28305711
3038836
3691981
2436257
3608644
3040375
3608642
2436256
3038481
3308329
3038274
3666325
3596070
2438181
2459902
3428191
3111797
2845718
3503487
28305393
12341288
3503511
3038482
3503491
2971492
3597723
3626646
2885833
3626642
3038483
3622320
3569656
3611364
2445610
2441948
2828774
3443723
3431167
3503497
3666322
3817289
2951772
3498028
2886296
3037204
3666327
3803718
3595476
3428193
2845720
2444477
3559065
3550918
3121418
3818962
3332541
3608889
3595479
3038480
3496592
28305640
2892984
3503505
2972174
3556781
3429611
3600049
2459904
1753807
2436258
28305468
2435595
3328200
3691979
3443725
2845721
3678617
2901927
2439273
2435593
2435591
3817300
2824144
3691978
3322785
3102296
2824255
2436259
3596053
3297854
3595475
2845716
3666302
2819861
3613686
28305710
3622319
2828164
2439393
2435590
3792636
3608752
2651813
3693822
3311857
28305644
3436278
3503486
3666326
3108057
3817297
3104114
3608661
3608648
3666323
2890618
3622934
2713987
2433287
3454965
3297852
3620990
3601929
3678106
3429613
3123811
3582794
3326758
3443726
2606886
3691474
3502973
2459905
3653513
2892757
1779130
8270101
1337241
3503510
7888168
7694329
3678600
3596017
3559064
2575696
3653515
3678624
3655218
3693821
3622933
3297624
3653510
7669544
1477957
3298403
3597831
3817290
2445628
2015963
2307281
3398604
7642831
9508238
3032712
3680105
3140594
3429604
2015504
2433173
8462132
19494634
8270105
2040077
1922945
1903110
2713982
12441200
1686535
8557831
19875254
3208190
28391453
