28118079
25359729
24133277
21850269
17074977
16135750
12529354
11919690
11790768
11244090
8938708
7948675
8064354
1497892
1578280
2428897
6574497
6635205
6287474
512575
200307
195011
192418
179012
4393617
4389533
24336723
18667146
16339006
15897294
12223552
10804197
10230800
9405514
9310443
7790924
8202157
8389824
1431843
2388256
2795146
2624739
3130471
2819871
2422384
2582272
2981296
6097643
6298378
7088162
24805
4572743
4341344
5038344
4391219
4390111
5378884
18385479
16267222
15234468
15087533
14529710
12019304
11752675
11509717
9698307
9364044
9348331
7666134
7667069
7516261
7516643
8081714
1857986
1646298
1972738
1698410
2619997
2544028
2835452
2451715
2451975
3694251
3694250
3603045
2442394
2451836
2579074
2580972
6693939
6954530
7346582
6269405
6154497
7357415
34033
4364527
4373533
4641264
5086248
21282401
20223202
19846720
16498425
16263935
15496493
15005796
12223479
10234050
10230783
10218112
9539129
8953041
8774427
8938718
8938717
8748370
8094428
1515948
1634884
1719672
2170593
2388257
2904488
3367215
2833578
2452594
2428903
2416932
16593466
6325583
6256509
6254053
7391044
551121
210890
188052
5055773
5050201
11946464
4397779
4388072
4384122
