12093869
11040041
19907005
22738913
15345683
10395673
27317303
24431283
15272006
11919083
24218457
12431386
16553947
19460777
20138641
17079331
24470136
27632786
18710929
17197194
26317855
23755169
26783382
23499943
17277164
28316373
21515435
21088110
22496325
24760147
23123663
24453276
9556032
26324768
24826779
27941330
15812180
15004161
19638260
27067007
16126896
10704253
23874529
10731439
27578923
26322981
12477810
26674426
29399107
24049670
24866796
26629045
23243427
29288897
27315014
21569788
24420859
16675727
28623616
28560440
11860356
22164293
23856650
28986213
22045870
8313907
26522449
28990090
17082579
28990050
17055512
9462517
19301261
24551078
17568183
27527761
22363615
23932046
15231571
21596928
24298017
17203201
27121378
16103171
21924350
15853749
27604412
21437870
19380824
11061569
7674335
23892538
27875309
18624729
21256088
22020770
26238490
24824742
15567162
21339212
29207167
28464781
19969085
22784385
19414772
8433871
21540458
18166487
1596893
29446282
17050609
15887115
21558014
9640245
28370033
24975323
26828762
19136564
26159927
