590685
7255408
564913
13373399
3792223
465693
7334053
2221012
1253915
17464966
3390207
2688016
5027606
7470507
1204741
808976
5403341
6470037
953356
10235809
2949492
7128619
884267
27912174
13342738
4836819
15861378
4472083
29274490
19049291
13460428
14342828
5535147
5004594
15950238
5644643
5080798
14859612
981230
9412992
1078525
7428828
171611
3593117
3815360
965237
13414246
13533149
4912438
158081
209964
4168503
1898588
7388167
18938962
4453637
9413001
602955
18938961
3818225
2819042
4766410
5761338
5987147
293731
938560
17436970
13229348
4235882
13171696
4766403
4514314
13065908
10780927
20275390
4427659
4798354
18498264
15753566
4128971
5683633
13390124
4766402
14350518
21105500
1378558
12395406
13820989
13036740
4454727
954141
4122476
22634405
6004687
4257344
4804654
1140866
485986
1878013
6617916
490433
2869753
4442284
18391833
5153615
3409980
5982866
1606622
5600390
4236865
13608835
5078120
5440394
417951
278855
111867
958451
6766851
5360879
4675286
13722422
15406283
904858
4977369
6874404
527753
14300954
901500
5586164
14062457
7255878
5132331
3002779
5365855
836700
5707852
4663347
1204489
4083960
5676989
5465156
4236644
3338005
901235
812577
1153411
20127377
8003329
13103402
4076404
5549198
3855475
944548
847101
4000163
7259166
14396958
5052869
4245379
13151178
6766850
12713797
13183074
1207013
25407128
4885474
5745095
1204488
18080195
2895544
4561943
80193
1218269
10208875
2113338
9233992
1237532
6861190
743732
7235928
5448189
6082154
4868927
5995094
303577
5362335
1506421
1033076
5551659
4709604
3305523
4779538
6631320
2080263
532757
5548460
4389663
6495637
5520830
3228622
6365750
1277267
6739954
80280
4185596
5658438
4570361
861149
5349731
4175846
3101667
1001024
340048
993346
4707330
6380737
18812
611041
2871992
5984070
5030577
4174563
5640688
11958673
406075
4740271
19806698
14216239
4673151
10593098
475012
684825
1255766
4172124
4571230
4504658
2788148
4111989
6056978
4660935
5048334
5782454
1445852
7182025
7393208
10567030
4362464
6064368
12826095
343926
810956
4253580
24194566
6873008
5424085
6156175
5810929
90323
1099380
4177465
4338244
14098703
2379140
4230075
5485265
7106754
1123999
3518172
4856005
5030660
2948433
4857086
4828744
11454695
4105517
25440493
574079
560248
1760194
4107201
8166425
5159846
15216890
5526231
7823331
9239519
3965137
20302847
533653
5559844
1231098
12235285
7698104
9078583
47817
10776639
11077003
4040314
5554211
16293
5442896
3965931
7495806
3095636
20830720
5575351
1270531
10519067
28576750
1511102
795676
1824173
2931223
16520877
3412321
3657839
364862
455084
11474292
5564362
22232935
1641389
6048638
21774401
19001156
4478474
4855812
21473118
6678868
4042684
5143815
15660974
5524579
18678497
4995034
5992371
4363098
4414340
10495949
9242451
6055429
2605619
5987408
8758914
10864261
5089930
327209
11146659
6054662
2931587
674065
15388989
4235883
4267145
4183068
5474607
4306361
5080787
44227
21609844
509541
20463925
4267164
5361239
3181168
3441493
7150507
5560175
5800691
4648502
9120801
7218555
7470075
5574599
7822151
15311459
4822917
3425629
832291
5399202
5050598
9443933
5804572
10495956
5555192
4694293
5492942
1276458
6293922
4825240
4689938
2037256
17417628
1645333
4633334
4242632
5775276
68805
6853219
4982799
3390218
5449485
7195820
5407049
26841493
6004830
4873061
5234971
17308890
5044628
12949793
8900185
6051366
5397175
508204
5659624
7783135
5583515
4706565
5130523
17567121
50465
5578204
6411748
21530581
7683385
5380395
4697744
4602311
1193180
6234957
5147272
5310175
6050364
911493
3460449
4130553
327204
4779169
10861470
5431622
10434026
6164910
6014669
5593982
5056353
4985453
4553533
2481487
4673150
5526440
6076975
5760729
2056914
5523055
4243504
567074
5467073
1124002
4975876
5564114
4967251
4632452
5690442
4571311
4230103
3703579
5351410
5535779
5714788
1134386
6756378
5062398
5659727
5412370
5459350
8665406
683374
4501927
4113013
4327562
6451026
4420905
5652988
4311207
767088
4417899
4984472
1091374
17982653
5105129
5428435
692668
5711119
5059255
1124650
5656619
1204446
3549194
5132619
