25073673
20301017
16599579
18783689
16690538
2843719
21213486
18293747
17726067
26878323
26986231
15116756
15531291
20492108
24597562
20031297
23059189
15797128
22308658
27207037
3528673
1823544
2022130
15881378
24287981
23462554
9834927
23987385
9121170
26462368
25187255
24206557
28499089
17044448
11185732
22437675
17146713
27336317
17048430
18179171
15799004
24708969
20806241
16190634
27825864
23132591
25273024
25129743
20166576
19583991
22087805
19638305
26488737
16343466
15099848
24768969
11460308
22940049
22606064
14739149
23652643
24272968
25939330
20496193
23207826
17446285
25653031
23739849
21988705
18266009
18773950
24707862
24393156
25005608
19123789
12624988
16144421
29172133
28284192
6074677
13622323
19809915
14308470
26181152
24535854
20191055
22007923
24720901
22196364
12238147
23910285
26210023
23051964
24028970
3996544
12848365
12230244
19415529
26878720
5810201
21107825
26372074
19831035
9813472
5499269
25230501
28535423
23888696
7143219
24556143
27113311
25200334
7186335
11877593
27393447
17949031
16827309
25343283
25677269
2867138
15828358
6694085
26154603
790407
22941477
5618925
25449426
12561247
22418946
2633709
824655
15678379
2082014
5999372
6985295
15120443
24857767
15373400
11731923
19521919
15137050
26369010
27801850
4067676
17184120
17485848
24315480
20465204
27340170
19699784
28216559
26396351
29633606
28298690
24283714
27781173
29064431
24089615
21808557
25593400
27977134
29377147
2635602
27243449
25328187
26730330
28821059
28800071
26028757
28564630
27366352
10850417
24887125
19168002
27382533
21641719
15866825
29450779
23257938
9247688
22061361
24915396
11695884
17557742
17768684
29549275
22117784
28793497
24791566
20499917
26610885
24865590
22873496
21929332
26947900
26498493
28049474
29256838
11129503
11336811
22474959
26234177
26471089
25323822
28216884
27602169
8234448
17252472
11068124
22532249
18031614
6529590
20336207
23380475
26411962
21884773
21111173
29315027
26103630
29326881
29071174
10985909
16573002
18329283
28822187
23364921
18183553
28208307
29135964
22260003
20055157
16161444
6748707
3090553
23747359
903869
3742245
29493154
21137365
25531268
20405483
19523886
27877088
26669124
19796670
29055952
10752942
12448465
22803431
26145710
18300495
19389047
2746469
18264452
24380278
29228785
14991742
1301407
8730811
15527141
26376237
28510920
10478467
22923859
12880863
15814107
6618384
11409728
19938497
18652350
28222171
26396403
21985638
18577439
7699579
17451725
25915165
18825536
25536668
19800244
17516248
16265994
29479603
21154891
16350788
19117332
1905349
12628524
19486228
18758095
24697112
18814214
18590190
12278407
25413070
23313882
18371725
28719053
25915446
23118210
26463231
23420287
19585486
23792262
28487917
22284245
17022020
23824379
28872683
20678660
29098822
25963314
23566359
12769602
27812335
23154458
28278658
12263459
27023130
26231677
12509061
26240451
29463056
24768806
21752292
28602867
