23427327
7847068
29491329
16986698
20536375
20845315
26213621
19938687
16236322
27830059
28991661
10511954
27490513
25054277
21177759
18210849
18026741
11465931
11467056
12630951
20433413
29036846
26223148
10907602
28600595
24769471
26515623
16987580
29627245
9163756
22972650
24040000
7527331
11274310
28170441
23460879
11442326
17128087
11813344
26367133
20074230
16128477
24981792
11464923
26713082
24378564
23264687
20390792
11290712
17969347
19048944
26843957
10560634
17432192
16344521
16113181
23836460
18608094
23121291
22216353
21921519
23826340
25306412
28187829
16114275
16731789
23527497
24555884
22403771
28791401
12933930
4924199
21562247
24291883
19296046
11222784
5438304
23463871
16247055
22349938
22102833
22340366
14536028
8858064
25766092
24126629
28343168
26225210
11286882
27534257
22685564
20406185
29020837
25007701
19593125
25792864
24846852
27604643
23781974
22221541
19445444
9710010
25285651
11464924
29504729
26041711
22889176
21725240
10631654
29464376
25301687
21301036
10442554
25452025
24957296
18268245
15512903
28105640
24112924
23889548
28367949
27065942
24379756
21626035
17447525
15024584
25047909
22106872
21825243
21372009
11071482
10782610
10634456
19444952
29107233
21515558
22277500
27014205
28282387
26783524
22431132
8940788
26726932
26303227
25086858
24445987
24661645
22368970
12795170
11327296
19755175
8959992
23586894
12836061
11464928
29030231
22132186
10890197
12710512
28209650
29367447
26588026
23696493
28120152
18210850
28213588
21857683
17969346
23945281
19241055
11038074
25237937
20942785
17364430
10377805
10893063
25254150
19644195
23448665
12940638
3287153
25111654
21802097
21382747
14720310
24899120
24647822
17334827
11642685
24863641
26629397
18608102
17969357
25646866
23734113
23475517
19191488
26844971
20485543
26758858
10331705
28784596
15995797
25299611
23017503
21921552
17431705
29262737
9851786
27123890
24533506
22292798
18466055
28872915
12297028
22991227
16533961
24607947
17432191
18210779
9419049
28921834
25301548
24597459
23864396
22456481
22117131
21824113
21091399
11958729
8489659
27679581
25299277
23802939
21702734
15561247
29651267
29134320
25574474
21569455
29071208
9398693
17969342
25586006
24499173
22083254
24498297
29054467
26077179
20175762
15512904
10589797
10442453
29081604
26136661
9521272
1668354
26160823
28619000
28249004
23134508
19267274
9184724
17852832
16668488
9077493
10525999
29101254
23468993
22277411
22246868
11464920
28953220
28197175
2085936
3990970
19591530
29492846
28377696
28291249
27617889
26970219
19929748
14744570
27942908
26860749
28387671
28872911
11334967
7458717
25059391
21978169
16516492
12080607
22613760
23062601
21195356
16674979
9757773
29650795
28380322
27497596
21764635
20849323
20151145
18848708
17786458
17554784
16026259
11465020
11464921
29607695
9419064
2404216
28289705
28120043
24740977
19922113
11642585
10159729
28588549
26674790
24298654
24025516
12550109
7936240
6282508
29240971
29131108
28797086
26615152
22680408
22264771
22257502
20655970
16009889
11719128
21796043
20012656
19714539
17852014
17210896
15642900
10861907
1436531
16437407
19966906
10828651
26903389
28795874
28740063
26018231
25550416
23992619
23094606
22169158
17130418
16284567
15359924
7527417
5841977
19160266
15983830
25043818
24488615
22277531
848275
27188215
25932674
25709501
24934359
19853641
18608104
16963407
28431606
20112794
23717782
12954537
11464934
2276102
28367604
28043335
26384616
24306004
23085936
21998444
16665813
23351638
21921515
9175139
853137
23323138
18313980
9781536
8070348
15178949
6737012
29057168
23205017
17945153
11464851
9270598
5361216
28340431
28148298
27932790
25720304
25449558
25204842
25100994
22923257
17969341
9674788
27508110
12235798
8651874
3690440
29342921
24291866
23900732
23784673
20577219
21572928
15297002
11732278
9094064
29482216
11589652
17128104
29501653
22083126
20850799
20675015
20030217
17371905
11464955
2965300
11151416
28425061
25587791
15746870
11732279
28244008
28122516
19323791
28184974
28968365
26663933
9851663
29258495
22027401
25223906
20689252
17575020
17128094
12133435
7839827
28337412
29459769
28698670
22941224
25850769
16908980
15809220
10417199
8278521
3377286
24509642
27684890
27858665
18210840
10631653
29034720
28596251
28129947
28035716
27124833
26191245
25148523
22855461
22728481
7515002
27699797
25079897
19089474
17969349
315628
56138
29620511
29322259
28343888
27121545
18313986
28596248
24481285
24285618
25002991
22277530
17653923
11994967
