21159869
15851670
11339542
24109230
9525603
2542441
20962081
23269807
25275124
24142852
8393231
1695619
2016571
26611592
18562543
1312221
8389814
17409155
25854552
6302212
10623758
11884553
9568978
8892392
17021407
22161683
10823868
28326469
18634467
9209108
17709745
21080783
22623795
18256143
2479771
2512746
15165821
2535869
15550771
7782783
22318147
11689663
20980518
12775421
21601046
21325410
1781321
11177545
22457528
1335458
23095715
20181692
22980330
20373093
8046409
11689044
27995576
21861915
10482603
27334582
15655777
9222354
25956030
7623408
9782335
18025163
10366583
20336434
2475581
1665505
2826706
8844204
20225011
16571746
15448108
20623527
6864237
2425480
23866078
21304940
19719401
17881451
15925545
17928338
19737386
16973547
26656703
8717359
16213091
26090802
26683323
8389813
10618437
20179682
22947141
19603551
20420517
19358445
23382806
6267190
19429758
17409161
20424545
12908965
9222383
8387099
24769104
1385205
12438172
17386026
24451118
10753505
22544677
18180106
8046405
17134831
15899250
8815158
22318316
22403675
20225014
10906495
26891237
21640524
25880108
15804955
10760497
23252426
19504391
20849530
2154892
14749293
16634006
24498323
6299473
26699637
24717676
24829358
24557113
7516054
23727942
18583367
21912693
21954128
19922668
19839210
12828860
24285216
17440742
14640949
20924361
21677838
8301624
9847358
11054493
28700081
21805057
21486703
16002713
18722531
20509925
22190254
25137003
23613824
15843809
21540055
24322332
22910296
27093235
25635767
19225548
26101954
10933968
16778687
20167052
25993659
22322298
22425560
15519737
16504588
24152582
24369058
1322222
22909213
22911708
25078297
22307830
25797803
22749877
27995942
25227937
19109367
15233942
17466264
21518886
19643087
28367780
20628092
18364035
25171072
22089494
14706714
9765126
14991717
26802537
22398318
17565349
18215993
17031023
18329804
20923570
23076378
15828479
17626221
17565537
12751203
27681397
18569456
24469464
16503976
12719538
27451970
9240373
24612023
26601776
19248141
24708926
27826105
8144198
1722413
24700150
1650439
24880032
22024412
21281699
21062116
25218976
24642694
20383168
17551503
23990368
25915831
18261727
11761475
18642642
25650722
25698749
28127509
26631474
26490852
2164118
24989458
21295028
22331573
14600146
16393516
21600922
20525259
19623163
21105148
7668155
16935349
27685016
15652627
9086179
28592274
16860320
28215880
7153508
23959650
24995785
29425907
2359148
25653373
23912036
27881332
9212261
28326939
2804613
1604806
28941260
21684216
17505984
25015847
22439790
9307260
26872567
11049733
19335537
24403874
1397403
28339440
11438578
11771644
2664581
19874332
25489421
12594837
8856342
21267423
7499540
25630025
17616550
25388329
28919433
23778145
12352981
24959122
28518122
8032684
18579738
28942324
18177640
28604222
28554250
29497094
28902707
16198417
23612999
29149775
22425445
28827078
16689827
26155106
22109517
8350779
1510877
19403822
28360836
20044843
22087111
29593042
20045913
29567480
20829082
10417352
19778904
23400987
29339053
27458339
19901030
15766475
22891239
17180061
24616251
18567517
16493408
12732177
28332092
8059803
16967049
28824929
9152285
24872407
26745653
28702476
19647783
25026005
18164820
25064143
16537566
15183271
29056557
17761732
27745555
25933182
28158158
29393007
22738290
19674450
29024785
24413864
28576938
11698024
27790582
24126281
