16380078
11341512
6618657
3922819
13326702
4335782
9039516
8063752
10940387
11145929
11128188
7999122
6769013
15198960
9301640
17053170
7583553
14563854
4362643
16292998
8127890
16870176
9610765
11427487
16443932
10543393
8743192
9633924
8462178
8443149
7749883
8443238
17134958
10544177
10064737
9118502
14966566
10822169
15066991
218282
17408620
10436268
6432779
7067121
15147902
3425387
9756870
10877205
9565681
20333502
8831911
11445077
7857258
11882312
11106499
9694535
12368296
6423754
9647413
9351366
10997789
17510469
12207878
15574183
11524340
7734930
6481148
7670956
7759067
10612483
10585416
3989390
9299938
26005049
10407148
3016454
1753217
208636
9748425
15173403
12161223
2626906
6276267
213084
5052951
6713685
634117
4340788
4317971
27376423
2423802
6412289
5985406
12840662
4743519
4367598
6274631
3012469
7647792
11389791
1885117
2587781
2071084
16189760
162929
6256692
216846
6358403
4690590
9577958
3023738
10545439
8428938
4315749
5140816
1022087
10919175
16226682
6752051
8566968
20948295
7333734
2905329
2988931
895483
6405080
6459507
1868501
232093
2840320
9354783
6784767
3473917
10577009
16379234
11086337
3719940
1509793
1784267
15303279
9453967
2998754
10834138
1710740
8300590
7455961
7584794
8675636
6101731
6791922
19743953
2137054
8018667
9553048
7658853
2870401
7989867
1853841
12969938
1414967
22187011
6774752
8901859
10200123
10070628
1853844
9860800
1853848
2675213
7583552
10329083
9411228
8956052
19779722
11730824
7583579
8177282
2684186
6998908
3908375
2826050
6744629
3340644
6806887
199205
194920
1834370
7002854
182413
9301633
8428655
13752798
8937772
8767492
9798998
22749188
8664337
2994070
9449703
3222514
7720244
2195607
8941649
8807342
9794731
9678768
7259831
8194502
1901346
1349197
8956048
2073914
3052738
8820100
10999793
11256848
7205152
6436432
6406100
6809883
3042575
9500574
1985920
16117436
6854225
6815299
3937270
3926942
12519412
6789566
6406642
3920344
6713624
11006923
16138935
2887769
6482325
6979524
7003233
6790659
2180266
8547181
7074896
3095483
8840853
9407064
190272
17446801
9731541
6640896
12414916
9050773
7981179
3559403
211037
8053248
2885391
9300080
11162504
3475401
7712045
18595642
10729390
10323784
11162488
4030932
17074727
8427859
9638514
7848370
10195937
3148681
9541497
2705396
6527097
14511654
8831921
8894518
1680583
8755645
11606068
9162758
1973700
6854224
6725491
198431
7108447
9633925
20643700
6861352
8869523
3860601
7628517
26469831
9284893
6631230
12351428
9915808
16365044
6882285
25469695
9299943
9714140
9013082
8651092
10933584
19341621
8274478
11413796
6510890
16730733
6434692
6699550
6818027
10470206
8520970
8672537
12354172
17165044
10511283
8915660
7857378
1519522
2614343
9677672
1505660
6480205
10666300
10191295
167808
10493848
6874171
18612369
7740513
16874701
9388100
8123652
3259765
6491614
9857915
3591673
22004109
7667818
2052566
7773732
9182651
7627693
10521364
20538322
18483405
15668832
11589836
11267590
17446798
11216959
9337180
10083125
9215551
7635466
18605933
22795295
9636193
9597420
18827024
8082956
1898657
21752744
10431238
16216724
9821011
12414865
24321127
19222087
12732390
19208748
27524614
9051205
16571777
17318766
9519336
8682642
16399487
6886635
24516607
2512329
9329370
20621157
7199450
11154140
15777536
1525253
18055578
2111322
2022742
9699894
15163665
17242282
28295777
9162740
21058895
7469794
17605113
17785713
11312376
18053317
25595550
8840959
11855831
3698268
6327876
8878414
8973094
9677670
10202375
2695994
7439886
6491620
10428305
7947596
1872917
17133260
11925466
11294492
8675648
20482323
10193816
6412234
9013264
17228349
12771323
9034206
18799062
17876711
23034020
15304673
15521962
9677673
8432016
6421816
7727142
15890890
16219884
10901512
18855352
27214601
11902285
11840183
10449697
11297752
10905494
11352071
19222086
22797450
9626348
1360898
11093290
25550202
28549073
10487800
25180236
19068318
18504066
15324528
10405845
14557340
24269108
20439481
20032323
20452521
19903920
21366474
20609967
20031199
19622820
22825588
22247218
29676281
