14806345
18866052
13441556
14940659
13695880
13942683
14316889
14484371
14013480
14356134
15419693
13817304
13673883
13468595
13971498
14929035
14419230
14468324
14410481
13769491
13966124
14415857
13187427
13019369
14090684
14349197
13083883
14248671
14919521
13910874
13086457
14016502
14271426
13877548
14125632
14170774
14112410
14276751
13400069
13377966
14225296
13451049
5095733
14112072
13580076
14267910
14134207
14027455
13386824
14437272
13944939
14438099
14172041
13885120
13916798
13892604
14914140
13613787
5350287
14141057
13076272
13928723
13868885
24677564
14303609
14108112
13957314
13267359
14137164
13988991
13945150
13783181
6111410
9410414
5760965
13529872
13683629
13666759
5098898
4157075
3808432
13551821
14112073
8534633
14698825
2318178
8960993
4543743
1481587
21880029
24299975
7571617
16108507
21046135
2667633
19664769
15760313
22824522
23515202
4484388
5748206
13853698
5465765
14487102
13511938
4676632
7322540
14091403
7388659
9337
14432930
4735542
22535627
14786753
13967077
4920887
3570027
5119124
13421826
7202023
11207496
1352684
20225737
13799318
23522076
373481
11554049
10895803
16034877
11508324
4153790
2198921
9721781
8897925
18031745
10193290
2909042
2038787
18236908
8059081
22568684
2795567
25891338
1497065
18562699
11543749
17825137
17903230
2086
4393482
9704249
3207040
10458101
1451031
8052521
2283466
22223598
12380669
20806149
5888920
1239699
5999223
4447163
7104253
9297385
29350249
7412370
3487901
12045802
12078550
1849926
8375723
12763121
25023433
1862870
9563695
