5249990
5478290
1327893
20359821
5018271
11381538
21272994
19135785
15876386
3341738
7083392
9012777
11328833
19123101
2757207
15302021
19474497
23051008
21625488
16334304
21630660
7891207
10381559
9314187
15231039
15669027
10103286
12975775
12169420
26838608
17144264
14720549
21072928
19246189
26855186
12972240
20451322
25190647
11695446
16051431
27757752
2176084
12916847
17493749
24749381
25996814
12230197
25560262
12830956
10901258
12758011
22776711
15771113
19700849
22608610
19936125
19297085
11566408
20363555
16366701
24810740
17383092
21216096
26761597
18804913
17532122
10831427
24321334
21232899
19646732
17161909
12604082
11734346
16624370
19376645
17662375
10794914
20390917
19729241
12835029
15242235
19249809
19604632
23881320
19803071
17513044
25525992
27796438
11572585
11996227
12656224
11380176
18780213
24092007
19843002
20390909
19963316
20232678
11268855
18472136
15993154
21051076
12868525
18930346
22335110
19345005
11381782
12489266
24751031
15464630
11900911
18433833
24631443
16856734
9661277
12531711
16546290
3604265
17612197
14703863
20172583
2570736
15900725
18686929
10337403
17689010
12753853
7959459
12935762
28067641
19273902
10863015
16038200
15533012
23220003
12125458
11902788
28159310
12493213
29031058
16466858
16839682
24246442
15137714
18486964
17977575
11501417
11228990
1649975
16860470
23721731
21402656
23485247
25745563
17674825
2173423
17531285
18163163
2624607
18242831
18476442
23445415
25049061
24737023
28395149
25289973
12862222
2166481
15344777
15985276
18642152
11572595
19403981
14511116
11848350
16359785
14568698
19350941
16377070
3698187
12448540
18569308
12493212
17081495
16459562
11794674
3015924
24701928
19628246
12972243
29442002
12567271
10805183
24231329
20595773
1396686
16122862
16516297
15543752
21977630
22200858
18472129
11337849
15763160
19068842
16765416
27353374
23058598
9071739
1362936
12487754
26147966
12892667
27728881
19923761
19092198
24061659
25310806
19042083
15225936
3027077
7738723
17942135
17261325
22320696
16933029
22154205
12638702
1665697
18457862
23354375
11696393
17087386
21769369
25323498
10552565
8621707
18624192
25952698
22655372
12862221
8380981
7662299
21784502
15077985
21469678
26067510
1555575
18614285
22191359
16459805
8522731
16080327
14611194
28496972
19847699
19278717
22019264
10685500
28237270
22456064
19539292
9737432
17524556
27234833
17573189
11846267
1611684
15116922
12830958
19448318
15941304
25609021
15820486
11695629
14509384
2986597
17300865
22728185
15950263
9366006
15373421
19350299
11237179
18343572
9361414
17163009
12361044
11572583
14521136
12946911
27725505
12493206
11770158
24968162
27236848
18082930
16319015
15147865
20527182
18363507
19123098
15763092
23910394
11848348
22681491
19616888
11200088
12172623
27349786
26515798
15504478
12420933
12423000
15488934
14512117
22754941
24868141
28972938
8657176
26986501
15116875
22293908
16870230
22242878
21538226
12953886
19914827
15293029
21397397
29318485
25262345
18804327
28950207
11759911
23735488
24071562
19350930
8896750
7745841
15844524
21539306
17628100
3017349
2546296
21733547
28905281
23030395
15975622
19232466
26617671
17674835
6257557
26188864
19810554
28927535
28069236
16815526
19847700
16735053
21030262
24701956
11359869
23104522
23968578
1666623
28803054
2172097
10347081
8308193
20108963
28733020
11182522
24078003
21873073
10027790
25575206
2993283
15721197
18181107
1313648
17660304
15253806
26495829
6313634
