7722439
8991381
2525421
7563464
3140715
20483777
6198089
9059887
17174926
8260088
12190923
3464978
10669772
10395109
7506833
3118333
6813244
9087413
2456266
1363420
8953044
10570178
9368631
18639449
2123483
8568247
9520447
2437021
10377434
18824684
9405666
7686856
2823150
6417007
11602608
6430898
3301649
3411129
9768753
28340094
7568039
10318937
7534214
2988934
9075934
6401306
12454284
7515103
16557259
12407408
6199337
1553383
2911734
6098459
8524878
10330269
23432707
2813433
1525820
10428963
11724921
6415002
1852002
6206493
8819160
8618863
2997030
7895171
15598739
12370371
2189723
10611337
1570316
7730624
1946454
6821129
2462612
3455781
6306475
2112745
6752724
16230631
16210595
3899915
8152483
20810170
8265660
2123552
3137578
7790817
3037529
2443855
2459229
3858830
6815651
14757758
2415655
11234016
10426275
7865457
11172020
8642320
1902200
3079918
22968996
3102357
1709740
2582041
2156268
1380674
2510365
6310612
19304799
6431411
8702739
1946428
7964459
8145819
7931060
6238749
12471156
11163076
9177216
7969177
19204292
9177217
7650479
20713594
8570625
9276728
8752441
22194778
3850903
8104997
1671666
10403641
1518825
14769912
9366419
25225399
3259970
23740953
10393957
15299764
1448154
10610182
1748309
18682600
3127829
11371643
11714768
10049335
9428763
1903538
11371622
7797251
28615725
10508421
10535450
10452989
10998256
2185330
