19689126
11667049
25936002
22220944
23517412
23268605
12405838
19101674
11671155
16357958
11669999
12184742
11671045
19544507
11952378
11671136
11671188
17622452
11468374
15839694
16666881
13340457
22837806
11666359
9630696
19239236
12834267
17091959
25740093
20859969
25360864
26419656
21263707
21731952
11669661
12924917
22332119
24247156
15132610
20625464
14521329
29605008
22164619
16659258
25495521
19946904
10887173
11669950
21181781
22512284
20158196
23844263
21605672
22845551
19438232
15221462
26672291
27242818
21417993
12924899
11669666
24147113
20820619
20162219
21678931
21506559
26825549
11673949
25372998
18051852
16789906
25409734
24477321
22320309
11359875
11670105
24065186
15074966
21956589
19049963
11782173
9450388
15819560
12590534
14731011
12772309
23340919
10341439
22989890
15132626
22934100
23547714
16411702
25393525
21058923
25384678
11670100
15898799
21671555
14628373
19499891
29069755
20468036
2082012
26565842
12507503
11666431
11599953
23471870
22179749
19639985
11399164
11161066
16668199
10493820
11077286
3822821
28322998
22987772
11723239
7903049
23020756
17949913
8684589
20533319
20417184
19871869
17867675
26427597
14551260
19662078
9223628
20507114
15483723
17285606
14963028
10395893
19327779
11670415
29467845
21554249
21670164
11682604
29464778
16498703
21894332
16678438
19555090
12736449
11670608
11456569
27146322
25836253
22105787
21614350
1250707
24771694
21694435
29486162
23078967
16125003
12360521
22279540
20873768
20885446
19296604
20618440
6820664
17172876
5438043
10975420
15023544
11666327
21394927
15107609
27414168
21604725
10980288
20449090
17211886
12470067
15303165
24438037
22104211
7062063
20082218
19621935
11669727
11666840
26036631
24451646
19784969
22984265
21908710
22848285
22812227
20499910
11782138
22976318
24245122
20801879
16699128
21519853
11697890
22768254
25556369
24371149
21935479
20976158
22960862
17059252
19516666
5800421
22677802
16568187
12385753
19636596
18964951
26369289
26183263
24088115
24234332
19631734
17443489
12895122
21864699
29207109
24138819
23912650
23634846
18979039
16390086
19235955
20556274
22658894
21648449
18472156
24846293
22849646
17609865
11327911
15469098
10903129
19876968
12516870
11670690
7038050
27764818
27166922
11670101
16607644
28482619
16260042
11666918
690186
28957284
10508420
21152247
11875073
11666466
28932813
19296483
15151338
23545999
22151054
19617706
11670230
14982463
12823028
21989593
12401089
15792480
11506362
11410287
29177348
11551986
27286375
28601039
21677063
22639620
22221015
5938646
29232712
18672877
15884957
15701018
16292484
19860830
10650071
21152960
11669725
25391422
2790257
18234734
27047505
24417571
25928661
22249951
14731022
9632779
11666261
21743495
20642453
19432475
14704349
22773956
23159940
27554192
21215232
21203569
28901952
27380301
24363202
16516142
27388285
23215437
15090593
12480176
22585169
29659825
6122683
22494455
19371100
7760835
16678437
16359392
20826914
11874356
29530978
27001213
21672591
18238508
10715148
18481918
19547301
23977325
20450182
25059436
20980015
11457061
28282125
21081103
9144656
29469832
6791985
24282540
15984869
19884017
14632517
12196095
12963375
16897803
25790146
25386251
11670916
28862148
25578809
22584752
19166369
11666358
25863357
20967327
11179753
24983231
24804299
22569740
29211348
12431373
10445849
9334190
9159394
20422086
14599213
29263900
22074415
20161842
16203681
11670487
29180857
28869445
27386155
3217954
26551270
21249259
17047745
16365654
9075573
7675443
22260227
20450153
17508375
15236548
21950243
12196097
10887121
21781771
25849294
24747013
19431323
28575131
24710529
21246130
19919023
15509843
7837270
27285639
22791072
16376338
19806467
15050808
12513099
23770667
16697662
10477181
11666843
1550339
6833145
17330317
11421710
2115519
27175590
20384313
23339416
21291338
27080223
19331823
10213629
23932453
20886479
18462820
16604513
27322486
24501395
23115241
11670194
11666453
8637718
11666728
27857366
23283183
15949538
12657644
19514788
12062487
9348531
8435861
19558434
14690436
14566879
9452471
5862407
16153182
22288571
17455171
17375913
11670094
11456964
947633
23270490
16653041
10751637
23354124
1878879
7776982
22780689
27140694
21823577
13325810
11034332
10836149
16661965
11875115
11257709
25095412
26044916
24364034
8033989
14704054
10739067
6892614
26988683
21797251
10552611
29439255
20694241
29653226
15108541
25584723
22510150
11607836
8850534
24820414
22856523
22509086
19906423
19063553
18194556
29161811
28743115
21291861
