3558386
3516723
2013311
1613503
8095501
10217293
10050055
3827854
1843279
17353011
1354336
8104828
1677005
7587651
19210429
7559562
1404596
7700852
2647151
2891188
19339239
8137939
1674697
9356216
2889597
2575215
7619075
8094050
8375574
8593184
8095013
1687882
10360838
11467841
7999027
2365069
7944391
1882085
7819330
15255178
28666876
9223183
1671040
1644818
19665506
15374655
8055952
14630721
28292596
16931167
15177931
2688555
7982986
1930102
9693130
8294466
1547345
1543484
6373251
7561875
1370477
10987860
1939180
16680481
8621069
2893603
2503514
3368035
17418842
9407057
7819327
12442257
8189243
2830269
12869695
11858717
15379892
7704438
8376411
8988514
8462445
19405523
9832465
7720860
8665896
7768928
20058230
16823968
9698226
23325988
1788131
7713926
8626758
7840657
17867852
24221794
17995876
25673722
20060044
16719471
12383518
27255688
12552133
7925386
8344311
10581361
12795588
