11597553
1202715
1306609
8650889
3739109
7771019
9886615
2247925
9542685
6836810
23466242
15183990
24528974
11446854
1942293
2807780
15198160
919129
9805248
22497018
8199838
6710729
17991580
10643520
3669192
18631930
10602251
4178464
14744368
27657546
16679836
22670639
27575463
1997716
11855918
24112274
2021809
15755038
9135313
819661
8085515
11711335
20393246
7904562
17899434
2679955
26732844
17651762
22075355
7682141
8383456
10841037
7835633
20608149
14751378
9847062
8618342
19177755
11769850
7558388
14532862
11173934
1292446
8156077
12068762
10832609
9815837
1942315
27617215
25140227
29201515
8808916
15783099
2431532
22924039
28816073
25247093
7747377
3398163
15540769
8212442
1370329
18690817
28495178
3132031
3341400
11164167
16225536
9008325
2124941
11079362
12808330
8078230
8384275
7716106
1949427
15610125
25231100
9821052
10604715
21967318
1647413
21806894
23401842
19666370
7714988
1801981
8849190
28828528
26284397
2333006
23589751
8371376
15745583
9144884
2047121
24603107
22560433
17445685
11248648
19167048
26657473
10942824
22490697
11737112
9788102
22130550
18206166
17070280
11336719
11173935
28901567
8105132
8564249
15592018
8188536
22250918
26968283
16679838
12031394
21595553
15538251
27866214
22870939
9302182
15201816
28813710
19036734
18710749
18098205
26768627
25498274
9224324
9120988
29416275
15311068
17523913
23496430
24712670
22839104
18638003
21126192
25009602
10332484
8558723
12853851
10417850
9839593
7860419
8583577
8121115
1675415
20487243
27124860
21379432
9542688
8997163
21956762
19672446
10098947
