19794075
11317675
11148130
2734366
11196153
8573169
15545607
23956156
1535226
20080742
17205111
15273722
1168629
17569340
14612951
11381612
18353897
11285133
7860738
2396978
18228355
2684797
7510714
16317507
21484578
3137786
10894365
8592463
1227502
19157007
17445687
851530
9747509
4104124
11388913
11035248
9268603
28663370
8666911
19281816
7285638
3019436
21742063
22057391
1261614
12611638
9928428
17396234
17317337
10889163
16948637
18395845
14686440
24284094
19249391
20824293
16643728
1053515
28235489
14500654
3417757
11381601
18587046
17604135
4689048
26851627
18228423
11891344
27336612
26530675
15506967
12025407
16046828
18495557
10783138
5062916
23659999
20411305
7008623
5371257
2246114
3026188
16449237
22976841
7720190
16730343
19834779
12805902
25285166
8499453
17384249
14977192
21099264
2856223
22479437
11223639
22396533
9887478
15178469
22644783
18322646
20673205
8302015
6247640
19468307
10438582
15581600
19890241
11072072
9672882
25451262
8719852
25119564
9201701
26940879
11064157
8087057
14559818
7356643
15965089
7238528
2328737
20808761
21047663
682594
11461831
15691062
3021161
24760769
15107486
21212098
12941521
12928406
15532704
18433711
7785769
185986
26815740
21237131
9138532
16356121
9131053
11207435
19038287
5482757
5069431
10688837
26892627
18563356
20854104
1509161
4398856
17463328
15164341
10998361
12820394
16797857
23756093
9731187
18793163
11469791
19747960
10481306
10665522
20387649
7923397
17889652
11035262
11111153
8988253
18523293
18777493
6949909
18514622
13678536
16042377
11032801
2834922
11833066
11095097
1694097
17724077
25631000
15965069
11483969
8865562
10356289
17468162
7515130
8394647
26891929
22062154
1126389
2549481
16441553
10915580
24854096
7895754
7372653
20820851
12488555
12566072
1634441
9046018
17127623
28423313
25634275
19067249
1760224
23226354
10075080
4092070
22330063
28648983
20069349
16517739
18752748
12566000
23485772
23230142
17570361
15270716
6455999
150666
28247434
20493813
6721841
6641946
10833429
11377800
10942717
18765225
22449749
24529244
28554833
19779106
20727966
10450757
3492392
218421
10581186
5556428
389646
16427301
15068490
4939914
19806691
19360003
20460739
15591653
2964655
28260075
20044182
8473301
9305864
15833855
15506970
21998575
21844584
28178868
18247356
25377427
19826178
14507425
10381397
3745639
12729582
10551377
9020060
541354
18854213
16101504
11292362
10926287
4337081
4474839
4347209
21936845
11223238
18695047
12505371
11055838
15489198
11004456
22591624
17053808
20640890
24920049
8731014
21364763
26657292
22465782
11139283
20013317
10231371
16314123
10518027
23093069
21475305
7580962
21668580
16215679
27193732
11080248
8603449
7988736
6414517
27748821
22754329
10971185
11152579
18023956
17826002
1370033
15341124
11598797
11227218
10966081
23420823
22528224
12892790
15126289
1329643
8382552
21562225
22424226
15908737
21124794
11169859
16003389
18424639
15050529
11118489
21664269
10914018
19426872
18025841
23219847
16133874
17149658
16712778
16903849
2643756
11821234
23641071
22215441
17024456
17404498
25711881
27114639
1082422
681242
15143512
15268747
23333299
3443110
10528162
20179104
8977117
22319564
26779594
4005321
17400511
10510294
11016650
26942672
24465910
16388716
18156184
19541794
15294016
20717931
23256813
21726199
7663388
7668350
4347431
11223575
819279
15607740
20160031
22231
17975908
2579934
4725902
4335414
23285122
18411248
11999553
23123864
1341956
4404590
479882
7117542
21761738
20538313
9508806
16216225
21864658
11792828
25668473
18757748
24912369
27189055
28593578
22417492
19428369
20429043
17357444
11418670
11971932
2699944
12707355
3837667
11517187
21557214
20082297
10361106
6265473
10066164
10878602
6615842
10982470
3453421
7702621
15740697
10964766
18236074
21513881
15240564
24029497
11102950
1483966
19789817
15542056
22664788
11123286
26663466
28373431
14663202
16052237
8312478
15202765
23916600
17445723
22664327
17765869
11688969
24190879
11024166
24777494
18180198
22528668
12087062
22919440
28756246
24396996
18397337
26030833
19860724
18652851
9280124
17975114
11195848
15732767
21798264
10887960
11175252
22187010
667959
15175225
27390127
27220727
17445716
1551118
22482729
5376655
803271
10809769
12574365
22188453
15120492
11087125
17951684
10366439
28573431
26547946
27349451
11979422
236341
26021264
16495339
22170576
23364875
214060
12960316
4319331
8615651
28524859
21626526
