21330256
16605235
18986560
17021306
22687183
21140600
20187678
21477717
17961818
26739462
19482781
20060198
22588822
25452543
26016519
20061202
17767750
21756385
21477716
18128864
22588818
17039447
17710548
17107509
16786975
27641069
25003607
27706453
17510746
18777822
22207977
17499293
18468674
21520797
27995849
27344744
14319561
20725856
20054085
14266519
18406042
25081485
28058454
25245464
18406046
16527599
27532102
23473901
19172207
17437804
20571134
19032471
21192600
17070312
18025853
26485216
16158155
26310966
25758963
24669458
24629197
22528691
20246424
19032473
22930967
16545298
19926100
23238838
20636145
26813955
18391332
23428451
20696519
26295864
19895600
22144138
21167365
26251583
28238693
22594012
17823227
17059705
19057215
17024836
19650701
26906051
26075761
22803019
20433120
20433119
23427973
27480499
16891273
19177638
20442176
27113032
28613451
14676721
28166972
23416826
17847688
17868406
21733048
14929442
18244965
16734049
21475579
17391807
16294783
20456183
20383837
23287946
23355546
19833018
27564280
19591351
25164550
22766664
18480885
19324111
22943338
27344740
22766663
23019802
21178861
18828470
25726613
16649264
26443235
22883714
20537788
20088094
23287947
20852558
16338517
24552011
23113877
13609455
27717586
20446517
25374232
24332529
18583893
27732806
29199795
19286205
21756375
26283423
25824287
23094752
26792690
19927507
16945120
27732807
17096089
13922027
23018171
16545295
27495847
27823819
20680029
24270369
18480881
27084903
28404721
25585077
20656061
22960968
29209723
22267138
16844319
21335851
17876174
23153770
21644416
17567642
23980749
15922431
24371903
19593852
19882799
19593854
18409186
22858996
18833375
17155976
22718092
17947956
20117878
19931762
18705204
23223644
18373808
17016139
18158030
27847802
16230142
17382133
18423977
25811266
17040059
19297564
19878164
21685477
27423059
25807326
28292092
19122462
20860009
19535063
26163084
23613288
27706882
17356323
19477747
17567644
17588854
18454759
19292085
22491229
21633949
18700060
20843937
17044079
21819520
22795499
17786503
25112857
26854458
17495487
25245745
16527579
25511947
18155580
17681369
20648853
17726412
24815452
23647941
21727906
17297501
22792684
17668707
18710761
16972436
16752374
27144870
18372783
15048605
22894598
22166330
17681062
25659954
19119557
19647686
24195246
21643789
16212130
19024490
18406045
17619436
17269618
18158028
17227513
25062655
27682743
19172090
25347506
22627168
24956412
24078665
22735121
18267334
18788442
24662731
22406050
19720450
25241833
21040360
17905179
17063111
20180057
25498272
22757982
23291910
22900524
22366778
19018116
19006891
17007656
24315305
26365481
25598042
24176263
21585669
21253793
20117859
22653739
17850361
21724489
20659096
22591749
20557001
17227514
17070359
24006593
22193518
20101552
18052859
20127638
16784952
23271765
17492070
26241525
16280755
24708524
20488485
22104592
18006969
25652619
24769789
18207318
16417961
23469660
26198074
17660883
24935591
17576986
23538679
17289888
23635505
18774469
24255735
21912428
16601365
26331999
17034503
22057427
16910583
18853417
23594146
20812940
23823969
24254058
27694563
23648747
22666930
21152924
17339878
16806412
28291903
18346372
22118313
16007353
23803040
27345449
22972740
26462726
21167519
25312682
26332867
18201648
24036934
17459267
17214232
16327094
21916941
26437045
25046199
19960260
16904451
24158216
18068451
20107755
19051395
18498265
19935419
22808573
20844811
19961813
19580180
18972927
19397221
18336888
24836678
23001641
26529825
18774466
21358754
19242861
17440730
22101942
24149110
23379194
21875267
20705192
16126322
16971829
21160211
23228289
24775574
20339635
20066007
19362864
20970419
17269620
23521022
19385466
16623061
20601142
17124221
22342552
25707141
17991547
17853010
17722242
21440997
22012576
24336561
23622802
21563212
24981126
27617315
27852387
19728941
24762512
19625061
20234121
25014182
22687565
22951612
16553094
26291583
20152514
16136275
20557000
20860650
21632643
24954692
26286637
17711511
20472277
26590832
21330807
17991549
15690427
26975483
22542564
20608140
24836154
17536297
27349564
27834470
27166670
18207312
19860933
24265090
17223921
24289630
17485955
20180058
19943592
22018148
16831142
24513649
26845803
22545345
19681898
26032152
25638247
21093148
28522288
23433132
22143446
24456775
21210472
27965718
21093348
20693267
23813930
20843136
26005976
26184043
23225802
17686091
17058137
24590360
20208971
24171377
17933704
19477742
19370502
23802226
23461989
21422628
21196614
27711093
21837777
16735369
26706736
