22458957
27530249
21671783
22827034
23142027
20528146
20352691
21142453
24351412
20131365
18986439
25625213
28453953
15924148
20190228
15106072
20147733
23924315
22217805
22723894
25522491
18956328
21925144
24228508
18019027
28081982
17946857
17518640
22999337
21355851
19254573
18093224
19350102
24304471
22703182
16355723
25596732
22869142
20679726
26457540
27905037
21341990
18637760
15514205
21208022
27894394
21433223
24466271
23651429
22802289
19768162
27809866
19212666
18295964
18023476
28185193
23484152
19445653
19115828
17969047
18533811
24122208
24228509
27552226
19963313
19686050
27055628
23879094
24616295
17641026
21269936
24515660
28366456
21597472
21805113
21810080
18710345
23261282
23097048
21988679
22880933
16162872
20135359
27860054
24145921
19160415
21689062
24047349
26558438
21104120
22972312
19023768
19805552
23420382
21332447
22087798
18570917
20334610
22968914
22020533
28972074
24488810
20956975
23285052
25684543
17253952
18599022
21357194
26222422
24853672
26214191
24497134
17152386
24845159
21501090
24022965
20184663
15671145
26805490
26946654
23471711
21792907
26876302
28111227
22075475
19726319
25251698
23486599
25749149
16035061
24652683
26924503
23563238
23734247
21171932
24624901
17483880
23312592
22154865
18308942
18557932
15372203
17513155
22294296
22903068
27174329
18556577
24713331
27048404
28447748
20876952
26780866
16263424
24905746
24738160
22457082
28118065
22136928
24793006
21185252
24564987
22865228
18202976
26203859
17551956
21718108
22753940
25322703
22067314
22170005
25815884
16872449
23326377
17064670
23138839
19208837
26276681
21267946
27555112
26887508
18247361
21931658
24480602
26029917
27490926
23007908
24645577
21913895
21731698
23164082
24449086
28481328
22041446
21819956
26869337
18586838
21501590
27188909
25354259
20939016
19345316
22189250
24465853
21233340
23786292
18847356
23034983
22294482
27425208
22900958
25063031
26325413
28457748
22827283
28229404
15010334
26732992
24184998
24131213
19487819
25707206
21106560
21047215
24139805
26068131
22836771
26899850
22155484
15588948
19254785
24449473
20179086
17331598
17395773
22965824
26407291
28644396
26690324
25967581
15713913
24661975
24631289
22510437
28687621
27264972
23563298
21509950
17851554
22202673
17502044
22496789
27054717
19298168
25720503
21186337
15979565
23762344
18752274
20693579
24573542
20001268
27342267
21623002
26501398
24099925
28731277
14753743
21457005
21689017
26565625
16408289
25546442
27444321
16271200
23838935
17510220
27599920
21612554
27404388
26786806
21833609
22813212
17724641
24449206
18228506
15521213
17609412
25079197
23760649
26105694
25007712
27434268
25608581
27777108
16030193
27276822
27075616
22311831
23383253
17332484
25027325
23826699
23642017
28034554
27170595
28426281
19726759
22205540
27077806
22028034
16403457
28710961
27764217
25939802
24466130
26365815
24436440
24749888
22162630
21951688
19657615
24516569
21491540
23562089
17458904
20081842
17187344
22048896
26599112
27732616
21998202
24749076
20143330
21846537
26061052
20673138
28807877
16013249
27293199
27112840
22609227
24451367
24461197
17959027
21940790
23283738
21872687
22839298
25749339
20224071
21730021
25889287
16931776
23873182
19508112
23601687
24873993
25736496
22798560
25502907
25055118
25639060
24930038
22693162
18519693
28388958
18065393
23221481
19581373
23494915
20847231
25387858
24375917
27019624
22553076
21312238
15022324
18262807
20417614
18580448
25556358
25637537
27406247
26246353
21567150
25229614
22277991
20163242
25303886
27856330
24590129
26848946
21144495
27842458
21606086
24113381
24771445
23294501
16842494
23944935
19289123
22773696
21963148
14688393
21226505
23303205
22306741
22363622
17056215
18062871
22024497
23516566
23382851
21760932
25736498
24123011
17397919
23900840
23576338
21986771
19910497
21417678
26252049
22300364
20546240
20944083
27693963
25584741
24548409
18216690
17320900
23623380
26474460
22683947
22829700
24353058
24664167
28371540
25120772
21334857
25744162
18379020
24824581
17526552
25116394
25981558
17351296
20179325
23817022
27317983
23985985
23552776
15174150
20855446
22731749
27550820
21054163
23343006
23261754
21572083
26599535
21055060
25095732
28144824
22384246
21171822
18701482
21370035
15766899
24927400
19706332
19189787
16364866
28052263
17960018
15857881
23847006
21837388
19077323
25465115
20432451
18669913
25689118
19427405
27107963
17518656
24319755
21944933
25900017
20833650
27345475
27530108
15257936
25941778
27809482
27126736
26928048
26905195
24219308
21410311
