15238160
2178238
1756264
14764925
16010977
15194192
23266802
9155265
8124858
15573454
11039664
27829000
15535284
15590943
7994660
2832150
11029509
16244158
10675491
3128715
2838486
8647399
3036827
10623541
2963134
15778092
10028284
17053091
12952874
9208611
14637001
18282506
3332652
2840348
8973314
3036829
11116091
17291162
3022131
10833461
8122367
16765537
15469693
1612591
1671547
2914709
3025599
23385595
16914419
8687234
15116429
3297920
8132574
9713990
24084778
18430988
8674005
20851753
15003846
15917495
8154883
22424303
11177569
1567675
2663647
2598273
16434154
3133285
2766932
11875025
24192837
11891286
17385312
3537730
1655565
20870612
22022525
22628553
28131821
11124529
12101773
15009898
16438707
2646275
17114254
19267902
1526980
14963101
9303076
7781121
12618371
3031592
1533844
3025642
3624868
1358031
8122373
9181124
18207458
11701950
9602156
18320227
7947085
9259087
15492775
2452768
15522294
2055469
11435705
10580157
16529050
8109990
9001426
8878675
10628326
1829694
15333146
7735323
10644448
15033530
18610844
7506349
8054700
12572608
11103950
1647358
10453006
3547333
1361372
20008458
8428341
12483302
2156237
7645018
8044802
1346973
20013336
2298740
11668523
12095686
9101476
20470375
8444803
1962457
9891856
8179963
1889753
2430981
11688987
2577336
2888762
3490654
10350473
9370299
2897248
10570962
1977656
18926486
15239831
12524361
15110750
2615757
10395906
12853838
11170743
23023981
1979484
2753356
12820902
19587127
1525857
25893870
3036828
12242008
11514938
2934296
2996222
19175934
2103481
3072263
12697059
27215029
24001366
8200275
1502889
11311248
22538991
11072077
12559578
1701153
3141149
6096562
7699886
2655165
8438584
19847266
14766014
15705189
15535294
2795715
1487141
10331742
2628181
16968533
8307579
15153250
12695321
23204469
7894158
2115116
15033527
9795224
26537451
9095409
11470538
11483584
16515541
15911592
3525518
25159110
8411211
26079674
3024391
1755979
19646264
12801642
10071779
2157626
8851878
11795475
12429058
16552580
7734964
1365911
24968225
26440085
3550388
8475127
20727162
3019838
11410670
7768442
8667646
11735223
11027553
9438601
14694904
11259491
28388445
11024184
15593300
6397401
12429059
9602173
14729275
6304998
20470436
1518157
2883769
10987822
1552300
9745037
11278540
14993205
11776785
20036775
8249174
16087716
7874754
19076251
12490704
10704239
8270191
3678832
1587553
3025643
20454772
10555285
18769727
8666585
12781800
3060845
10860851
2936651
1453961
12506466
10672444
7925473
11238245
6329902
7049832
15239832
2260064
9783426
23180792
12566403
19014699
8297482
6386606
15315828
9030719
8917109
16155567
22766524
11875035
26440076
27296049
11602350
2810356
2043144
21695780
18330848
8227173
1602142
15053845
14697257
17352708
14574132
8790303
9074928
14534744
9661672
8135494
14510641
15342599
15967598
392242
12207221
8445724
12758128
14985790
7968516
8469240
12039039
1708778
15777658
3290053
1505946
11400161
8458595
6414998
8111975
15052782
10635296
2835582
8114942
18086201
12568715
23427607
2545173
11960918
3678835
11179683
7997135
22244311
9257148
7773311
21552543
12594040
10698284
1752414
9409829
12384299
15605515
19073239
16076884
2153250
25636622
3005122
7588751
7770039
10698627
2387583
8388497
12594047
11306805
2622339
9108292
21143351
12594044
8364223
2401401
8371415
9342397
25159814
11453655
15746349
17973089
10716932
25310342
7829056
10689185
18798525
8394175
17107764
10528266
16775746
12575350
11230161
16081169
21108805
15144565
17877811
3094306
9803417
10619355
9801797
11208784
15123590
10601981
19378011
1874413
11968772
8899886
12528892
9454883
3938370
11751640
1372068
24707827
14707081
10077532
1893373
781520
3612803
2031719
1806357
15087121
10215608
8422499
11699208
24320567
12711395
10974533
15068114
1360244
12213774
16567063
2055482
11013248
10944463
18627618
10478449
8980489
3311876
14672709
3481026
11835255
11602353
25819079
8328773
24920193
20855956
8474459
9315643
8186149
1398141
11691924
7900159
1427078
5073689
14970377
16500928
8012956
10421801
10471706
15925546
11201684
7764981
1508044
20082138
17996867
16716538
8068414
11260246
3897791
18571877
8454921
9827356
3338560
3449224
11352667
8844169
8722784
1851643
16873057
9278162
19888430
11025969
3074812
6092673
9542513
1846613
8021597
11691926
8522198
6096561
2824434
17316617
8392829
