22292174
26925988
19111253
22180882
28931027
1608841
22379610
23252699
22022752
21545047
17135099
22137860
18928207
20149734
10134025
10918934
15844250
26626112
18794715
7761924
7628603
9362866
1478554
20681390
15886502
21692244
16502472
7557519
25581943
26882031
23748990
21889220
20550072
10141832
12067050
12664710
16514475
23980119
24579710
10128388
24652926
17367892
23844755
10960998
1514134
12514354
7959115
18631956
20625266
20308352
10081216
26059086
20434783
26833929
11682579
17987457
25998121
28426910
27737509
8698298
10171474
10605972
22459694
25577618
18089527
24444846
16048454
17096451
18720891
15908902
8465884
17453567
27389911
23384244
26990206
25893922
18694991
19629780
10135717
15149928
9087102
17215411
20598758
12581098
17678448
10745760
22360830
10141132
28404488
27598768
12604750
23220459
24588946
9807322
23606378
22045140
23186519
9231995
16971277
29132285
15512900
22006166
9659631
17688007
15157035
20858060
27074379
12439757
27376169
10121007
17598874
11817433
20578067
22026322
16731873
22652014
20368322
12708225
18591172
27180934
27164767
19625087
10786450
15733805
10337845
19361781
17726711
25023845
12093987
9355481
22472669
21995966
19202851
27171484
27997295
26980158
10405012
21500016
16025701
16505131
16043009
10161484
26150131
8378232
8656719
15248007
9250425
14716528
18996981
12690818
22941782
16256897
25348275
23092597
1306355
17487131
18423827
23675633
28321280
23062455
23631721
23279118
23679220
23412776
24035002
18955721
10222636
24154869
26953611
10817311
19023194
19005434
24392757
8948403
27303062
22000098
27981922
18703239
20070629
23736166
19523734
21600676
10975235
15162970
10640122
25521908
19574537
27802878
16858745
23090277
17215424
24428254
24171485
26438739
19107663
18426964
12746001
26810446
8206774
25149101
23061262
17234040
12588428
16444121
20634597
24004964
21645922
17641079
18372142
18928208
24180208
19369810
25805891
28387185
26925989
25366953
25351932
26770015
10845145
25238776
19590990
16572748
25866092
22986093
15387158
11982676
28743249
24644201
25228103
21880175
19443666
27058320
21484292
23957900
22067595
18840287
18463611
20635281
28295134
17380470
22943746
18269429
19744221
23078605
25758128
16320432
22316141
16273993
29061145
11817659
21092275
23909668
17986593
14969270
25615819
15354598
11042432
25559709
17078957
22696842
19740145
11440424
19808841
28165262
27173737
19949532
22595420
26279386
25159316
16314598
15612235
17712158
12678185
16372238
11498816
24322907
20560849
15087582
25679228
25967587
27660875
20075357
27903322
16629008
16674778
25920720
27681477
25809410
12503240
25305152
18452743
21780094
21372699
11432889
21223594
26335405
26925995
28955424
11896638
27323761
20642086
14702583
15039608
19288772
26696466
28688550
24614200
12363001
10117873
18454819
19714454
24805971
20540714
23729225
20733529
24942969
18155388
28042705
24565148
16039763
16382795
11575061
19288779
18838742
25976615
28281406
24919767
24578104
21750213
16881763
17209722
20422795
19813083
24753386
24568486
21729018
23703238
17852990
23889770
26394294
25957737
17828010
22686549
12600367
23320655
26176356
25806882
24630422
25323807
10661066
12686407
10337848
25216736
20164163
20397571
17999731
18727140
16463757
21110257
17463195
17118616
21091620
7772991
18089528
25133300
15211530
24666438
24570288
10342953
27607750
20579755
17660100
11898136
22808623
23261132
26071444
12849081
26821665
20738744
12105404
27465058
12166917
22591431
23972097
15503079
20586883
10224630
17472590
24935785
26666688
10530083
27721195
27477085
20649438
17630383
17982809
25880381
25314244
19853922
20960510
26125455
23335153
16166409
14562488
25198561
28682893
23616054
23116474
15168623
15056348
26133093
7834129
16008138
29331185
11129751
19490133
29471772
15956869
20652873
16786757
24318864
14747593
24952739
12084793
18581215
15602179
19540645
27720499
27631311
19278184
12698601
22030998
25474273
18728949
21929829
17957756
20635232
21051920
17442391
10733444
8899758
10756476
16166829
25552525
24654051
27514630
23218520
23269779
25407039
15151186
20142739
24238605
27237410
25255273
26081195
24090080
26869272
28249632
18808512
19882410
28452801
17135098
22286846
21217096
17038188
12578770
23539187
21728893
16298287
27747910
16594192
27352794
19583648
20808134
24295098
26150143
14759673
12464756
18767402
12365535
26797318
19528994
28052789
19329088
17135993
11551277
22778053
22391686
10693649
19003730
25474393
16023823
16971272
27005449
16314602
26639964
22508915
17572520
28452802
27567795
