11698000
14632572
17313957
12142606
9654158
9858225
15100248
23683787
15105813
15547187
10632491
14726395
7577639
11473459
17973948
17525626
1712644
17381798
21883967
9369417
15493582
9596274
24127596
16505282
11751374
8637238
21513978
17363509
16767900
22883673
22246246
22378847
18408656
10529583
11914627
16332390
19563513
17134569
17193824
14990611
12738950
20437873
25243845
19421145
22661384
16876862
19893034
10620114
21237494
7691147
20490336
12513741
12648515
20084469
16205964
18165278
24713856
20953927
19850739
22053106
22400079
22742558
24045550
16563219
18190442
15677545
12430892
18602141
18666440
26228825
17214400
25890617
15539379
21543287
27515547
27893466
22845783
18509981
27759701
15362364
24054722
17170724
28318095
23575078
21474974
17565683
22388763
17885674
9890661
22545328
16819325
16698953
27016139
26811000
21943129
17592270
25881198
26413839
9989839
17591808
22050091
27276702
16118626
23095217
24969631
26052209
28145579
22644614
15628906
16948823
12436291
28270344
24274424
22709531
28641661
17956670
26957189
28574302
17974004
24555839
29501750
