13231536
5361769
3590910
2208765
3107868
803724
1869778
7946847
2715665
1868745
16432327
775510
6528937
2711318
7501561
1373240
26189003
2518590
22122611
9693191
3439899
1395338
4091472
3550317
7199895
3279750
4709300
8349929
10079893
7269719
20622282
7077477
4674758
5091867
664811
9374145
4127462
4141346
987387
8330286
8420700
22570035
13660982
14093141
3984435
3057001
17543190
17632335
1408056
8223803
18304152
7243980
11715392
10976708
3945382
14079065
24823402
23588146
14721771
9038510
1539454
5455221
12534521
19326690
9187835
17097364
12053692
3725699
11803278
6742726
18837711
10096594
8772404
6514638
8759211
22334027
23290659
1624284
21416777
23278108
3940082
7928032
3716969
1596074
6746290
1002876
11576407
27900779
2795414
12920375
8979595
13199616
23348144
21819442
3620786
14440308
2004752
12224698
8314218
16957437
23437823
28141766
11085669
7387062
25855894
2703686
20497089
22762690
25664413
10337194
3521978
19294601
23962264
23879388
22111295
19969359
9531740
9636767
8108291
17992049
23563387
6768340
22648191
19338468
11275596
6714502
24474093
15097968
11487780
3378371
18312441
18251341
24268068
10441625
6480949
3191458
20225541
24783645
27423683
12828758
13748872
25368737
15141316
8970846
20584038
9720694
3060869
16425878
19174135
25577155
9602888
27652668
9300451
9133851
19398222
10829894
7077048
7855005
6261595
15858468
19568135
17927783
16635656
14128690
10962460
11041824
24284966
7501564
1018200
8720253
10990581
547494
24396562
8132275
16445780
16192877
12862352
11716284
18234391
6721550
6986418
22071490
24077274
12224696
8276386
17459068
11333478
24406601
20064178
12360086
3169686
13139658
14282208
21344363
7976102
17156000
19584480
18462445
24941764
11991276
11089376
3610292
18985531
78618
1477427
3631866
10560874
25611257
7463109
3430311
1571259
22325403
17627797
4036470
23644894
23067781
17727949
22256630
8463473
2123898
28329507
7172735
2188553
23017281
5946784
19464972
21795129
1562268
23632186
3950040
25062263
19736430
19438567
23702735
28325390
1350148
5709850
15287463
3999563
8365887
15549595
15377378
17172504
9577314
8615068
26121271
16425879
4422591
13971700
22958141
27002537
4426633
22960827
11359989
4084165
2203921
1610695
9858178
8245571
28239913
24679055
22730631
391836
24819767
15982315
22639909
11422976
3575003
16327602
13976963
4414341
7084851
19286437
27573553
19880040
2492569
1615092
28801376
1574474
19528425
11810398
6054228
13827947
13055832
12087290
11359987
8275563
1938405
14886862
9187845
24173435
22250720
28538892
25490715
1940436
2856458
2277146
15544766
22591103
27193390
21083702
17434032
7640370
17076723
26268779
429675
8546479
27862168
16843117
17119398
15509943
25840073
6022686
20493794
14195300
14964630
28508099
22041799
7954257
1593350
20344547
10608247
21477275
23968452
974024
11513520
26121117
1421627
3418469
16021164
8075446
12791365
18304153
11698832
8432894
19438478
20995054
24469170
24690974
21430505
424924
15365641
11309037
23451914
14310543
19503980
9109995
27536914
15785405
18452492
1081937
6470790
15394334
15765773
5684219
24913904
18417829
10644013
17535223
28033154
27043334
12088085
22277073
10571832
12786713
5657399
5000972
27720389
16280297
25346440
21995739
3907379
3621120
22771898
19817946
18191691
14732664
27456754
3267504
3536687
3833753
21747334
3787371
4063055
17822504
14465772
7395958
7496477
4864346
24006476
19326491
18280354
863056
6725981
16634892
9411706
25357066
15859561
11737677
490295
16335879
7280919
16336884
18453992
15692463
4839369
9310717
5332678
9273172
3202576
16192880
12071822
22982004
26763461
2336512
7012214
12077586
1999548
19449182
3307891
1119163
5975780
9432197
2560769
4855986
25357065
10568499
15636760
3146493
11358015
24448542
642909
24423489
6491007
7984522
16092469
15280407
4030413
12591651
24321541
3574995
5992923
24646799
21352287
6490988
3155865
3753035
4365985
2206106
17569021
6545907
14742944
3108231
28196319
17885669
8340503
18494826
4661558
7142520
5819758
3059381
23827275
8566904
15347327
7258230
14776485
24239041
8310026
22752729
23860244
4878193
3205857
29091921
1870906
2774608
18035031
27499255
4584833
8438016
21923752
4466008
20593992
9924418
20424416
11252085
3523561
10490179
23287509
12609784
16115049
14616388
3100168
5571029
25209196
14512935
8300932
12602970
817416
12794461
5019809
