14060659
14808140
14808151
13761716
14808141
5237489
4966263
8506297
5231353
5259763
21464329
12370444
13930343
14231442
11805309
14067098
15611474
13790912
13886810
15391347
5237881
5217453
14104602
7732017
3010305
13686526
5229969
24778217
14215621
13899139
5229841
14684832
5231357
13948385
5219677
5242201
3081896
4504321
2068088
21368190
14684833
16798875
5248809
7518922
15809421
25964349
26362788
3103129
6767240
15851659
2349229
2510164
5253666
5288360
5229971
5275381
24062456
15883367
1058490
2734320
5263000
4882744
17395715
25572964
16492733
5269239
4525457
4522800
23277560
5276286
5002430
10823947
2494660
15184657
5257003
5280526
4510290
24191015
1946366
5264147
5266164
9892675
3200863
4531023
10220422
22143764
15928082
8290588
24324170
22355117
16203978
12824467
4515944
5256230
25453105
26831069
25349405
8390673
19826087
16275901
6821526
8356036
11058173
6779281
16537463
8378299
25228768
19435842
15322271
12374848
9501155
7567970
9707540
8516281
11481464
22198765
10781040
3137574
8097881
8943030
10781057
11830653
1316606
10716732
9326626
10779562
6417663
9391031
1900365
8022780
8650162
203939
8134360
15026577
12913117
1907376
1905816
2124699
11792861
11259658
8692952
8650222
15304653
7568078
2115169
1900368
6407009
2508089
15851676
1700427
8022829
9223257
8134384
18779571
1946458
16785424
3012525
6261239
8393572
19541634
7624365
7708738
103098
11447260
23345423
6413974
8790326
9380712
8516287
6291056
16087886
21969588
18508973
20736351
16492749
8127899
7937866
13874749
18815369
6130525
12370414
8692951
3097641
15347816
15184654
6961417
15843462
9861000
7604032
17646657
1846445
7681599
16588719
11805302
2539600
2499886
3106973
11687638
3132712
10823908
1974051
2122464
14766972
12122216
16033869
1924384
12359879
16908845
14610282
16617104
3114743
9371795
9405661
1311855
9380715
10535896
19520832
9860999
19369199
19887630
9811826
18697931
16578204
6789328
11493709
8022778
15534205
6420791
17075064
8917538
12676994
19515818
16314566
21690337
22493244
106393
15514021
15469930
8475110
6803244
11742098
2124697
8101003
11734647
12672954
11717401
10430887
7937962
17640916
11095759
17449640
12626737
19218441
23150588
17108081
7479823
11447265
14769922
16123134
7777527
21911382
1946441
14752200
9177203
8430097
18725632
20547833
18852455
3014511
9520436
8096644
8356041
1465460
1701254
20566873
8159748
2827169
3104906
11416182
6410397
2123349
11504941
22474379
2296588
1702542
8943042
10220404
19433798
12089325
8643523
9770492
12640144
8367473
16894167
16950871
1354356
11390998
2566995
8610171
3860822
19136634
3140235
6095302
21220321
3923476
3118368
12032312
24101476
21444826
2123550
11606746
23045644
12626755
10611323
16061818
3080747
1647020
21949384
22307614
8650180
7915837
21831835
18198273
8248191
1496011
7777542
11470898
21821789
18000039
14623963
15788531
7938017
25197080
15148389
20080745
24711428
3120181
7708677
2842762
27035999
3929247
9751729
17942685
20133786
15840717
22645339
15788537
6784118
6584909
11320221
2510161
19590012
10725377
17438280
17360391
9238024
25114249
2157213
18505835
10725405
7972125
8367469
16120680
20616016
11742088
15755809
7777578
16314564
17060622
19805225
2503829
23184991
17093046
3031652
11734638
23878228
18353989
8016073
10200258
8876212
2748596
1662390
9826689
14985504
1608933
20457924
9751742
10931948
16864795
15297614
18192402
11891280
11805330
8650217
18621713
19706533
11752451
18794519
8234305
3124101
18508971
6273906
14569003
12221285
15492211
12077325
20679206
9520442
2105491
6403942
10468557
7683429
8816799
9177212
2829216
3027703
8016090
9342356
11136231
15793007
1992453
1692133
11296245
1533042
20805468
11687637
16330759
21076039
15328413
12461171
20308537
8917574
14614149
8108403
17032752
15308776
8097886
18003929
1852009
9826701
17709738
17595295
1674606
18809931
12451171
23613578
2500660
21690416
7517558
26976564
23757502
15377792
10359793
14745022
291987
7479781
11593026
6794031
8516334
21321197
8378317
12730381
3080745
6436813
8633045
12376620
21825127
18250318
1631105
17032765
11553790
6407013
2493155
2498884
16785441
18550807
23530222
15150408
17307884
2062830
21930920
3099299
6808513
9689086
18287046
22355119
15210936
19060186
9356481
17592126
20498055
8078924
15240884
15375215
15583137
20498073
16455799
19064935
18715997
15767569
