18799551
10601345
9558274
23418471
21545794
9049319
14195612
18311138
10480995
20380288
8824334
10792121
4359474
631509
19793093
18467647
11960784
10343138
9453488
16413489
24918402
14625153
25292410
22615395
11171629
9285924
11517014
9446822
26807480
17222057
4665445
1689553
26917699
22668799
16336493
10444403
17125271
21585621
2003584
25481005
3919396
12209857
20626790
9688656
28665193
21393430
7506718
9756490
11833082
15066019
16959854
21689654
21292999
19057650
10496174
17439064
14568894
6137145
19926813
20558762
16148677
16365442
22995309
10094857
24057059
19587021
26314281
2308931
7923217
21843569
9358773
20855514
21959314
21349842
7508419
20683740
1577223
21856786
9870152
12049783
20413116
8822613
12235229
17289302
7298295
24091007
1345199
20974983
11380941
310680
26680736
16885167
12130738
23733701
8185215
11231041
12965073
10086917
27108394
18335410
12115674
27708065
27507104
23287818
8606489
9374449
2472937
15684584
18332851
19520112
24795868
25634809
9595458
18183601
26685754
27269866
22083286
20795362
16783585
27262491
3037734
10873148
16083701
7909557
19285067
10903171
10522175
9044196
19930539
16036885
15126578
2071237
17457606
18329803
26832398
19462178
24646786
6347377
10562583
14600352
15980875
17597507
27876591
2473278
16110832
2221063
9252443
1723721
10806114
14707872
20110417
1423505
7530202
12526892
26523871
25396043
12464668
27041791
26840832
26126787
7523489
19056759
22671931
18787099
23347084
15679628
19965375
16511599
16908290
27742704
16682128
15240557
21743147
19377270
16325525
23840113
12890514
2470062
19001434
18077606
11886876
15191914
11897808
2556661
17235601
21441110
28728818
1714242
18505417
3362751
9832057
23143399
17919311
21836025
9928160
28652537
1731194
28522403
22178212
22035179
2457186
19303014
23295309
24100601
3062295
18040075
14554126
2834702
26395740
24019223
6363423
8416744
27235816
12921719
2861688
17661066
28049660
2110587
21209778
19474356
8824902
2536234
16728456
11034584
7655084
28943241
12788815
25723517
9130041
24860013
29499239
16389550
10361434
9040793
27106779
17106184
11732886
23061363
6758951
9187259
25631870
26669427
19361459
7822776
25190708
15104300
16740991
10607917
23494418
2450811
8468448
24641722
15692953
19660504
6255031
1607635
12105859
18408386
22795872
12579216
9108467
23429582
23297830
2212936
18680392
20568982
15334652
22188325
28320829
8215827
22212085
9147068
11796921
7709695
11595424
3299890
10878572
8872144
3055219
15475749
17991328
29121071
15789217
2172072
18301243
12352297
1310220
2332439
17056521
17169619
17717430
23426899
28616595
16774032
18796404
29560294
25672628
19533134
21654621
7678094
1296036
3020973
9921996
10365854
25548479
3546394
29633634
16238127
22283651
24467746
10821773
15471430
16082245
7512718
15800677
23109999
19022064
23763262
11135043
14714258
8680570
16433669
24352567
23994200
15761985
9886980
15871727
22763879
24833931
2886011
19494147
24565179
22022515
15033996
26607602
23302337
8784076
16940431
20182743
1374020
16021514
21925490
15037522
15252321
16564140
29421789
10976906
28035531
17587885
29163195
14691920
16509757
9440116
21997804
10071247
28970958
21523369
7802139
24111893
20071310
28119740
20363912
16836749
9569029
15674506
21548866
23197901
11567228
22579464
28159956
28320420
25059649
10680897
8929854
24692353
29278701
19730730
24157522
26810038
1797938
10424202
21768876
24551253
14563213
22919677
22067329
8161264
18520439
11721091
12466383
1354537
15958849
19194282
3460309
18300804
25691701
