19448666
15705541
10846824
1845437
12759750
17127860
19177576
18774375
21676549
22901170
15147608
22926531
20126969
22266040
19216791
23844568
7673324
17877709
22801030
11698195
21453801
11414226
23926048
15576929
25801272
12963824
15030756
17060878
22998184
22011187
8984634
18703066
10341340
15611627
8939846
12358822
9149259
9552373
11223025
18681173
17471920
10740812
12111215
17335918
9552349
7880536
15951098
26266709
15017265
16258277
27465359
16697662
14593720
9310352
14611951
9558478
11063930
11223027
15631682
7820554
3325051
15276197
21669563
11842430
7922372
8841392
12861378
9552356
15545224
16790392
9552384
25239547
11790553
20505366
9552393
15187251
7760104
17337291
16479160
15279786
23877564
21089488
1819500
12429927
8014193
2683077
12457698
7846128
9580269
7574801
7954820
16264427
11406266
11752658
23392113
16146805
1670093
15130482
12963835
15611619
17013685
12417151
8909137
2163659
7038069
12851469
15449716
26410405
7855306
23566594
3510994
21094078
24261570
9928527
7483330
2194523
1777751
28138140
16875416
26706151
26038996
16481745
14593741
11063129
8855663
12429926
12505356
14700606
15611649
17875412
8890647
9440492
16361640
12470209
10341710
9552402
14657661
1397605
12461287
16741928
14745234
15810874
7575489
7880534
6383636
8491154
15927300
15530771
14644151
26511516
10740811
9767564
15189127
9552399
12459251
16059827
1946515
8791492
9893255
8497666
16082205
9321986
25494464
6760500
15573136
9372094
8541515
25233434
10068998
21963855
20232297
28981580
21823188
15713603
15576926
6240999
20153966
15611663
25690512
24073943
23475479
11389048
16357538
11223030
7902990
21185845
21844584
23598972
26254915
21742793
7755274
9095210
8024539
24493742
7749319
9180132
12648671
1648379
11883531
17334833
9053291
15753662
12814432
25789852
23256895
12112544
28804128
17073597
15173822
12429916
7488937
1412700
14593743
22229562
19561323
10878255
9787102
8357825
26889666
23141634
15754855
11905802
15197324
1438695
14616073
22017180
15380090
21971244
26000816
8854878
15703475
20040266
15372743
10354564
20935501
7012067
23223895
26116076
10629116
15840440
8833883
17404835
23852379
26003935
8757936
15565885
15106924
26497941
19770584
355261
8348839
9414449
14982490
14347544
12963844
9914170
15640843
17191359
9552361
9552412
14593734
9797469
11089865
11358861
8593169
15250676
6762233
17471930
6299170
1525516
14593730
2698677
16861920
1842339
17426455
9123966
3909946
19000759
1842341
16924237
14593724
24738783
19001847
20410686
9276281
2194527
8936406
9039257
11139130
26213213
12938175
23441879
14572162
9552363
8912471
16918495
12667479
23263201
7575490
8823802
15701971
11312120
17986866
14967829
15163365
19355861
9601607
12679355
26752263
10378690
19464833
9338100
8791678
8542285
15646411
27376724
19561645
9310119
3510997
14644190
10740819
15678131
13680534
16721063
24218325
25183827
1516740
3297045
22219508
21633387
15136768
12357627
15187250
9552395
16903210
22472345
22084384
6993408
26254916
8141795
17214519
1438694
12017557
21089468
9552413
15378085
17712230
1883616
8939667
15039892
10758729
12039793
20495365
19192251
8013430
16869298
2001361
16613540
15840452
10810621
19770062
10740828
8879983
12461286
18374221
26628302
9552350
14593748
6753020
12653640
6165699
11485822
8939847
17986863
10702375
27401252
8163865
8382541
1883619
15242629
11261293
7836841
21630153
10674256
17001681
8807895
12600309
9097839
19652532
12548007
11815283
15711126
19435891
14593696
8665167
9454903
9109501
2697525
2698680
2699735
11401685
10702380
9376179
15234026
27475848
2672049
8763499
14657665
17387276
20863292
8162908
9824993
18291706
20108332
18256547
25205053
6444111
22219709
382963
11352893
27746095
16937557
8891864
17721086
24395825
18178304
25609713
1819481
8220224
1302366
19221497
19168356
10469560
27966791
16922401
18396093
384668
14702100
1349881
1497317
3515058
16082199
22017978
383561
9846949
23870664
19944161
11435201
21824008
8278614
21945648
22232917
16632889
1313686
11991831
15187248
27899507
12017269
2561544
27669693
25789599
11098223
6371902
19815179
8939845
1448353
1842344
15576927
7673325
11735386
11495789
15590411
9552354
25195504
20404508
1534666
15694861
22084390
10607581
24697649
28506135
16848682
2683075
2574592
16205117
27130634
21630155
2680535
1438696
12325006
16936744
14593705
20888775
11148128
27106898
8177957
11540614
14593712
12851467
16378907
