20819077
15009675
22298416
16998864
12122047
9863766
22750736
25168455
24475238
26694650
24160637
23771608
10872741
19746426
24786977
15196668
20431983
16140386
10220109
10816494
2319629
1453006
21346306
24532334
7511038
28300826
11282372
20338211
24256259
16721761
17404839
26890748
22881289
24533165
9764425
21438013
15766569
17551833
15094458
10619554
9017230
25853903
10519507
24853299
10658622
16442740
23506423
7860655
19000382
9710517
12151537
21165730
21681819
22492039
22198321
10441758
23583428
27956122
15899493
12401955
24376068
10872745
8752107
22065542
14736998
9554979
7891116
8310816
15265744
10693977
11170717
18694445
28233916
7861129
14719552
21356382
8847540
21979376
2796873
15384687
19250338
26024919
21167257
24132241
25820186
15180331
20549524
22693571
24360020
12743117
28012438
15033379
3505335
7887227
15814106
18187051
22121954
26687231
21699686
8875444
15105257
10217256
25355056
25315861
21699685
7797900
15948148
14647915
16169084
25873308
25521600
21637340
25048971
19874266
11746453
19591946
16868555
10473284
19240805
26232001
9870713
15381278
8967351
925721
15231237
25213598
25445697
15906190
17605000
28285915
9514199
22171055
16617153
20945371
21426349
9483545
27037625
23224777
12484569
12076966
26287375
19513908
20055010
11948244
25347722
12182902
10594646
19582572
19533605
25152469
10494105
18930146
27714692
27480414
7825737
10833060
21128790
17408748
2398512
18206860
12429222
12106666
20822529
15751016
28286293
11108933
9015738
24747535
19519624
10792435
9234204
21683107
10320734
3133394
18571425
16599945
12951659
16273550
23494517
24190598
9122255
26385576
10581397
26463963
23919894
16245213
16222706
20164580
16443326
27574759
15505347
22372630
6153491
2478317
14643966
19066079
21698251
11331361
20333281
20307259
10098863
27799764
26111426
1815135
15145550
22342161
28003748
15668957
9681959
26222542
6183993
15293550
3054008
24172593
26785794
14766239
25709433
15280435
19925812
21245873
23039828
19591975
12353418
25554687
10385881
7615346
10591920
19359804
703926
19164779
60803
27234993
8804026
27725112
9242695
15836611
19337276
24406534
28266714
20666601
8950091
16629161
20625431
28598844
16467537
1585785
15661369
10872743
24931767
7925846
7768213
15377391
19763183
22099153
8852585
19046352
10630687
26159707
2325851
26619814
10961657
25092529
17526019
25111043
15128398
14992816
3221979
19129400
8847538
23196478
7760025
15971002
9109516
12221243
28746897
24252754
11085891
11875282
11275653
23187302
7842298
23391576
23043066
17953660
8725910
22516547
11677273
19021540
12849737
26925269
18282164
2079720
16988052
26714583
10682270
16014634
20883517
17583908
10582610
24496176
8567072
25706720
21935732
8764581
17443334
19036966
28130443
23820773
25311416
11053673
1716666
28332093
28855100
28334149
22730180
15544918
11518519
15488022
20817181
7762757
21930208
3618131
9587138
17101452
20647323
20599839
23765962
24139179
14643001
27714689
7842302
10451428
16764862
3976362
12382203
8847543
7617871
2078310
8234713
8836541
7636015
21971404
10942521
17614197
1613823
20056127
8930792
11389189
636844
17991445
21940434
23872735
8804698
12152784
8021970
12401947
6546610
23416150
9412738
3367157
23868451
20713126
15105271
21889188
20157260
9514830
25724358
10660599
20228788
17561842
28928459
21917813
17663481
20237879
1469438
9600219
28932115
14972659
26346405
23481689
8167265
21296142
15144867
11424192
27796537
11774031
19383440
15965114
27576776
10790765
26403789
8632155
28156212
21183793
17293845
26089776
28400720
9517569
12071349
29255838
9062938
23597830
26257600
28092084
19069861
27808258
21863062
24391545
27386194
27242432
27158414
27313504
26855494
29377294
29415739
12835114
21102602
15639792
9247075
24615902
29624734
17065456
941672
7693589
24795567
28959462
8690795
28837569
27194339
9727700
12614593
26236187
12555201
19457088
22515740
27071335
3200444
26106291
15048921
29027056
10188366
21135466
19133616
28249040
16135072
12393231
21346313
26176961
15207346
4730055
24470325
75874
16328268
28883787
29248558
24501157
8239558
9512304
27364920
20563825
27567687
2416045
24020754
28175303
10985695
22499213
21498777
28430292
8752127
28966637
11164702
3213576
26985861
18305255
26708321
12835107
3047840
27125435
8339769
19386095
27543917
23115805
29289598
26809657
23729245
18722534
18273071
16023639
21575599
23152401
24323862
9087493
25511817
28769786
28596835
20053381
16144539
20369313
20563289
11024540
