2606255
2606261
2599219
2673205
9991664
10040073
11651165
9990961
9947638
9991477
2545177
9991179
2476855
9948862
9948416
9948975
9948679
2793637
2913787
2695638
2536674
2708723
9991446
10039593
2584659
9949033
2740093
2542230
16666735
2911447
2552796
2812014
2923143
2563175
2576212
2624293
2813475
1824715
10040514
2794703
8990904
2745832
2817623
2559439
2525233
2576214
2776584
2914119
2567577
2530888
2517378
2785152
2491899
2567963
2322283
2472222
2775131
23995643
2465394
2930431
2814622
2691757
8103678
7807051
2693217
2709800
2791279
2676896
2668871
2583122
2646421
2530890
2754718
2546844
8075262
2399961
10984502
