14325928
14361251
24219546
20700978
12736411
19327583
20881870
9381266
8846147
4411554
19415275
9166327
26103586
20651069
26864506
24727814
22619618
11563769
27329125
3919581
4216814
17325961
22739569
12142794
2226550
8926615
16339669
16679921
3120056
17828794
8159364
12022425
5922719
8491420
22791294
27082377
14325102
20603584
12359817
25216681
15591911
18164793
20655265
7880310
8217543
12635896
15711686
15768384
8646702
23567308
9012937
18671700
8734811
15516941
14979474
5610735
15813920
8383054
18715690
27550323
18312511
18776763
3129394
6149409
5484247
7562296
9267166
12718904
25209728
810109
10520024
1621524
3954287
1520617
1970037
16041310
8671403
16610145
1272649
22213195
9321770
22892608
20074727
21435508
10698294
15849759
12731534
6778697
9292545
21527522
26496000
747770
4069833
3140684
2694854
6489181
10673683
8488662
11313667
11293287
15126435
24296492
20862634
8374573
18129754
8338944
14142707
8606629
7974814
1546717
15017964
647116
1958491
2445276
26030966
7501078
180802
11022796
6424386
14734894
17562599
21435503
12679976
15004307
18028431
28623394
24665981
7735443
7114394
23408098
23016900
15525842
17921858
24888387
21714692
20378560
12430885
3485251
19770060
18282522
12652465
21435504
14984172
25098371
26305041
16317735
6800898
2503027
19915471
12446419
984600
25492299
14608205
1336166
26758319
21435505
875955
27217013
15692602
16822459
16785135
2094334
2515705
9570703
16676307
814598
15795909
26840915
1583582
28883274
17312003
17164339
24611452
3914747
28434866
20358009
22734070
1281683
16188693
11927743
15354311
19942193
12351378
24662257
27881371
28179501
19213990
17344464
22161617
11563775
16537118
22362038
7947015
15382270
26109203
21639928
7686505
26724991
21769279
27913462
26763766
10779036
26004126
16291361
11030041
22739174
20190482
22198155
23031788
16304857
26191323
26872907
8438909
21114664
8157208
7949199
12351372
21989989
24237972
15220956
10478138
1956223
16687718
12829537
25963299
25577899
16690663
9613795
3109937
25540896
16239073
11189501
9052920
11196268
7160908
28643569
3666107
2513870
8493997
7640184
923489
25946618
9443046
15771965
8482277
17962699
15921384
2024647
10516686
19305027
17631177
3389144
7099764
8286756
2975818
28179280
24131134
25270330
18024606
28376382
9271048
23943650
23861216
2569644
18515656
5954459
8217802
16990592
23257444
7742755
15626736
17663681
23271412
11176237
19816270
13328153
9363662
7099763
9163590
10460624
28115275
24635829
25058426
8547067
18521394
10714760
7691333
576254
26458429
25987256
1936889
9009445
28469922
8639423
8625135
29167174
27169803
15755903
7691318
16507776
7893273
25659730
17825683
9357971
29476317
10651740
6449159
668572
98955
882107
2277984
6378273
11706967
7691316
28931864
19505381
2683951
18026880
28283061
621285
2056655
7686057
9916644
10541318
15561690
8167334
21071499
19203719
2284214
16968690
7756792
7873394
3934901
8135855
26404446
10067373
786411
17414568
3956534
2735804
29222242
10388017
2683952
28533057
24550838
9106087
1613241
28486441
15797753
25245797
17353569
28971907
6357579
16470156
18333543
1249203
25970251
20301769
10562977
2671924
26149657
29400094
25755906
24448864
19906041
7527782
25066893
23775258
9293451
25668263
26138676
