22039512
24482410
1327956
16623893
14512629
11006193
2225142
12234059
2338959
10500805
3339860
8299167
27488252
20687503
17280873
23780875
10640744
23803409
27716525
23623265
28109293
11379397
17881745
16958600
23538518
11007474
8759730
8047366
27273795
2385109
12715918
26680607
15661022
12869417
26293184
27513445
21785810
25252954
26280891
11306548
17553565
19023113
16492679
15967827
11084354
18841165
27324886
12794702
7570999
27860216
15893695
18056975
7712653
9495360
11414747
11817328
24569879
25177208
25424831
27142677
8345203
15358621
17011030
9544190
12958596
24727139
21368204
16964591
24452316
11577986
26631547
21312027
16574467
17941936
9590225
26574998
10837404
15578091
28968686
1403360
3327878
25091631
25928347
9823759
27258794
12469325
10747040
11007475
28388279
2323838
18417471
8896563
20976250
24023392
16803569
24591601
27033238
21700883
22521144
16763457
14612665
15319456
17560278
19452285
7506037
24058807
22178509
15993712
21078901
15027907
8364539
14740499
29136157
15480307
9326679
18246414
17098293
19506344
25762637
15108273
8910680
19302041
16860315
14962793
15845219
24062742
27694924
23604399
29217931
19667096
29050249
28655092
16461335
19906193
7642227
23867338
28744013
29323753
17562816
27022746
26011342
29500990
17116429
28815022
8580079
18716662
14985856
21350822
15263096
19326338
29535724
21305279
25979420
28263097
26715507
