27605966
19672044
28479901
20936544
17729074
24823712
25086593
17058437
24149672
23351822
22135284
28099192
14640857
22997217
19147325
22194629
23449691
22064359
25624757
17036961
27358285
25295658
16796174
21282809
17483440
25430624
24787632
15065828
23423662
16352674
19342436
23235321
26451006
25624756
18252910
23620491
12869359
16540501
27427325
21128560
24666558
24915195
22823966
17539842
27487437
11774723
23152679
19436684
23737547
22395963
28140421
22305244
26272500
19528897
23075934
18393181
26307102
12947128
17503876
26175226
19999956
19281092
16902841
19491521
24958605
20482477
19688232
20011847
21501900
17010529
20827637
26916174
25701004
21222336
25043734
17729061
27115076
17109270
21946406
25188655
25927288
21545932
15074455
15467325
19793218
16088432
17980230
23589685
21430090
15563700
28144134
23694940
15878487
26616764
18202351
24399630
22118364
14738232
17729065
27994451
16942867
28982202
25175787
11581543
23537344
19245725
19071004
16607485
23335005
28388225
8637305
21342757
18408968
17182653
16516454
25278009
17035459
26374906
24794340
22793943
26457458
25568929
27703345
16236851
22371649
12765422
26148011
26701161
26571760
22035826
15750483
24940055
17729068
27167433
18574751
26701167
11748505
22071841
22104540
19918726
17932595
16536001
25673982
25088030
27254948
22878879
21774574
15903060
12454299
24845559
19106151
22943157
22119456
17416147
24725729
18059601
17519810
27049603
24874131
23535211
11673195
26509455
25516993
25675896
18268932
18361162
16825756
21700603
26264416
25767138
17878468
28388274
25097939
20975522
15595285
17484828
18420964
25142484
21054672
25762226
22672732
24647863
21936683
18565981
27993404
24053900
17509427
11585150
12953145
15679011
26556894
21417809
24489465
19627679
20714374
12648254
18320496
17729075
26252342
15884490
18949104
24531202
21252087
20727209
22360382
21838523
26015595
24930201
25758676
28506089
16432297
26929612
25186259
24587251
27578482
28127061
21975749
18488436
25395845
16796171
19152776
26520778
23678266
24874133
20724932
24879965
20046644
16302356
26523899
20975350
22790908
21128749
28615937
25826478
20110400
23287013
16772388
25783889
23692550
25144167
12914563
23507875
24477271
15599682
24701566
27930803
19957870
20650624
23290711
20409022
28427544
20385477
28169985
28427543
27822031
12560958
16670251
23785062
15018476
27589054
26110625
22286894
15571640
19349153
22781136
17992482
24983708
16945264
25683659
21231792
23429861
24782553
12413000
14512781
16607483
18835959
22884186
21645481
28137487
26634413
25164319
25336939
18396028
24636269
26623496
27254949
18949192
16452911
19287905
27713626
24876771
12140794
26112284
25480424
12449164
26766184
14649167
18794891
11984209
27923937
22733639
12186825
24118827
23353136
19475523
19389745
23335698
25182377
27794560
20053721
21651747
24820902
24235824
26150231
11719300
20348268
22484002
27581832
25261324
19516915
26230737
26856312
23182831
21843929
22691941
20021311
21632072
23728873
15704793
27085886
12720592
22269699
18496322
24957353
16617683
22876444
19008675
11928136
25249649
24659209
25945044
28244801
24033794
28049127
24657545
22906068
25596150
16824986
12663285
25824417
24224510
21660297
11778484
14635502
19210652
23412902
22452973
26188020
25581689
25849481
11412513
17356317
26974689
27993287
21426563
23896332
22905354
20940533
17389164
27075841
15939250
17845881
17361503
22071714
23088027
20724740
25952774
27853876
20456841
15370730
23837275
16210095
16996896
28802471
21947149
27471142
25772587
25682543
15196094
14512671
19250720
12615634
23173376
25339508
15823180
20951018
25632228
18522783
28579770
26221044
27334811
17989119
19714508
15189919
26254951
18443166
25601398
14732787
12030734
25692720
17765528
19123073
14746727
16352748
15481269
22462562
18487318
22446702
22905352
24039414
24156967
15459136
25227115
25743286
15632660
20864757
27692148
22703901
27721534
27373503
25419125
23782492
19468196
20808973
28238276
17668695
23692616
19141987
18390960
27140192
27110107
17107991
24909412
23928262
15839169
23711351
23406723
15170021
19281074
27272131
23518289
17558200
26386894
17917409
24483954
22686624
22779931
20461145
26208090
15704790
26700501
21760726
28280321
8680376
20805177
14581283
15282386
20920125
28053520
26131612
24121092
11719318
24749682
25800043
27651323
15366663
20875524
20040883
27339093
16514109
22409288
18579550
26780299
22617816
24881938
23734624
15250232
27492533
25323335
20471236
24594250
18517143
25711468
17181662
15358696
20403537
22969295
23399113
27522795
17692245
