19263987
22328457
23481885
21640415
24975977
16991222
27143522
27852963
17089946
26082122
16220859
17389055
19532061
21941835
9198305
15916060
28775025
12722186
11504987
21298896
11892767
24370720
9257482
12722187
8678805
10568178
23025203
23792994
15158688
8883609
22522828
21404598
22900420
12476409
23513995
12685920
11797805
24199335
23638553
15587169
23367589
24162744
26945861
24979926
22997620
12647723
22102343
23772000
26591849
15575547
25090897
24701784
28283627
24765911
23977807
23847849
9754273
25272901
24844088
16956163
25174247
24909032
23213823
11902243
23223473
12722193
17539283
16539998
9335643
18165485
17370934
21493501
24014750
22961793
15930840
21781616
16512148
12693282
18162260
22983522
17290553
12722189
11572161
22036193
18053560
15597717
23335685
17370943
25242706
22934308
19190134
19348198
9362603
24416834
22619748
18228704
21044403
10670277
12357575
11822277
18259955
19368072
21482726
23873461
23059625
16061532
11459706
28761611
24322896
23997164
19361082
22439139
22872623
10789242
10992658
19235305
22923082
22957352
18956582
22896848
17361761
16927845
15041203
11893150
15627028
19284045
22685706
12683089
24152825
8680607
8803469
20647798
17611374
24903174
23832905
23585113
20975514
24331068
15779781
17604801
19726984
17135499
21316004
16512144
15035447
10182755
9483833
22416283
26055415
22904025
19722829
19474727
18239339
22106364
22885259
18236939
23204579
10943032
18053565
12650657
15966677
9483835
23335488
22504873
17378709
23161928
7630987
23322643
11917409
23516833
18550211
21638801
23378310
17433201
22766671
22783909
17848074
23910411
18068814
22448813
25495945
22893896
23314432
16581756
18162251
23997163
25072069
19640516
25323077
11073465
10726642
15749727
15044585
18760671
19335166
20348622
9621185
19295434
21369630
22626460
27518654
18367947
8733997
21112506
12051656
18787924
10580189
14696082
19486073
21388562
10535054
19006975
18814709
10024722
25485342
18666476
15064778
22230578
9507444
27714747
10096721
27117107
26019098
17209098
11217663
10658765
15933322
21606849
22298028
17848073
21856195
19892221
26554434
28125393
27208635
17224193
21252658
21215899
18947164
23711930
23642872
15572646
26795860
10407377
16796048
10697900
19858564
21388568
22487776
23906392
22367181
11228016
17619308
23077802
17361773
21178631
19325494
18342279
11710168
22074057
21601175
23832906
18811903
10402742
12657129
14660535
16581763
27938337
11392171
19802767
18293618
25118388
22505808
21316005
16796062
14705303
22435179
27572516
22568760
19326730
9764265
20520799
15080179
22123276
24736821
28393379
23607415
25232921
18293606
16642763
19117208
20085605
9915044
16704814
21257395
25352692
17241295
21781617
22607900
18634486
10662083
24243875
18767295
19969134
28095472
25500338
22041211
27099891
24307828
18293603
19785810
20692071
25865518
19787654
19357512
11939387
15259419
16894516
23327385
16439329
22405453
27353470
17163395
17361760
24614241
11073468
23588133
16218181
22285001
15018472
27714742
11797806
18688058
19284038
18374206
17222079
20409212
22717096
11010446
10634016
17848075
23517372
21388567
22128834
25700132
17334160
15525366
19663692
11228013
12357574
18369201
18374208
17054715
18293607
22280863
14619429
19157928
21727640
22041204
17955008
17665624
18687460
19947349
15139474
15274746
20958927
20584362
12734856
16796049
19618638
24215683
20610821
12789902
21998093
18284368
22781181
16796047
12721915
18501283
20461913
18448199
17493772
22046706
10950626
27874827
15289627
19062691
20841723
18955915
26123218
18059643
24879985
18634506
25695665
16895126
22883179
18397396
26896379
16501727
21367769
15925067
15779783
24903503
17482992
10825048
9754277
18977544
29254504
17163191
10656350
9085387
15208469
18814725
20167049
22421603
18284361
14587934
17848076
25887615
17584531
12675931
11192291
24107261
16796054
17564883
16984806
16002016
18489538
18200897
20119541
20172762
23791125
18767422
12888760
16482989
20825434
20462147
19216668
19062767
18819677
21208146
19519488
15249697
20500787
19230164
28348192
22851777
27882997
12793782
16581760
15175496
22343384
27862002
16796039
18814723
19025674
15284328
21914152
27331922
20025791
9272330
26822602
17075160
25490378
17914917
24793942
17615036
14734135
17239228
15870248
26446523
8891771
17135497
16581758
17163394
10150525
11800244
18637078
11082084
21388565
22334820
18819675
25681064
18295687
17135506
16822582
25425512
22343493
12125882
17187565
19486320
20923306
12793779
18723243
16622808
15108731
22520131
25130019
22943398
10468381
