23949117
20493180
21916849
23451146
20144717
20381631
22946963
27642162
24098506
23025503
22699814
23190175
22548251
23979138
27303935
25323516
22428456
25779674
21212070
22684688
26917265
22236188
22424448
25656995
25122762
23113308
24003226
19351539
21283059
26699993
17921138
25036955
20610706
19902159
26614766
25403613
25452140
21385867
25137134
18974976
19195412
22196027
23737084
27074889
22045733
21798375
25715249
22565169
18413821
18554535
22158864
19105792
19368357
23012967
28992240
27660222
22022930
20003713
25720803
26810075
22231406
18084887
18778410
24021815
25454580
21818754
20840079
22104267
26810074
18233959
27567985
26597533
19932185
18205602
18538872
18226547
22215146
19946931
20869433
22102027
24477582
18097097
18262354
25236736
17707404
20977338
24023783
25842845
22902630
29220745
21535101
17988575
17890140
28159708
27471753
19820102
16271889
26585682
27239855
19923729
28219939
20356456
19851736
27266564
23753570
21822800
24726168
18498222
26504166
19128239
24413803
20050630
21401077
23101509
18723093
21382109
22610280
20018613
23891152
22565019
19061854
28619362
27037278
22486405
27100486
21075149
23194275
21674802
19338062
18165327
19766572
21354305
19362171
27752237
27562996
23875925
22166015
21237158
22634055
19561357
21328451
20070187
20211754
25041181
19272351
24910403
21905220
21158641
17913528
27002228
19456869
18172504
22245228
21104173
19548536
20078128
22805285
19439374
23036477
21159870
22450240
18632730
27318370
24416465
28187133
23499777
20051383
18206967
24009050
25193562
28082197
17530441
22916164
23185015
18689572
23029353
25971604
17974571
25236745
19098005
24378678
20682242
23271054
21525006
26843371
23220190
19951071
26969823
28499967
24637102
26821294
21902452
17933572
26828261
27987036
18579529
22001445
21036863
28258523
22580264
29438714
24056278
20093115
26021615
22392610
19915636
25682994
17176052
26601956
23316297
20043069
21818753
19812042
16690325
19032984
18355320
20929858
26813658
18084903
22311647
23178658
23461683
25115845
19070362
18503776
20345759
20208180
21031435
23868443
21777506
23623183
24316730
24918285
19540914
19176523
19386791
25236407
22497500
25607351
26548861
26529408
22474296
21640832
18442801
21964313
21440595
26726832
24594261
23505474
26831451
21773675
23939310
19817690
22987634
26433650
20957754
20868292
26301632
20099887
22098136
24296440
25952724
28249007
17761673
21777667
24450625
26058667
23830630
20025614
20615439
18211821
24879047
19476488
22295572
18398934
28237332
22099303
25503482
25045760
27384769
22928725
23830624
25500798
20627953
18022330
18084890
24403061
19230834
18704754
20638473
25399604
24904997
25188510
21078396
18282483
19067962
18084892
26636537
26067716
18489898
21145486
24646099
20712415
18165315
28903064
22385109
22924918
22683464
26291534
19556853
22401569
12732627
19464293
21683876
20876652
18164270
18926296
24749984
23828546
19181932
24466746
29128357
19819903
26332969
24747012
20716930
25184942
27756681
21187494
28427494
19500902
25372677
27605010
20669042
26775086
18479207
18501718
18084896
22117445
18272409
24617620
12688509
28009281
20584316
23055551
12587965
27751911
22866991
24769547
22981861
25934084
21276001
19543365
23397885
22835791
18544346
19462976
23228991
20869434
25122773
23774970
20332091
28025393
20643143
19721858
28391163
19584157
20718351
18708590
18084899
24715692
11904290
19819956
21814479
19364504
17976536
19375361
17937766
19459661
24814289
23157370
23832195
19093468
20176019
26113455
20157513
25365321
18084888
20732753
24789097
25118246
25013795
24440237
18279387
27130805
21391663
19703554
18436649
17981064
22305006
19476489
24234423
20937353
18552404
26600014
19424615
25560178
19460442
19047200
26402142
22982531
28348082
24268782
19822534
24022485
18553980
22728267
24295341
22356734
22985558
21619508
26523844
25239899
22645126
20969484
18491044
22484606
26352357
24862795
15488866
28659575
22429898
19760093
19583492
23722165
21949071
17707450
23758190
17548047
20304799
28226215
20221741
25808014
20721618
18498224
23929591
25926608
22150556
19369943
24920174
24175952
25938937
18985429
19064914
23934758
24316080
19248767
20736168
28551405
18003920
19332553
18501712
23830636
21282103
25974624
20335172
25009779
19899112
22285837
26438880
19680690
19251091
28849259
27869326
21840697
24450621
26278368
21586322
18195003
25348637
26482062
21750082
19851441
24521463
19151395
22392134
25793542
21463615
28640807
24125860
24893865
29275566
25512182
18281480
27717466
23511025
23207063
26398495
24998343
27095567
