9591810
22006139
7858419
22882420
5646066
6024661
8980186
17868030
18353140
2674214
22686288
19283671
24126842
4936638
1591310
22666418
20699366
24813835
8790843
15087389
939119
9181576
4945428
26462148
26293674
22993143
4139412
21111958
4667467
10188083
19661223
22124165
380931
8541719
9627332
19889298
23804077
15892844
18366288
5357964
11190251
4951924
4822650
19218908
26684062
1293169
19273108
15335320
5524565
25791801
6754404
509989
15104255
5131324
17576955
9537257
21868127
19074888
5699599
19914456
23248252
17340022
752870
9187834
5057857
10029704
5546295
12610393
24500501
10923139
1564251
9918413
10966060
7490362
5524711
7805027
4934446
17241688
8214321
11007928
5638790
28635133
21912348
24337068
786526
10469082
8078667
20533701
29421654
22511720
21349766
4648687
26571823
5659410
8912422
8242547
6386711
21880213
10150303
25872534
12090596
23369587
17483349
24999544
12459642
16927772
8729049
7762336
4916204
19889297
20388797
23774794
19527987
773624
23159525
10482249
2678079
17909030
2513567
2100562
25760979
4996814
22324783
4929321
22117673
5151455
19528915
17725171
27665942
20212453
3983457
4892825
5646070
5825330
18416335
7591284
10987284
19273910
2182954
5023258
28553955
10635335
19212807
8752144
21703460
7660014
28351318
8943000
14599090
9537258
24372647
9759576
16953482
10577862
6769552
16814714
23299845
20709760
26033450
11055639
9690457
24019181
20035420
19380664
12691451
9284953
2798325
7597302
27349907
7383459
19241851
3913856
17392427
16179877
10649238
19713740
11837459
12395373
20570171
4394957
4996813
24616537
26809078
15867392
28445987
25472943
21389833
20955200
24828303
8143489
4876279
7868720
9366525
22847295
2828247
4421215
11016721
12630771
15234232
25407704
26601857
10999048
15063935
19095154
10985670
3288850
5362808
25772506
21615609
9555173
9240529
19930994
23368920
19771429
24793626
8780767
19880044
14688485
12109636
9858938
15887802
24374797
25394503
15325032
26271962
8998166
11220233
5110514
21245091
26793999
15279677
21790849
11122855
21098714
23680152
17706171
21536245
18468001
21181099
4180020
18353138
11572836
12903619
23789975
7928026
11921401
24027077
27254879
21963849
18468000
16764045
20800147
1719836
4741045
21482206
21489712
15820438
1998149
15206229
3518576
16489097
15097977
15057035
5359884
5775800
5766758
19805117
10773711
4054006
5681004
19408415
25149535
24218360
16911409
15338766
20708469
4717411
20842053
10941557
22196979
8806233
5818794
21236563
16503910
19124656
16277028
5905554
7933857
2095255
11144611
12235125
23554410
5124850
26464096
19802008
24075548
5573083
17951156
15221924
26601862
2044483
3065378
24815827
27328776
8199123
5411663
9852820
10594617
2962235
21507737
8037618
5509146
15305152
17235243
12789293
25824275
11005510
12878873
24729140
3327456
20640433
23053020
24528820
4364918
23116575
16110629
6380514
21488577
24857132
5767548
22054445
28986383
9308558
21288499
24419862
11198885
19464603
2314751
24676901
12107840
4177897
12165217
16489096
2915498
28741528
1591223
7581346
22229218
22484183
12079244
25705882
18270974
21592000
16785372
9515181
6996936
19694654
25348889
19056043
22054449
16419536
11727297
11007930
25756554
7008547
22693252
28301211
27091855
2646014
3580350
4572347
21858114
5449407
6597360
4103132
12122628
20734656
17576957
8457619
1816795
24508696
25618774
12610395
10410188
3358347
6002161
16763422
21658662
8410143
21642692
21384705
14524207
12574822
19595779
4526321
23437168
11568543
18245924
17441381
28288873
25178337
7047599
1483250
22469203
3391748
5701073
17257069
4708486
9149123
799762
24421252
11775059
1409434
12107834
1673854
26181188
12957284
24890812
17576947
9091498
5458257
21531364
21352332
16293184
12614430
10359277
4348523
10857170
25818589
16841449
5756752
20626129
25394551
12115882
21569399
11917455
23300070
29155748
23194049
11478693
9159056
18594948
7318404
26277601
1470475
23796690
19962321
382647
322460
7664765
24522940
27254624
20538271
11595895
19502926
14699039
11034251
7129806
9759586
22865455
8104021
3608565
20534080
15179194
19051788
17663170
20839588
12610394
8908237
12923915
15695386
26112811
20881968
8151030
11191050
9204053
5485549
6349158
18456782
10863245
4646934
9308580
11059756
11694871
4057571
2645995
2491444
6749953
19340720
5996844
8415133
25190764
11930840
24907389
10337195
22078049
26944639
12063484
28963068
21343552
