23174732
19702043
16239414
12677287
24121894
14682199
18156025
26060087
16628023
25443816
17875983
15285700
24776045
18759712
15766834
15313358
17869634
7916203
14620711
22117971
15057441
28818167
16763989
23044294
17042102
17268040
21171912
19401120
19897257
15850431
23212802
21372404
11679186
26370515
15078803
10997812
8104680
9610709
22438429
27524882
21757819
23492595
21821962
25777069
20885360
21234271
15529062
22396583
19000488
16354605
27100660
7912518
23363439
22438430
23054964
19755337
20691308
18179752
16338253
20883925
23177483
27631549
25069959
25560380
16274347
12441936
19786634
18430909
21232718
12941125
22022181
11865620
9135899
16755592
17536421
24416995
24939927
24659172
23164475
19579048
23166415
12475668
12627411
19755329
25847982
24528614
24265523
19571341
25924602
20118153
16670446
16843172
27113534
26423017
21658783
16446512
17599439
27314841
19463432
17664375
21232716
20484099
21367471
16971724
15870421
21617163
17602060
20450846
18561153
21067831
25282786
25444381
19589442
17562952
8893117
21173499
19171853
26346023
18420096
26054668
21029813
20716756
22137838
21232715
15721109
17295334
19422983
19406063
17036103
18230785
27765310
16537782
27815344
16003026
21828398
22388301
17152681
15547038
17268039
22511375
8859617
20872982
17162758
15867457
25847979
23984922
25978604
20716757
17249257
25198483
19463291
25432710
16210994
21864813
22511736
16270360
25411158
20512301
20031660
19180775
22266771
20842744
17826375
16635601
19201042
23025022
19202690
24548278
17680858
16640178
20821300
19571344
20022808
27873501
21824922
18021869
21251627
16493246
26979599
17001240
20102892
11514475
20376884
16892439
17258334
16258567
21086494
23747778
19632525
17413307
16234115
15883132
26762909
16971717
16613189
18307235
22221949
16106007
25440506
25884898
19576348
20031728
25134953
20060578
18230778
22988961
15500897
21181967
16401670
17139626
17942175
21364152
25557728
20578195
18928786
29374935
17719304
23575792
19110789
19858413
18556716
16295941
19695547
23359554
21118174
21315461
21251625
17296826
19701826
22555757
17293262
21826070
26224390
25953112
20603502
24844284
21497782
18180056
17589614
19089931
17716637
18803074
16093214
26150193
20976746
27718756
26643000
27339840
16670049
21351224
20888053
20333659
19112781
18513522
29374936
23269880
16125359
17764000
25256200
16105989
26860585
17134626
18422205
16626577
21220730
22727627
19258645
20671569
15514571
23428716
17296824
26989946
23218575
17010786
20561109
25118489
20152559
20603504
19783056
21982668
21959255
24345357
19059662
15487272
18841256
20351385
20142203
22829507
16054457
25031154
16216853
23037458
15837244
15665795
21200334
27578808
20596361
21550905
19050419
17010788
25203296
21550906
21330238
18272504
27012408
17452148
17921531
22062892
18590642
24968748
20031821
17195194
16458128
23523240
16540028
18412270
19378238
20578193
21296317
20381656
16321180
16971011
19937776
24196314
17912161
18070947
18371470
26632530
18438694
20054765
20236216
21742105
24899233
22388300
21624553
15940356
15837245
21492221
17711795
18064342
15893168
22378251
23746479
23657123
20079596
16360354
20445180
23332165
17701366
18414453
17478457
17019393
24281754
17139669
20151057
24687617
18364140
15514573
21514083
17877936
19056134
21108370
18638589
15606446
20102937
18260897
20503830
17174630
20150821
20236209
22386286
20211309
23913603
16575926
25572023
16531618
16479035
16144017
21729833
21803319
16785479
14724301
20805433
19232897
17568281
19035161
21646500
23158530
21864816
19892051
26479969
16000892
27821374
22000423
22529227
24815951
20014187
22027721
24526500
17888837
18157966
19815708
12566366
20519297
26525804
21896624
19281920
17060386
20031771
17261393
17292498
19781402
19789418
17572247
19539073
19595395
19422982
22186117
19892052
16650239
18098182
17027565
17354579
17321312
16008155
18334899
27250863
17383497
25639945
12384629
20542797
23601968
23014945
20197629
20351384
16432073
16493102
19958868
19411733
23488819
20394879
23497778
20497669
20031664
17903638
23255849
22580255
17296822
19695467
19571343
23771557
23622910
21299633
19403187
22612261
17119373
21062998
17630653
20488406
16616023
17276188
16105990
17060388
16483337
21828397
17437722
23044292
26210806
22466810
24654284
22885395
16756772
23242189
16442360
19121436
20708806
19166687
23827397
16160130
17384832
21989862
19380624
19720939
20226618
18033013
15870416
22027728
24050859
9879830
18206634
20535428
20118171
17680855
22867706
19463427
23642502
22580252
17442204
18487922
22120995
