21025186
17786251
12820077
11583604
15162611
152960
15992401
28150065
12629937
28431515
12146181
2369101
95011
27565167
18703436
19253875
9766108
15156759
25473864
14651178
12968229
24786583
27367561
21394198
10296573
19645367
21053383
27105434
14726798
373967
11903512
26094369
16421149
6826642
17136202
25708571
12484314
25458004
10303615
27855449
16134104
16757782
22957028
18286992
1506172
14509995
25728430
13948836
1095744
27919434
26147600
26612507
25454750
16831492
26772804
28511832
10611648
15090082
11797925
2640693
27686328
23522871
10268960
10085742
9803294
21995979
23846606
26525982
23929419
399483
20700455
19469725
9727760
9549587
21843376
15107289
16639991
26612506
15466687
19547734
20517712
27113767
28902887
21799867
23622970
18575238
21287110
15708222
21536189
22416926
23692455
8849853
26450887
8980585
28693497
17215469
27171143
22730806
8758631
24666018
28357824
8263584
10230456
23902608
17972296
17113824
15387513
12886395
22730805
10282842
7501328
24309636
6717311
19851699
20453347
3883939
132791
26446195
12733466
25509756
26517553
25404502
17472416
18334827
16581639
19574523
26898526
16843779
26728979
24689945
12764472
19409068
10298394
25629620
21189372
709227
25901872
1936722
9547484
28711679
8835428
19219530
14668777
9231506
23991449
21778334
17655950
10365732
68465
14697168
14748534
23036337
16622163
10399377
17828025
26269118
27694464
9190767
25608424
19302518
8079876
20122612
19686484
16285324
27543228
11658205
16925031
12343591
2393549
19423277
21179459
28899833
979453
7842376
24474734
26650675
6717353
23041480
21258072
373290
23885765
18657895
18816163
20630931
12282935
25634502
16708036
19765056
1630206
7118338
12836146
19219531
8146406
10876699
11319423
12647090
12712142
21484314
17024065
16218517
19174838
12225274
21261692
22480859
24423493
1191582
21442214
10966297
9224044
253021
10960059
21247279
24985448
27590047
16426086
14666244
11642844
9051455
21694568
10783973
28504619
18829814
19778166
12213183
28670210
14696746
17443236
10782248
26588052
12572533
7933399
8363119
15203476
2203861
25014922
12033234
12599323
18584378
26176836
3848297
21710100
25040652
28608364
10599376
10537946
1802374
16849916
24736962
23110993
12404962
26390672
17329724
25382197
26923161
10863345
20207330
28350849
9236605
16878800
22360756
21986647
14610687
22796459
15289488
19478735
22759614
27903302
25968138
16870022
16869219
6356998
17255412
16376672
19219528
14600534
19712213
26052651
17905164
21667745
16553064
23553350
15298867
23931992
11651167
10918108
26066692
15027375
15549676
25551643
27151636
24895178
19579127
12970829
18650804
2190518
27067893
26901365
19715393
10897300
23317431
17257808
9695006
19092716
27599949
15085005
9686069
21603786
23856190
10618803
28587637
10303973
20482769
23486894
1462791
12597954
11387534
26843061
18692282
10110662
15369916
10063247
7472643
24330690
17346604
11837376
15130808
27973571
16737506
17695347
25463148
23599415
6913604
26556466
11845174
322518
12701029
26796751
12083129
26370723
20524272
20808858
6501758
26560233
26311020
23610376
22464414
23613763
1877069
12097316
28486523
18328197
19013039
26416768
20431972
22694065
20538869
27108488
10245140
15799682
19398741
11401811
21155619
19623307
22147063
19855867
19128940
17849676
27198112
19221366
28463425
21359631
27325134
20798622
10338873
23317014
16924302
12827519
17186369
19103326
24323037
16202843
14689673
15023937
23288177
25753254
9008917
18783919
10932436
8593978
25489703
11036143
16077287
10730799
12319126
10970011
20228690
22214759
28232970
22342653
12474943
26543155
11129777
15033866
20538874
26306864
10072035
17659082
10673801
26515968
28098508
16147796
19710969
15698470
10932431
11650149
25035096
22424986
21555327
10727099
20673384
20498224
10119064
25183865
15085007
20142279
24796347
11501952
5135188
3355947
8902663
19221368
27588833
21030551
27193640
21835406
23293057
12190266
7743321
28228573
27445294
26308645
26610177
11116880
10264976
19907880
23522349
23716750
10286012
12322378
25952498
17696577
2304822
27600592
21586143
15033874
23834116
10190836
26099486
22086636
27466089
12185629
8231336
19858432
22929223
12816800
28474823
16779112
1824710
15853164
19705595
15350149
26223901
11597837
2278023
24471312
12648258
19777348
19592639
11472995
10938177
15141602
8014319
14517107
22146439
10249671
15069847
23370494
15125106
8612378
25588387
28697206
23247877
18265736
16805650
24567203
21038509
24256784
9703393
17081659
9296588
