23812948
19595807
16720699
19535337
12697090
25948473
16990271
11864841
20689730
24888966
12437972
28686285
22729906
12234178
15961631
17371981
23956969
12837800
28582454
24090058
26803620
22434932
16043704
25488424
15120003
23569230
20396389
25626717
12140561
23166766
28759049
25294874
24265315
27699870
17254392
22223641
21548780
24939379
15972584
23264655
25857820
22991536
23963730
12869203
25735984
11081518
26363234
23826682
21188584
18585456
15647277
26701185
17517123
27246399
27155354
24076024
24275656
20084417
27502317
23087188
16533755
22844415
14498823
11865024
24255114
24098508
27481482
20025973
17889640
17312103
25849913
21959264
24957228
24755285
18289078
25907136
15031299
22587897
22714995
25261480
17579642
19641092
20352268
25686612
26323037
16460678
16426970
12770755
24021278
26004773
23558557
20547386
18332149
22952720
14643884
26595434
23178228
14552836
23110455
16177054
19470169
23545260
12975352
16221674
24044936
16832055
17114468
15599394
23296707
21362440
20636339
28290451
20875448
21212282
24739281
15994324
17185232
23245851
23961878
19563534
25217833
25488602
24461778
19166926
25034608
23746807
22825445
27216145
16675018
18439100
21815635
23964588
21897866
20195594
22185391
18209072
19627256
19428481
26827833
22173220
22428550
26295267
28238912
18031257
23600666
18342006
23871438
25447538
17545685
24567333
25387947
17917051
15578265
18253710
7848870
23305364
23580653
26144017
18241342
17665992
21239391
16226500
19337998
23979161
19728889
14698224
22695115
15767367
26208857
19211304
21472811
19689377
16280166
21904615
15585865
18510864
25084380
24311583
16225392
17379377
20691286
21077829
24275600
15241362
22749216
28209121
19592497
11123271
12819664
21220691
22227927
23629657
18639626
12901949
16203735
22260507
21481769
20638136
26940660
16643855
17513760
20692287
16751646
17502339
15218108
17442537
17888930
25894218
20561711
15163534
28408332
17719743
20883219
19196716
14993454
20307689
19523922
18810425
22876888
20363250
20470819
23668603
19056108
15212709
20073080
19036857
23046132
27503954
12791976
18029758
14687933
25107979
12507844
22187460
12724322
21337319
18776324
21288575
17048703
21959652
18493310
18312594
16482509
17868438
24791904
12539043
27447669
26808229
20185725
19004506
27431585
18701082
12860988
19521997
22827462
15642149
14729660
12459484
16838639
23871649
22949657
26738735
17190786
20133635
22829600
27343013
17056116
24933613
18787561
16112748
24028551
18406379
18172197
29155181
25563856
24574403
23915714
22772799
23396097
14555995
23273344
17101098
17054988
25775582
23233677
12395929
25305318
19473320
22037600
24839978
16216336
25187660
15843514
28223111
19494293
17283206
15634876
26621545
27639315
20171181
21312311
25525300
21294713
20802145
24100574
17119021
20230632
18406377
23632252
19505890
11751856
19847289
25808990
17463084
21383168
25127055
16129684
27909057
17182578
20957454
15009428
21388684
25304327
22593572
18369420
22535384
17471165
21138842
17868034
19144789
21857663
15816875
20485341
24548972
22646784
17161867
18513891
21804016
17157808
18450748
16306043
20382888
15120005
12421671
24814805
22865861
27183126
20048342
16762830
25353353
16751103
23680844
17462920
23314616
23155421
18084608
18976813
24758103
25029205
14976215
16838638
27226571
23369858
20192997
23958499
17583698
24945571
20937316
21742966
15998638
19122388
21949866
19131114
17277125
19592493
12618912
16597607
25781886
26676274
25020193
21691053
25004159
20851780
20628601
26727169
18995910
21692747
23712403
17114417
17030073
14687934
25028512
21478252
25736436
19893624
17437634
25326420
27141827
28893645
17023219
23255358
14688319
19234190
17085778
25297876
20114028
15189989
19568743
18714020
26363049
11521062
28052637
23001144
20692289
21873236
18937834
28249680
17967853
16857668
21078302
23500036
12538665
16864658
11032843
17573354
20354830
26434715
22891325
23345333
24019529
20452988
14699116
26707618
25088687
18201283
17339052
20844190
12062447
19378015
21931360
24723465
16436653
21112636
26324776
12659860
25870276
22479513
16027039
25539811
28161794
20471373
22443485
22611194
17878374
16753195
19879650
11590137
18209049
20348427
18641341
27237091
17128265
19019441
12888566
24198284
19818630
22323545
19289601
21543763
17372013
28993672
10880523
17350002
15210742
15861642
19351596
25092290
24393710
20851125
15191912
21330073
21331046
18851874
24363429
18299127
19295630
23485525
24840642
20671921
15519998
24296893
20079715
15265938
20877634
23238389
15618008
22695068
26120048
20702732
14988381
