11744070
25797031
10406093
11750861
9339821
11424948
6119663
16359813
17557223
20134188
8743971
25196185
7653326
2836032
11744075
28609670
16111823
14611869
12001722
3045686
10662535
1958565
12911631
8961269
9475509
20691781
25617652
6103732
9129123
15908899
26631550
8812295
17617466
16388832
9000458
1661843
6368728
18052675
20826654
28554773
8939449
9829179
7827623
28072455
14993041
15809515
17419304
7981121
17499740
16364983
9639289
11744078
17052903
10848550
8232768
7522740
19608348
9694557
8069672
17512983
14993051
12472876
1369593
12563166
15796770
809617
9396781
10780244
2112103
2538311
15694225
1963400
9608325
6128137
9787266
17290803
15229236
26769414
10534609
10670448
6759199
8829922
19553485
27048624
16310959
15950269
12538829
18935909
15225127
18434133
8233077
9831258
11265621
3960276
1323664
11435759
9808708
10792577
8818402
17433821
1330646
15547783
8978508
25845675
775872
11599300
8142293
24172649
17192703
8388550
12650715
15755486
22075082
15464049
10899949
14611866
11860495
8373958
16010669
10684805
8813596
8818398
6316998
19490365
11495974
3746166
10532631
3109884
10555776
7720777
22867132
11325570
7902269
7472348
22289667
21874859
8531110
7725245
1110600
9587923
11458535
7969089
12535620
16326016
2836829
9372220
12620280
17597219
22269468
20739401
16650617
1597141
14993035
8112507
7163402
8279228
789804
10323675
10027561
10854896
8102553
16938407
11087816
21071286
23727572
14640542
19655698
11744101
17143049
21298729
10448428
18077566
11176214
11704651
18367609
6985587
12464400
6420491
16632874
8552246
7397506
1912947
19130315
24703387
9575950
15269263
11534985
15888920
24189140
22395084
8870163
26562263
17646034
10951125
11244496
12743541
22759411
10418786
11098097
12193373
2841455
19576517
3136005
15258651
8809673
2338942
9593106
6109446
12437581
24023771
2612567
28179813
25427854
23139356
1321356
8783328
25766520
6282670
18096321
14529725
1571111
17159334
11864624
16870192
218133
26835595
16439458
27494699
11211066
8309522
15831289
1662776
9113382
15777868
21829438
10859486
2073999
26431805
1888685
3594264
554444
2514347
12878928
18475312
20466023
12496935
16963002
3082617
12562959
28048973
8680441
10211766
2459917
6288128
16310313
11504823
9210167
12479081
9190841
24566122
12171578
180347
10882789
9053775
8770922
7000361
19069243
2866199
22155097
12215085
6665012
8243294
21251916
10925216
8136305
12367609
7028210
18212517
3614548
14730111
9001738
2046859
12421643
8867260
8612335
7662583
3080893
2521359
8532187
7507825
2912130
12054746
10879279
2948840
18752655
20869946
11408778
7239001
1974612
8605022
1783691
11033328
8313156
11063608
3197943
1838829
8592786
7938356
15892902
18601700
19724063
22989919
25087654
11181814
10869372
6256157
3788410
10526103
1505483
9619632
9212718
17561380
15338057
1678259
8393520
11150350
7870311
18003843
22191644
21500881
8384520
10692143
3042097
25214399
6324664
16879168
2840313
7938358
15271873
1064019
12719755
21368039
15171722
9185158
540439
22699904
16543268
2004607
10893019
1323800
8981474
8839350
7706984
3136007
11744080
28536294
7729809
11960630
15828844
14978726
8156108
2538192
9238064
15165830
3279272
9220465
16904674
8245959
16858979
17418431
16891115
17196180
21451144
20025939
7495697
8743965
2961786
15951421
22190616
3138914
6388347
8473903
1626838
19456330
19187466
7743696
10716707
9215878
11154996
11701733
14670998
25143622
19874988
16690709
8124576
10381541
9550589
9780023
9629158
9699878
3543500
15094794
8632719
17656439
2173139
3550806
17159822
3371256
16519010
1570300
2902744
8223947
12710974
3324676
11216651
3574604
16854065
2846785
25222701
14556282
19490052
1541925
7969772
10576604
17119318
11264321
1660951
2249626
7472278
15248811
7004856
1375899
9644944
2725834
12504918
16170326
11777079
9806750
8825349
11720889
3987624
8917948
24729128
19456372
17596193
136341
9639246
11572319
2177855
2460189
2178999
6368996
11036940
6150505
20926664
2394994
216056
17386983
2955444
9529006
11245692
3121933
15591795
14749439
2160382
2992695
8558464
17767496
10871695
11474221
7352269
6891476
15312800
16360126
9366502
21585348
12925015
8642406
10383628
6134491
16673391
2989951
24861264
17125926
15289932
21820384
17904297
369849
24480113
9147331
17023038
12383448
17109827
9489742
7557918
8592787
10792439
10924668
6311357
2256511
