28808983
28542458
28336607
28205632
27307227
26355492
26185096
26064105
26032864
25611663
24694922
24134064
23344124
23331642
25164399
21560498
21481760
20220725
20138795
20016131
16935007
16920628
12450331
11700895
10972882
10781151
10528552
8743935
7934947
6468611
7013893
88366
70254
1002277
4758682
5094870
29498948
29452814
29449404
29064471
28774975
28733387
28548112
28113666
27671367
26935901
26872143
26559950
26380682
26318339
25303240
24794470
23610635
23134161
21228089
20966390
19491927
21585445
18579474
17083317
16901223
16393035
15969730
11531229
10664749
7934950
3365939
626829
331506
64133
1225286
4416211
4132257
4753673
5022273
4870107
28969309
28952673
28824669
28522701
28406194
28280499
28125253
26904088
26617401
26093611
25813887
25480530
25334059
25144506
25079342
25074484
24411182
23909152
23816545
23289045
23167309
23009648
22908104
22651795
22250838
22211867
21352618
21268521
19906600
19175502
19077297
18776895
21635308
16415756
15165554
12940304
11757872
10639995
10139021
11651345
2163367
2546715
2889932
3533889
6655661
90475
90499
678218
1198226
4423724
4540707
5520382
5639150
29658115
29572453
29168575
27917166
27732032
27658902
27542284
27077892
26501934
26308362
26207044
25370783
25233181
24912738
23668258
23128584
25631699
23066666
22621305
22066487
21752792
21073590
20053043
18991968
18492478
17983572
17343630
17285832
16835563
15720652
15219488
14971226
12793885
11122512
10881555
10479831
9184484
7528740
1402712
1320975
2923072
3214366
3273306
2435102
476852
686890
72150
922303
1021092
1214190
1205589
1138392
4336093
5507690
5434443
5788512
20196846
21910701
23635049
18828193
