453492
13515817
9547783
2653332
23194217
6938241
4723771
17113691
5360031
5244234
11799737
19562887
5046276
22968612
22527655
3608062
18835127
9915402
717742
21778847
25670388
17656127
25919752
24642133
15271711
277636
17644926
18242920
16638638
23351758
14505616
16948373
12524609
24370443
7472568
25530277
23453271
22475367
10730735
26013140
20456967
20455916
20219583
25020162
19208014
7490649
98460
2102418
20406280
18992974
5729866
15071886
19246964
9746843
1053956
17416908
14628412
10587398
17990443
27403117
14634602
2561552
