13988221
19362658
14282500
1862154
4683274
23225776
6558531
10362983
10810033
3255731
18160054
470359
2727155
15227898
20885241
21793964
12825261
13204316
15382410
19827483
22275297
21587059
361303
3345881
12085069
8129423
15942307
24526079
18705230
12825260
16304922
18199938
10231508
3380848
10810034
14616394
1392868
8561452
18376648
13336226
16360502
22672196
14999992
16698907
22672225
16802559
19418785
16802561
12964359
16764385
17124820
22990393
10347404
9622464
16896868
17008804
22933425
22916480
10897717
18042153
17228202
16415289
16739787
17001945
21073687
18042151
20409249
8948264
20064022
19096278
19047071
18454833
12890377
11933731
16620260
10421949
10827664
20132247
15867737
21539651
10332667
14960106
18516808
28336737
18156824
15045802
2449315
18042152
18521992
11759612
501141
19594766
17133133
25917621
17577190
14002885
10480980
6551770
27113487
23948800
21323649
20591937
22966096
9128235
3453923
16557046
10929650
8630211
16669305
3893385
9151555
9776850
20877959
19134061
10925181
28182522
22182231
19247233
28043295
6770395
12525906
17009808
8844349
12399705
11746112
11501025
15931144
21968667
22030504
15960433
21233662
23937172
16096557
18795903
23464756
20616769
27185033
12825259
28647345
18300967
24732125
27811447
24713470
14649507
2609944
24084879
6383269
24012216
17334147
22760828
12080760
20171017
17970575
16799184
17319622
15867719
12731490
15920372
19448499
12146181
3413367
9919144
2921710
23183356
14738007
26866869
12766123
2111986
6160364
18713128
15657647
17463139
22030503
1107960
2525019
12533141
27060295
15345169
21385365
26412117
20126972
12851595
22487491
8729158
8540639
15950945
17124817
22652473
26447182
14587689
19052516
22435858
28138126
6381000
15723948
17132956
11896977
6376301
21135797
14048018
25351149
15087593
9523522
9227943
23063664
19747035
26627532
25423028
19648776
21451377
28426571
8129600
8838423
25003428
26612341
2480741
9617206
27089150
23234491
25304141
17655964
19374041
15179416
9704181
21401885
18938063
23821526
20536470
9844165
26740639
15695049
12812668
26297574
15107911
21477104
16550669
23702933
1960264
22074592
26829034
20567054
26852154
18936594
8889865
24608308
8253012
15580387
23188597
18382048
20932185
27129580
19019846
15706516
26505703
14769573
22697584
23702934
19917956
17334144
10818887
26938163
25140592
9395679
6366749
17627194
26910701
3318194
9073148
295289
9867972
18210955
21325992
20126894
2275309
6751018
25541942
21406666
2870315
9325964
10827659
18496083
20011833
6397856
19564670
24965969
17264356
22936090
2851160
10362987
18468758
24051453
21887579
12616519
7661688
21647892
26829035
23627460
9735750
25188249
18268849
12512478
27984270
18405014
7712384
11360054
27725239
21898432
27507780
17287621
25068347
15567771
12579775
17425981
3608630
17925636
27755049
24863321
24278952
10839391
17334139
3911859
22827859
8052949
18382045
21919009
7732100
25560349
23438274
25970758
17572548
10810036
21181079
2031668
10048348
1530811
16708675
22990400
1417023
11905969
22870960
16954983
10069627
26125149
27979464
25891093
21867476
21903571
20203347
15097040
23428769
7748749
22153787
7698050
16447933
16845694
18404562
16048214
18271883
19003741
26829029
17975367
22451275
27836875
24844341
2031364
21241468
14663813
9782957
19370897
9204809
20015436
11387573
2573775
14700290
3682037
15732367
12066079
9867925
3289047
9069747
10417589
9867923
8734929
19952641
17496586
20569031
17117271
18641806
16383040
8776122
3292553
19088475
18785409
22702050
10595158
1740071
12880569
27351234
24171979
9776864
12941721
18210954
17117279
18566934
11186411
27579876
3332675
7912954
18547419
12049311
12851596
16043896
21392259
22549241
27884338
12548416
18668315
8339079
12516471
10887841
17293939
2817050
25948437
12224974
22447201
10515199
17117280
27180994
9501791
3608513
19252457
21403563
18781413
27595936
7706638
15655615
20459600
26116717
10890617
28162861
9487414
20804934
15837639
11998593
24005781
24932952
10148947
23645012
9814147
8202233
24252551
11042788
12034083
15623113
2904896
17558098
12094343
12601035
16802563
3291156
25068231
15228025
17420900
20828686
14974266
19293617
25207838
9451131
19769721
15345179
3537670
26561384
18088577
25868607
21881807
18471254
22584678
21092054
11865836
28635033
26522861
12212059
12921622
18979912
21214368
12080844
8447035
26363805
18847541
26945575
26304292
27746007
9292666
1862156
24866476
26031414
23818296
15099876
11865837
23511285
