15755497
24137603
22160545
11679408
6517541
2587696
21359186
23811199
8079789
27801935
23813470
17486280
1834562
23840839
15996823
2315462
20166986
17266920
3774970
8965720
1812155
16180097
26659868
22616013
15917188
21979999
11421079
19226367
3593070
15725515
10661586
4784007
23840849
9679457
10928353
21296882
2782193
8873233
7750788
24019401
15926920
24418170
2624859
21517855
10575969
20143333
8311287
28287504
12943824
6690452
16984742
21792913
19103604
6637623
15681195
2956208
22906967
6786782
10397872
2484909
2246966
12775561
7208833
1880454
10594118
9042580
25303683
1519427
9514781
19766582
8392060
25308488
2861959
15244505
3673742
18086678
24294605
6863401
9724267
12241081
414306
15558288
366635
25809740
14661862
17563068
17486408
10582317
11092251
10783906
6647769
7687156
24222008
22592774
2384275
19389834
21189469
17382198
22634308
6237375
9244168
2258136
9207231
277217
11678614
7773091
9388569
4780329
23893732
11950976
19427895
16023799
7738412
28552560
1144460
6844557
12017479
25233002
7649925
17012319
794004
7645525
19843872
17762806
28267799
19328207
6641946
18522927
2628152
22820545
1900872
12402241
2336134
3035854
12126928
6289611
6637630
8181856
2629225
27734042
20066008
18469114
23902766
22606219
12525382
7763689
6709850
24430128
7110506
22475801
7991662
15422109
10375727
9493347
17497690
2004860
588641
16007477
17140264
19255584
12656462
24228878
2005422
1522135
3031706
24252541
21034836
28404377
17066004
18191000
2075335
19526285
4044662
8297510
2306030
27622977
15174627
4014661
25818531
20698784
23860249
12515536
16155906
27190130
21388930
27525823
13994542
9417880
16638811
12413793
6293968
7110626
16098029
16327030
11004999
23255608
2227512
25565074
4821645
12963484
16013451
9790809
10863081
441276
21865858
26445438
15537861
4013786
26608911
2611379
5053641
11205310
5300421
1432972
2317083
16918244
21854848
1620140
26534958
24081906
8546861
16749863
16885394
22661629
10852035
7620079
24673154
897084
16955636
26624889
1458486
15310242
25715623
2237750
2762522
19447227
22171036
15593204
174350
11690562
16443165
8374755
21744104
9234964
10731608
12164545
5163128
8470118
22228767
19135524
20277995
7959172
16847060
12811778
10496982
8629514
25631022
273270
884190
10935754
8177618
20816671
17447126
22198378
9867034
11323800
18160403
3760587
7378581
657397
3995913
7389038
6513745
3799316
21853867
16883555
12100173
19795395
2990740
25218502
6641814
18124799
5019031
12547809
16925459
3124953
6599361
13233292
15627522
5047462
2034033
15542051
12184853
24558030
16266268
6650495
5412468
3737888
21276810
23108110
17657780
6736869
24285116
17164295
6682446
1561235
22292091
4084246
28003863
9326886
8348709
20563607
5630811
25044871
6731121
23252463
20268150
8728117
13422440
24452607
18074772
22850683
23713346
21487283
9037024
5384880
12870704
18191194
23288554
22005712
26782220
3928523
2268150
4005350
9419017
2984461
8798843
2645364
3992656
22679757
27271893
23520503
1572910
94823
23609063
19571198
21618722
2543506
18625036
3874001
28081256
19888554
5922974
5168370
5023811
6303778
10542067
131709
1400004
6356808
8791287
12447540
24379352
24471565
11454717
18618608
462589
22745753
862602
14892020
2410724
21804989
89715
5941334
3716814
20268149
22485151
15178469
9406656
7741729
17068635
17250548
6696740
11703029
10777756
10444405
23471973
21148204
8804159
2621288
2735396
7663396
22311417
26002518
23311450
4092070
6912766
1555737
7602469
4050967
7589798
28531100
20157595
16501300
8077255
15777088
18680710
544580
21720999
18682403
14758500
3996046
15057411
20674308
21183487
21282369
6283828
9187662
8185236
7359686
19555051
28338413
23187091
1703050
277219
3936553
26256471
25254649
25445587
13711155
14406564
2096641
18555010
1804512
10677360
13847332
9562363
1283955
23333818
21732174
1516887
4096084
727
22689143
26892511
19637758
1115775
23134271
26747773
11894991
3995499
3012241
6936972
21981030
3904100
15224969
9722044
26558344
11255112
22708124
11134509
7785762
26882249
6637622
7380354
3194490
20415663
5402637
14720293
12655654
9804574
423980
15063072
12467474
25808318
5652182
15947089
16025534
1141087
16152694
6835676
27215468
19833880
3728051
1454877
17196225
21907265
19630526
7272340
16004582
969567
18798471
22057558
22659746
23147640
20427479
6637631
20691600
23090843
430413
