28982869
26971395
27404946
22172413
22202382
19106505
26329368
19396633
22273502
24993497
28039709
22368029
25142842
24304282
19329124
27031850
21264842
27351431
24557418
18575762
21395127
22334453
16733844
26496252
15795413
22287353
20033809
26643663
24942210
23513882
26566626
21940303
23364970
26970343
20740349
27390847
24218092
25656129
22565005
21189380
16965645
28163000
17114652
21844504
23485624
20332133
23207045
25144267
17964998
25003353
20145394
23108952
20883861
24990591
23846929
24782606
18070698
25800976
18490241
22978338
25320512
17620766
26724681
19466878
25706252
23575230
18458840
26370419
19890692
22782463
24183912
22552927
19461169
27806321
28594907
26722041
25483267
22368010
26618385
23129382
24176949
24970311
26722072
19033703
21651462
27568322
28347290
27457310
25421761
23648541
26566233
25283227
21403454
19443383
25012543
25553823
17652057
27781258
18981558
23509305
21632459
20004956
17356952
22489859
23302905
23804704
23422754
22690909
29277822
15169983
22580643
22537609
24493831
23933897
19797415
23920388
16107244
24648927
28546521
24701416
29058097
28052652
25538401
24204159
19774210
29632638
29578172
29329598
26880889
29455269
22807624
26451083
22548042
26251608
22083195
28877045
19236713
24216699
29466887
20047861
25954623
29255770
23647293
28078129
15298722
21789119
20331897
23268038
19531544
27965933
23275780
14569846
29658816
28078107
27563439
26677336
22042017
22045524
29451302
26789111
21472206
24674408
27198186
28708307
21937377
29547556
22096760
19101138
19223734
22893596
25434449
24417697
22202360
27754528
27049350
21395357
23225792
29453635
28285948
