11050261
16035564
17709066
26765427
29113981
17994396
20942281
25061277
22594096
27522988
18254089
28137226
9528158
16675332
28137526
12422290
12725580
12109340
24871653
14563905
22732637
22513958
22336841
9863091
9206238
15250203
24660603
22403504
19586409
1498533
9863095
9772599
14714359
12872394
14720270
24187867
9387732
7841753
22650140
14698517
12575553
14571615
10366258
7437260
17578314
16398437
10322818
21910341
12577372
11789166
16846448
8363267
15307697
19947260
11038995
23236769
16619360
14571623
11783305
12117049
23743163
22493927
16689010
15693916
25845224
16159618
20073218
16152836
22097202
26946616
17186726
17214931
23967631
15644155
17374147
21614939
29390493
12575373
20462055
19821718
25842724
17295384
26159012
21823274
21434340
25954025
17078436
18290981
22734375
17205817
18173144
27912950
24941835
9116877
27473604
22237273
10799714
19295428
18219828
19534611
11416076
25269403
18417053
26666732
26492938
15853441
19026026
12027069
11783144
9387729
21514123
12859442
10322844
29210124
11783199
20953385
28740537
14989395
23818206
18450126
20642207
27059486
9691646
11926620
25881462
17297618
26155078
28167467
16169693
