29644553
29619668
29524110
29497894
29476356
29460096
29417315
29380105
29372463
29299727
29280030
29264789
29214413
29086099
29064009
29064008
28988343
28983736
28929329
28929321
28905164
28884408
28864851
28856478
28840406
28770358
28752198
28748498
28710542
28702880
28623424
28597126
28551778
28550648
28540474
28391539
28120285
28070760
28004211
27896538
27896536
27738831
27709448
27699514
27544533
27535278
27461269
27251152
27230258
27226080
27188186
27179798
27165500
27147064
27107995
27061578
26972807
26946426
26946425
26898908
26898907
26861154
26700499
26666543
26620807
26537707
26520638
26518772
26467937
26467936
26386597
26374741
26342294
26342293
26205167
26177801
26148559
26130126
26113060
26026723
25968176
25968175
25968174
25957084
25903163
25837965
25796396
25784366
25784365
25784364
25773755
25773751
25773750
25720825
25687167
25630563
25600296
25527371
25527370
25446306
25421785
25377535
25366554
25354993
25354990
25304693
25248975
25238720
25193742
25154553
25154551
25064617
25064615
25012051
24997743
24965263
24916994
24916993
24848607
24840229
24838696
24802287
24791704
24756374
24752464
24687624
24671603
24553905
24519551
24337942
24306355
24243033
24233192
24197389
24158434
24146047
24142267
24092049
24078008
24030512
23903959
23887883
23880894
23864234
23821244
23756781
23740041
23645505
23546766
23543123
23543118
23532745
23508328
23443582
23435736
23407905
23385658
23354985
23354984
23291877
23269612
23224516
23184355
23117251
23086285
22990371
22878939
22875407
22868948
22736188
22722952
22711586
22669357
22623145
22618853
22539240
22527209
22451239
22426770
22392589
22392588
22388767
22350223
22286719
22286718
21964902
21947790
21938478
21874561
21874560
21842237
21805167
21779852
21710259
21701914
21681546
21674217
21674216
21671079
21553297
21547663
21544599
21487957
21461943
21448741
21442261
21431409
21337033
21229294
21203801
21191632
21188480
21120588
21061046
20960034
20878543
20830507
20730597
20652369
20640879
20623324
20623321
20602251
20574657
20571880
20567998
20559687
20549309
20526800
20495952
20352298
20339902
20306287
20237824
20191377
20191376
20157845
20148289
20091091
20012885
19967428
19957020
19888660
19856208
19813100
19760105
19728117
19728116
19669411
19657715
19653107
19649714
19639387
19629723
19533384
19517256
19504049
19495998
19484363
19350399
19296062
19288215
19274481
19189221
19184464
19109758
18941906
18931923
18814040
18780149
18716885
18716884
18704705
18704703
18553139
18551252
18509728
18470626
18415687
18409007
18409006
18409005
18404406
18322807
18095172
18075776
18064528
18038248
17987393
17985199
17978852
17955331
17926136
17926134
17899399
17668279
17641977
17636413
17569014
17565446
17505896
17484029
17484027
17380431
17334821
17334820
17318337
17279454
17186400
17111250
17111249
17106762
17106760
17072539
17048084
17048083
17048080
17031520
16858618
16835721
16826453
16819591
16736276
16721635
16721632
16685585
16649072
16547835
16547832
16518679
16518677
16450205
16450203
16450201
16331432
16331428
16284872
16284871
16284870
16284868
16283479
16283473
16283471
16283468
16283467
16151882
16151880
16121766
16121763
16121761
16121757
16121756
16119434
16119430
16080595
16080589
16080584
15971506
15971504
15971503
15971499
15921047
15921046
15921041
15921037
15921035
15792285
15792280
15792277
15756906
15756903
15756898
15678790
15678784
15648597
15499892
15469040
15469039
15469037
15469025
15469024
15330136
15330129
15330124
15330123
15233324
15233320
15233316
15233315
15233314
15180109
15180106
15180101
15117115
15117114
15074573
15074572
15074571
15074567
15074566
15074563
15012027
15012024
15012020
14758872
14758866
14620945
14620943
14620941
14598933
14598921
14561054
12974558
12974555
12974553
12974546
12974545
12974544
12952139
12952134
12908727
12908724
12908720
12908719
12908716
12908710
12889694
12889692
12889685
12889683
12803367
12803366
12800955
12733841
12733831
12733829
12705628
12705618
12705617
12530774
12530772
12530768
12530766
12380720
12188012
12086100
12086099
12086098
12086094
12086092
12086085
12086083
12086081
12086079
12086076
12081107
12081105
12081101
11949733
11949730
11949727
11949725
11855582
11855574
11767964
11767961
11767959
11767956
11680550
11680546
11680543
11680542
11680541
11680539
11680536
11599695
11599691
11599686
11599684
11523584
11523580
11523579
11523578
11523577
11523576
11523570
11484811
11484806
11484796
11421482
11421480
11421478
11421469
11421468
11338127
11338123
11338119
11297230
11142507
11142505
