3009052
17264181
9640418
7062507
27986873
27978903
26407472
7996355
3047703
9694604
12533057
27737902
935296
2738012
23771444
24670085
10406499
2367614
23485687
27464539
26274344
10417971
29306912
12952368
2052129
11928526
23746264
28869004
23238876
6305072
29275606
16792464
14614652
12519855
1299002
27409817
9442811
2232493
15205229
25848109
24228086
2160871
904464
11517960
3790638
3981956
25900718
2549110
3250858
1930881
2720002
25517491
24482099
9311711
24628557
18309452
28535898
7832570
27992961
11285051
10985015
3157722
23943009
27474623
26542280
25001951
26582653
9877091
10404922
8796962
6088157
25183175
162498
21681089
7307283
9476743
16288435
6499211
11886695
26748233
26707659
10435857
19191977
18057379
8768846
12867337
10437679
1745698
2367600
3648842
9646945
24533697
15829119
27287747
20934852
8140329
28590450
20213635
20868226
15558147
19181451
25183188
464538
14561437
29094256
29375480
27034666
11397970
17294357
11020458
25030818
20427503
17069862
27346850
26760321
28012663
28247215
19229409
23228527
7878752
15717651
3955322
24239822
14503996
7878187
19943118
29054542
22713862
16322385
15978551
24077112
10700693
7267894
20702648
28572056
24423285
1893018
6784981
8872974
25030675
29559315
21367926
27925052
23605695
23480295
25129731
28538804
20881060
1876636
28076502
24936731
18583623
24936553
23512383
19835766
12970280
12689470
22270871
20829632
25317999
23333254
22522271
25310159
18409935
7720227
26119850
27209465
27318071
25571968
25504409
28832841
25714689
27925041
12612299
10839766
26593966
12903474
25306998
3534710
29160374
29144801
27749810
25054876
24679777
12364432
19802700
12852203
11798083
21279933
18957506
9075604
27160717
24803704
8847163
2063022
26408387
26987065
26228563
26960087
22466318
4257980
25537481
16626924
9629768
23094525
15638298
10349032
8345405
22851491
16839852
16487446
16014408
14725690
28414935
24819158
15472193
27797672
14647665
25740282
27980758
9589666
27336356
26016937
24949639
7663449
8299710
29150112
26248856
26091579
29574483
23856447
19685191
17174290
17150232
11924933
10217845
24062770
23673515
21988003
21932176
20353713
9528907
8389960
29256174
26584998
16218046
12915630
27639100
14594109
8177476
28941959
15296471
8821197
27224558
25627266
22723323
21381407
17284636
7886820
27692397
23049449
16936930
24194047
17977377
12286952
24565096
10904274
26217205
23468128
19898997
19490798
11275945
10634358
29675765
26196950
25054872
26061574
25498678
25624013
12679438
29180920
28458898
19820036
18334594
17408017
15240613
15260058
23906954
17578073
9614622
17698908
15807206
10634361
10468994
7933817
20960878
12422539
12817531
9754410
25223824
24255624
10778201
25603357
9429858
3025905
6758870
26534556
27261763
23049433
11395340
26534671
24906779
21752886
27127913
26108032
24952218
23594269
11701701
11095438
20549023
17347614
15764072
28867234
21856594
12765924
27639583
27680178
27259502
22190002
19240150
1484917
26884297
19300426
24002952
19465106
10370729
7607605
504831
18193612
28658335
24790531
24478612
26519585
25841368
24484767
24065944
15143311
9235015
28939357
26647799
25522690
25149200
24928475
24919045
24711571
20126340
18560255
17223996
8106608
16252817
10886893
2754779
24072089
22542296
1863321
28205302
16149638
25725895
15129653
19435823
16430724
16108840
29264511
23505190
20604723
19365148
15115251
9509067
9467539
29335154
26697902
26080483
11522047
11510428
2397250
27737381
16429205
12220417
11543979
10989781
29079331
20409908
1740507
2151615
29165508
24676122
24750942
1652880
28007845
27982343
12480378
27201739
12446402
26099241
19797503
25639313
26813966
29501769
27993049
27020252
26205163
15008243
29549601
25639315
23718899
21623453
11473590
9044443
24325108
19928449
26170902
9709931
24624040
20169225
15369156
27422484
25511005
22483901
18390151
17713139
16059617
27224269
27188585
25639325
15083786
11048592
28658350
26347200
26098798
24507482
23296227
19607750
18954974
18209856
23041080
16981651
14659776
10224525
9378411
22936151
17351175
18544645
29587720
28380332
27542868
24829921
27737777
23815171
29095379
18278338
16767320
12743504
17057912
25081453
15634175
12843864
28208654
26698199
24690431
24380693
24013376
23807605
20084308
18413121
28538283
28130130
26248813
10022398
26525686
28234335
27800415
9720852
21845336
22696666
15883715
26368624
3428315
27836565
26555881
18974229
18376574
16981029
14685598
12131982
11820976
2109519
2699787
16502368
10727826
15177215
