11131474
20479453
23067345
7849973
9542985
24762149
25029838
26199034
3609986
17143603
25475032
10063978
6882166
10609706
28295608
22807070
16764799
17553919
3108262
23274757
11527028
22749985
19336810
20496024
20460061
20864856
16506237
19232452
27031545
27810021
9194235
9104042
1686432
8444912
2253166
19672591
26776564
20214853
28249977
17054882
15818652
26166410
20964967
11774145
7787980
27837053
3224903
27089717
14992704
7593056
8349215
8913160
20048099
3601834
19353549
9257037
26709556
912981
14765865
16287922
9347297
17901347
7294591
3449304
24701757
10694025
27846395
10063974
22986802
2432807
10423942
12594350
10710258
11777230
25073945
16287117
12510086
15589437
18590892
1355770
16257681
8300659
2015527
11216683
16513397
27121777
7951939
25926521
12095118
7839171
9232494
17908834
10694020
4028494
2946398
9043883
23943654
9498581
8075757
13307540
11568193
16789462
15479752
6815038
11354444
14996873
12533549
8792510
27031047
15054302
25261086
14730409
10336306
6422532
10808968
9431608
16380749
9027123
21614474
18587502
7319431
9127114
7776207
1430837
23536507
21965581
16399552
21733436
7319433
893974
8831893
23521459
16344914
1773996
25575356
6735289
4077907
28394689
24005206
19505640
9467193
23091286
9622424
22900256
19083647
11128012
1352474
25740028
27939621
24249539
21733435
24209722
11079580
20495803
18173989
10509680
18173985
21276564
24958073
7787974
6718710
22541526
8318956
21972766
8919618
2953741
22760387
7276451
20716191
23433791
11206819
26160386
11232404
11932601
3774643
8574373
19999879
23118573
8829034
17234068
10195291
25472622
6224230
29252740
20935245
21853902
23965709
26276134
17296146
29234466
21150151
17768183
28336190
20676022
27085669
26435086
3706871
22687528
9269356
27344052
27188696
7998528
21262576
1619232
19222363
11385919
25631196
3684806
25848134
28166136
7776208
12118826
27009063
22326015
20307426
12679846
20424406
25426241
17331874
9347242
23804598
16330511
8422881
20479447
14199108
17145469
9429877
26979844
28587475
28335610
26159822
12838065
27852647
27762622
28079742
19083618
9763174
3403931
11642533
3432608
22835395
25721826
7081526
22173256
17331866
7599617
2338478
7226608
20565825
18829931
8156292
24751210
20727314
482841
16510808
10653360
8706568
28462686
15363379
15937710
20654999
16903154
16261286
20663425
23900577
23050703
15173293
25948692
26633817
10334699
24501013
15958910
16221451
16331027
15574236
11484100
14566720
20643550
18083661
29384887
15737253
23136308
12095117
21059332
17257547
18789728
21322394
9352552
15574243
21619934
9470113
10063977
6429020
27053404
17956067
15805202
16988848
27030230
17768195
18065866
16906065
10101325
26147127
18056010
10792474
23624909
24504425
28231963
24832713
20676017
12627623
23391630
11991482
6644695
21478665
16613743
14523223
11036844
20549853
19796585
21972760
15689873
1609010
10804416
8853172
19448171
1558241
24413574
3962642
10413002
21734940
19335243
4030856
9807706
27496717
8294757
20473172
14705761
19627897
8857783
16498185
28242800
22265450
21664836
22588694
24054856
16531704
16399555
8614726
22735199
14649360
27447825
26215553
4008298
22735319
10715334
23949192
25274783
15124955
14746429
9921767
23371045
11527479
9768885
22505703
19356353
9086719
1483605
18315968
637429
28042751
21926876
22744816
16820989
10800275
18245603
1748694
25638776
18778669
6208876
11232394
28306181
11694426
20157812
11274841
10209803
21822188
15936379
22310424
7754020
15710126
27383880
25887831
25785467
25418024
22735202
22326003
17144949
7754895
24026392
24167367
12199383
19449001
10820300
19232971
25041810
11208225
17144948
17144945
27245490
25037708
14705220
18946613
25805439
21321364
17507526
8616287
18565251
22096012
7930967
24109657
16625442
22024638
8751679
21962382
23291556
14748119
16766363
10565646
17378444
27745968
2731832
21302869
15753878
11103761
16331376
24379452
3182125
26502417
10036697
22425071
12701077
26922670
18442454
9694124
16924178
8245193
15722272
22735324
2044506
24807846
10353774
18657734
20177839
25096320
27450672
27632668
1993719
25712120
23386770
7586791
16798513
8083273
17559763
19966560
20851002
23731941
7141354
8491425
21354007
12429762
3731597
21172641
25241041
26303219
21274710
25967256
22377805
12525939
2229914
20134217
26232175
10884107
19568010
20637657
15130901
9828470
15792211
3692793
27053405
15590857
28276650
8980838
10535589
20044680
16095212
16506473
25135105
11249219
19339569
