18522879
16385301
15132904
23434857
8926572
23203906
15040038
29319618
26087385
16797372
8041150
16691637
9285225
12948022
21162964
8977251
16162106
15760550
15629094
29665932
16961296
9244149
23956428
10830215
12880576
15822594
15182645
15230295
22694937
12718766
11112025
7751633
14614165
18089400
10880052
8693551
7526493
9326417
25896473
27493112
17353791
24349559
17989614
16123724
10520601
7533346
20808263
15742417
8661218
7536798
10586079
22036611
15561274
9670855
28970838
14627915
12799049
26672908
18374109
15146424
12182466
9127268
8683104
11884927
10401757
12096784
24295474
23286949
16771856
11330546
15807196
9257832
8871673
17496544
9366448
8228826
10336035
9884287
10401769
22484582
9422395
19665867
10422563
8690920
25047146
16756567
27184870
25269023
15257039
15288470
21776443
7731152
24120418
22131334
8889989
7679425
26409459
9288115
25299180
16698663
17214702
23480191
16891217
12181799
7762068
14642129
15155072
9548454
22458552
19930661
27507323
27288533
25786871
23433910
21945736
16200862
10943858
9133464
14611905
12515725
10799887
26940199
17114440
8892617
8878397
8819793
22759373
11955404
19362742
17983390
16518541
9422396
16546089
7515723
12101428
25177863
18580521
11060799
9238056
23018459
16198253
18452240
11207238
10732699
9317105
7594447
12461578
26605013
17270704
8558006
10849475
20404834
17924973
17482679
26928966
28469082
29456655
19262560
9422425
18250031
11923251
8228824
19966213
17175250
16175605
12589145
8206086
18794494
10515375
12665422
21545583
9665016
21846291
15028946
8990393
23559896
20443189
12678968
8091487
26297802
29500936
15381202
7964482
26608857
24989298
8016872
9434800
9379015
10918497
7678111
22781462
25541299
21259404
22526360
19915057
19037242
16475216
15087760
11821746
8609241
18611225
11548844
8603819
7585970
23549103
18074399
22321003
21453156
18568645
9533932
8892665
9112357
18049125
14558008
11773899
11810061
15621570
12683549
18020496
9233722
25860138
12107727
10440403
11160198
23045162
11917801
7529805
23895495
9596088
15793243
9164923
15960444
17960657
15591946
20874646
12468880
17917261
16641148
16387143
22936302
9721153
8625979
1714933
8901600
22179404
14504180
25838268
12727480
10736090
11773895
7523517
22336520
8739564
22536543
18509975
28962099
26968452
8623206
7543497
9741460
7535644
28637095
25989700
23326509
12389644
23855587
9422428
25407554
1496399
29520267
18081708
11841624
9616202
8878391
1385153
19519590
17667811
12115176
26377835
23915385
17037749
21094853
22878670
20332344
14551027
8648142
15552529
26332491
26212105
18816483
12792495
9701263
22996325
12923433
11402302
10712436
10586070
9114052
25374010
11435979
24598665
14557758
11344387
23860089
1385518
19957531
19426230
22155494
28978798
16995791
16970681
14579030
11810051
9573306
8699332
7504299
28148840
9036947
15756499
20533540
15322217
12446456
11742276
22585421
16871229
25484062
21242693
7514125
22507909
21532411
20805386
20620534
10604996
18718877
18589161
16454732
12133354
7545666
26679631
23340277
22713982
10075111
9930310
19068196
10573075
27893611
12394833
12013505
10868653
17404488
28134083
17940578
9862666
8557978
11874822
8921596
15707394
26464312
17009234
23940724
23872146
22213107
12884280
10933961
10901605
10452966
10436391
10078573
9758890
9036995
8617317
7504292
26783747
21487894
16698321
15905495
12902462
23638995
21992708
20521303
11168632
10755517
11134274
9849050
9614550
9032309
8898940
8642061
16409867
27861289
27662596
12167123
15925532
10449170
23680362
17179677
16172135
11506200
9014827
7515331
8395547
14978974
12883212
12939307
25719262
12368911
11282992
9407517
8932776
25860995
25498102
17705281
12799198
9862327
9344345
12781060
26990829
18667318
16052908
9712028
7550348
22997525
16766771
7998114
26322044
21705616
15808673
15730680
12231173
12098061
12218160
10337914
11685115
7636232
7520604
10752534
19545745
9386972
8748333
15954440
25727069
24842641
11301194
8046343
7504294
16507778
15451453
14511242
11238045
12518898
8245449
20703487
15833145
11306013
9461193
12045261
11823542
9175811
8270872
11332632
7636225
12591485
11250209
25313200
18846007
8970603
20692420
19667932
10498626
17339493
15716079
12543104
16768154
18400329
16148116
28601686
27931590
15239630
11455274
7867078
7889399
29259723
19342956
12694060
11123268
11738821
9418127
7533208
7504059
11680567
10974034
8751584
23637380
16113966
11266978
10455927
10225963
9123180
11523116
10083185
