26791180
17069784
2144941
2349916
10659897
20943795
17413110
12878373
12540389
26701797
21173413
22282329
25164946
25527759
16713398
25124495
7619928
15585763
20219966
21810709
15664303
23546563
16469979
11839624
20045147
25787996
24970268
9701685
25626431
25784660
21593500
23801797
25646338
16497090
25210201
11398173
23362303
21285402
25733475
16581239
18237575
24685927
19255861
26195495
18006923
9850131
28298293
21697077
24418166
22743310
25378659
23487436
20630734
19864410
19303975
16818809
21518693
19056601
25159901
23535901
23525429
23097270
24823311
10360816
21829377
25107579
24113325
9164268
15824175
14552672
11257065
