26645312
26082625
25329637
25116878
24100127
23936044
22706835
22204723
22075527
20216073
20040086
28464943
27348249
26828609
23302262
21645350
20623772
20007555
19460658
19375065
27419873
27180916
26886521
26311748
25970247
24958233
24679062
24679061
20547548
20231321
19878554
19741062
19073208
26330567
25901453
24904018
24503241
23883377
23868858
23803136
19460078
29653464
29653384
29651623
29650248
29649151
29648778
29648602
29645038
29642679
29642137
29641169
29636296
29635391
29635273
29634255
29632653
29632486
29630133
29629903
29629155
29624806
29622587
29620181
29620168
29619905
29618787
29618578
29618200
29617867
29617274
29617003
29615741
29615114
29615065
29613813
29611280
29610963
29610575
29609177
29607165
29606499
29605640
29605408
29604672
29604542
29603493
29601046
29601041
29599946
29599530
29599236
29596602
29594542
29594541
29593968
29593568
29588597
29587456
29576978
29575217
29574393
29570696
29569157
29568940
29568301
29567231
29566488
29566369
29559896
29559784
29559605
29557450
29557245
29556372
29556308
29555965
29553499
29552291
29551991
29551940
29551503
29549041
29548303
29547514
29545562
29545539
29544524
29541470
29541388
29540738
29539429
29538427
29538087
29537390
29535385
29534107
29532311
29531194
29530247
29529995
29529364
29529288
29528348
29526355
29525080
29523013
29522937
29520745
29520080
29518827
29518718
29518319
29518038
29517002
29516974
29516965
29513105
29512752
29510620
29510553
29510487
29510478
29507625
29507324
29504061
29503406
29501890
29501882
29501495
29498905
29498672
29497168
29497128
29496482
29496165
29495240
29495218
29493092
29492964
29490669
29489007
29488640
29488635
29488214
29487925
29486221
29484379
29484349
29483834
29483287
29481756
29479583
29478747
29478642
29476189
29476051
29475734
29475607
29475062
29472336
29471520
29471445
29469874
29469671
29468611
29467919
29467509
29467311
29467299
29465562
29462145
29462128
29459512
29459225
29458780
29457406
29456163
29454984
29454414
29454409
29453185
29453078
29451132
29449294
29447221
29445417
29444903
29443496
29442869
29442509
29442137
29442007
29441377
29440701
29439556
29439492
29439040
29436249
29435145
29434736
29433900
29433858
29432898
29431765
29431569
29430375
29429172
29429167
29428005
29426536
29424838
29424525
29423263
29423233
29423075
29423005
29422968
29422885
29422525
29421744
29417263
29416807
29416596
29415164
29414842
29414177
29413921
29412803
29411599
29411155
29410429
29410058
29409493
29407820
29407210
29407192
29406349
29405491
29404643
29403084
29402844
29402364
29401755
29401713
29401271
29401049
29400710
29400050
29399014
29396049
29391880
29391874
29390586
29389698
29389592
29389583
29388711
29385803
29382937
29382859
29380690
29377122
29375677
29374678
29374565
29374266
29374000
29372203
29371860
29363984
29360856
29360372
29358051
29355564
29355313
29354018
29353137
29352921
29352576
29352446
29352170
29347906
29344750
29343981
29343850
29343786
29342994
29342192
29341769
29341704
29340100
29338092
29337929
29337370
29335338
29334358
29333959
29332987
29331977
29329033
29327931
29327475
29327472
29327157
29326622
29326439
29326074
29326073
29325932
29325710
29325505
29325283
29323679
29317596
29317181
29316671
29316390
29314283
29313598
29312900
29312643
29312640
29312602
29312174
29311935
29311896
29311782
29310694
29309894
29308519
29308476
29307687
29307555
29306933
29305298
29305215
29304735
29304378
29304285
29303578
29302943
29299635
29299129
29299043
29298779
29298658
29297826
29296481
29295937
29292054
29290948
29290421
29290177
29289573
29289552
29289261
29288348
29288039
29286735
29285847
29285269
29285177
29285155
29282857
29281787
29281032
29279404
29278921
29278736
29278445
29278309
29277441
29277230
29277185
29277035
29276496
29275580
29275569
29275273
29272722
29271161
29270067
29268187
29268129
29266131
29264822
29263324
29262880
29260183
29259317
29259307
29259219
29257343
29257162
29254304
29253734
29253132
29251086
29250951
29247583
29245987
29245732
29245089
29245087
29244232
29243151
29240150
29239562
29239096
29238302
29237378
29236778
29235492
29235297
29234349
29233746
29233130
29231945
29231480
29231308
29229133
29228265
29226692
29226065
29221350
29221207
29220326
29219535
29219495
29219084
29219028
29217787
29216631
29216517
29216092
29212265
29212160
29210618
29207610
29201548
29201218
29201181
29201050
29199129
29198827
29197814
29197731
29197627
29197594
29197393
29196816
29196641
29194373
29193611
29193225
29191973
29190301
29189741
29189011
