25232290
25286988
22942567
9275382
25730039
27457448
23981758
27587294
23663176
27467001
19837680
28597968
10807793
12384939
29173686
2075828
27053370
25793047
25536725
20138157
28971640
19373257
15024744
22453916
18035151
25582998
23973724
23588594
29151129
16614989
7952633
19119044
3450327
21246368
11313758
18597091
18843775
18609258
27125729
21562927
15020340
25202401
25937800
25648235
29203393
22934972
22532615
21819621
12461684
26892483
22953644
20437121
24965843
23847694
22351163
18177471
28573371
25393764
18403822
17005326
15122067
17195238
23227333
15903027
24261764
20669279
19755381
24564907
23436028
19026701
2793680
27994174
27659338
24862656
24009456
16951489
1890771
21623663
17454935
16255051
25703702
23297013
20031469
24980720
16439335
27621632
26360812
24797171
29314663
19714479
23010357
29600428
23360841
18984609
24929125
22451026
18061974
12905488
28690860
27899005
14727457
10666224
11908568
25413357
19479870
25810876
22960328
10842288
29490685
17665427
28466819
20224922
3804929
25643856
10887141
24661635
1124886
19026119
4030575
28340799
24064016
14514692
17489852
15674370
11802319
20518828
29148036
23031807
19579027
9389068
21615705
23325590
20645115
21231959
29101676
23505242
16403826
15958759
2462389
28943464
25394530
14679589
12105243
22580583
19784369
21153919
27299947
26543317
24251727
23898394
28367474
15720244
24940862
23053724
22207183
19210876
3597280
3708185
24071932
20483145
18219832
28590056
23269568
18328141
28483595
26399837
23862117
23592051
22810105
20485448
8417938
7204175
29178647
25449140
24712487
21294448
18648395
17067442
20151816
6498111
22614345
3561970
19397405
6622272
10818206
26176758
20828792
19253030
14727057
28982344
28800602
24469716
20534143
1885453
27679472
20041150
2611953
24702757
19466506
16730661
22771921
9851884
29040788
28197346
25292286
21385537
19449169
11212154
26983397
19473580
11484206
9098707
6869066
27364639
15481855
12168253
10667038
11156548
11115844
28781304
24301775
22705602
1525922
23166428
20533539
23861027
26388199
29218063
24718488
21789721
19675583
17949559
26457478
23716950
10211405
110758
25727825
20306331
22905681
19820675
19262573
14636645
9668175
6350246
20602240
10980540
15529356
28289585
26131005
24668705
23038988
21901355
12929299
3105374
23226472
20937419
20165923
18662100
3360090
27513391
21194173
18177465
16273767
21776013
18691160
29642170
25318808
27733942
12687559
26400644
16225401
12966608
18028566
28386255
28165838
26690517
26003477
25604326
19479871
11938447
1563504
26071026
27473114
6216870
29031862
27681353
9032188
2063693
12924509
863823
26247045
25539535
3396619
27059542
22337722
16245224
27791953
23602951
23508419
20217092
18351429
17276496
12508410
27225717
17566872
27791951
27181238
19863562
16439437
11157599
11017802
28207965
26486615
18496034
3766205
17520284
7353974
1033933
4640957
15140375
24592325
24424166
11775859
11464238
4053712
7271061
25708585
29260407
27150194
22019805
17329916
16707534
15018633
2397538
29579081
27796522
23206693
19465590
16041981
2394142
11139244
861421
25626331
24381109
21598806
17052063
4077782
914724
7061290
27143975
22505824
28539550
15071491
9272933
25974247
25800639
23149636
17711558
8513670
20044784
18576390
15247198
17102945
23056796
21413889
11716170
25887307
23015306
11454642
10364520
26078663
7328805
24598070
19489440
16218464
12693796
10737995
8567533
25261100
22019429
18651363
17938136
12401847
2365348
27310037
25959027
5409799
9878974
438028
29042872
29017770
27942211
26108321
15667491
17469185
4716150
24289199
18389382
2748217
5771195
6846052
449134
5564371
27956278
6518932
24765296
19998717
24583586
24533551
17111710
11464248
20868574
16118480
10854115
19888326
12700594
2318774
28154935
22730186
18006045
16627024
11977178
9389015
23633568
11452963
7128359
7255961
26487349
6537339
15720243
11470495
20890251
23428500
16574623
11153034
9758573
2327637
3169216
23009752
22487161
21284530
2927972
3623536
7298212
7434303
24433404
17067427
16523438
20301405
20356777
11132099
10611954
7365998
25970069
21978701
28211254
10090880
7701289
2306966
702963
24233262
19777236
16142154
12567388
7227112
23800337
18300119
17473509
8730012
7053770
23461592
19796529
18511900
9450890
3902376
22318840
20177433
10787450
2638001
3934495
16762167
10447272
3262488
3722051
29526329
3743283
25036284
23844200
17299253
12563686
12371631
10787449
9325049
25970067
15077326
12010946
28001092
11729572
21179105
23427527
