11961741
11957202
10346099
12738697
9411903
25793034
22408082
2256044
3191655
14712754
18657812
23417687
18854446
26543165
25513648
25978004
15879037
4031345
12047669
23477883
18787595
8852018
11962823
11859790
10482084
10504838
25698498
15023221
19470425
24634045
10915438
15446698
24107330
27138981
8382093
25118859
10662154
15932648
25047595
10750226
15530759
23584350
8606141
11040721
9229508
25229332
27346056
9323776
19458805
18019824
22193818
2355755
11154683
22715133
27637552
20690460
27741943
20432859
18320749
8455854
28126865
16336857
10161267
19899662
1575859
12429668
12806668
7743418
10316172
16184892
22699195
28692138
19029356
10715933
10367204
19095147
26906756
24156183
7210308
4078205
25807618
7328200
11798371
23766068
16223226
21556899
23034789
9839061
21997893
17764023
11894251
10108405
25408285
16936620
15669535
27899090
10167474
22283067
22435531
25513649
19550165
496344
264235
19197680
11957462
12557823
11966087
26019068
8559852
26574564
15366278
18770969
11043000
15261002
18064855
26665482
26130545
10316379
8730902
17354155
24156185
12195860
19951859
12747256
11855000
10169118
27230247
22030647
1877183
17546915
2246091
27790889
28189507
15317303
28292563
2057403
19914516
17933083
14515919
23097862
14702431
8173150
12928472
23547504
12154693
15326821
19536964
8066504
12856504
11954443
15852075
17334473
25433351
25379842
21879363
28133004
24966009
20065277
12675545
10351259
25384822
24919274
8009457
24610580
23517462
21272547
12192344
18316866
20544410
1729997
25986092
24857139
2811971
15946388
27790890
9741533
21076001
16881276
10964180
22447129
22592971
24976348
28502847
17147799
11775928
19164328
25608728
10313394
23208478
26304179
22014191
23044357
16608095
19317770
10135264
16886790
9560090
26412408
12373637
9839044
27436373
27927813
6838785
23446055
16281977
9257405
12617005
10124449
11157462
27581870
10312704
1891573
3227365
23405779
2347446
22983471
4049198
12362710
12901479
11915527
20234217
9629116
12396658
9183973
16134875
6889203
10174610
11490668
15775732
20670266
23169393
3816688
15911058
12804347
10897704
12235914
10160860
21328715
19402885
23508947
24088218
26665476
20423480
3391360
25539055
11268228
25743403
8582560
8211271
1529649
11124201
10185643
23283049
23802402
15002240
24602375
18771435
14640250
11345875
21088819
15023220
2362021
28569288
11481892
27422391
16869522
16617853
11859638
23383630
10987783
12510245
16306278
3773294
27694660
20214700
24645365
25010860
11934932
11147481
11436754
23591034
7619583
20519729
27487591
21943328
11059248
16078798
10068411
8542564
28624995
27090259
27101659
23433217
22156318
28744891
22420355
10451601
19940567
449435
10067591
22795
16308808
21923675
1802103
10314545
10068708
27084439
24599731
26388551
15669748
7951453
12703881
15185588
8604430
10179388
10140215
26740605
8472088
7987513
25818268
9248397
19919583
27649794
21033544
8857768
17411594
10160775
17176711
22713110
1741636
21570006
12506432
8189370
11699509
23474840
1961821
18634638
10165812
1791816
18482116
10693730
10161288
14956232
1304739
12168433
27332157
23393862
10161062
27444777
14423720
9617164
21694559
15049251
29138140
26424056
8302106
11464417
10168800
21958019
2716716
25771642
27275828
26163111
9656038
8980217
11234713
27288687
2973211
27039083
15098263
11302292
8231942
9238344
21866306
17876374
25963864
11184410
8029767
1512528
10178492
1616411
8722210
3448225
12632582
12152527
8123367
19341474
10316365
10402580
7121902
26333634
8322330
23094409
4036190
17468736
15587939
22010568
19403785
21875836
7916813
8419853
19103886
21232826
12043334
15203840
2247847
9465568
16625879
24887459
3830038
10161233
14988943
15646763
10316359
10135265
14650075
13807947
21728071
24180187
17188394
19999699
25501770
10160896
18197579
16149695
11556417
17879421
23244390
7757906
10808786
24749217
27288874
2050825
12631427
20013859
10161384
24842679
16918081
8826364
9143905
19182216
10558278
10859620
1565604
10118539
10467856
10539044
1932166
19492191
23162917
16001534
17474551
10160655
12520791
24387322
26677519
2363028
22957370
11233355
24288901
2734628
10349266
10539235
23459836
1557740
20839514
25621813
26172850
25941177
1195032
24655917
25316300
23860390
12617056
10116083
11704519
1743960
19622272
27005838
10467847
12811864
17932018
11939386
11143876
26136596
15185240
12043333
2268823
16965219
15304231
17130980
8686984
7650504
21366103
17683618
11481893
11954477
11009891
9404335
8040544
