18115387
15433915
27865428
23576248
28512764
19853253
5143384
6575846
19108913
17970710
1819472
8702392
19150443
16500635
19643547
18704736
18503762
25039001
984082
8074708
15149868
11105451
28096127
23122967
12633766
12964815
15694695
22523692
21431274
19767480
6497060
27372863
19248222
25261854
18206177
20961187
7346761
28012919
18759683
23362855
20949363
7097665
1389295
24280342
24228251
21986159
15506694
12672506
21484479
24384301
24362269
18812619
24847844
24524596
22180369
7612018
7735139
8012279
23252979
17823869
23206470
22383913
24225313
23492566
19409454
7769229
12208147
8954999
28527897
22580538
12080072
27451002
25801214
24620935
11380026
20926471
26230588
16475910
9627093
12427487
16006255
12072157
20659351
17632094
15878361
19902024
8635666
19420913
16018994
15894431
619341
20599603
15988642
24511413
1477985
29447114
17118352
10504417
25548797
26447089
11423489
8210065
26499447
12816626
20479954
25192520
26178030
27606640
24113396
28579536
25111166
