25980133
22328315
25524493
23819309
26956546
23613770
25184280
24451249
27609543
16730392
23649703
22411779
24873031
19356071
22351978
12481843
27492086
26153566
23966087
21349323
24980646
26035957
27508961
22511465
17194596
24184990
20544303
26213387
23983637
19778217
26923124
25588845
21383661
11404545
27803761
15114506
15797535
17191932
12723623
23579790
27189302
11501057
22594542
16450305
21964577
27787213
24081628
15911221
25848972
12535246
19051198
24199566
25975027
17696192
24387347
15261389
26013739
24022732
26234140
16789427
27180993
28380219
21978321
25111231
16866142
12723753
19685748
16870430
26354951
27503679
15216510
23677700
15837549
28651433
24068082
26632284
23201595
16545496
10406647
27352178
22471371
17130250
23030611
26431107
24144800
12361243
26166432
16771205
15077679
21425377
21157630
23318708
16140011
17160288
19230571
24028780
25560928
16137701
9858921
25228511
20734703
23330659
15478181
16244458
28150212
24390501
27542307
15916777
18462801
12221603
27578245
21895456
21796865
14636017
25636870
25738405
24771145
16002285
23030699
21270733
27380205
25462625
17918854
16844377
26239238
10994812
23816880
28145090
23713293
21471934
19576740
12575050
10463665
25531783
18778944
22993857
18242785
16140009
11270975
24338112
9836608
23563445
21962521
23985070
15622776
24582422
15971135
10386942
17411361
27853797
26821745
23070424
23318809
20158905
24225377
23134735
15854172
23672025
28035111
24868872
15612872
16143531
17239589
28177047
18212105
13129577
10491022
24287999
26062121
25663187
19138785
19772293
10386944
24749537
9873643
19408683
11206472
11145152
22078947
27269198
15487807
25066209
10094773
24123927
16083107
16034806
15271421
12622464
16193529
27138139
27725206
22303582
10021927
21110430
23665703
14519447
24363204
18556817
14506920
23512495
21288820
22853877
16921749
11522014
27541264
17502148
15567978
27144659
21189344
9836448
15478200
28628201
14531035
27775589
12143003
11684817
23646105
15968814
23806110
26713369
20236735
25779576
27054063
16223515
25860177
26562545
23098519
16276967
16054357
20664937
23509690
27102549
23529036
18321546
26930645
25100250
23257392
18180357
21804258
22018787
12088060
20219271
12867489
16458512
12557253
21812338
17286241
22653306
19143528
28097906
23605639
25678014
27565954
25421266
18039388
16299162
20584662
23343658
26183542
17147151
25430798
27599261
25674661
15490327
15114507
27188337
22823459
18997389
20980692
15125927
24079187
20079559
10843217
27351950
16441066
26996014
27135371
18214539
16574276
24723815
23767460
24803365
12877555
22305482
23417033
23521163
27316986
21312307
27365221
18514477
16803885
11079802
16773545
24464686
10586508
23562881
19395593
27483399
28150217
21560307
27896925
17067151
20112858
19623985
23707193
28064519
21343466
22300294
19148862
15691023
15177437
21347735
16678416
25426544
17067165
25144674
24712286
23729559
24747053
22766801
23325820
16183284
22963343
14693214
28281377
24437446
25151734
25233634
12162568
10340618
11888669
25747599
12683671
15729629
21476887
21108786
23547884
18589779
16165350
23134335
11432464
25089370
22201648
12443045
16351150
10218835
18192087
22892101
29477889
28482151
27242378
27001249
17065050
12573285
16597591
24380821
23065221
17827674
20038128
12238532
22014157
25623606
25282267
19565719
12820148
11549447
20602882
24692552
21393461
16750372
10386928
22763740
17067175
15991491
22334483
27336796
25348092
20025245
23620485
22007530
24064114
23447108
23434133
23127818
11249131
25330450
23873839
18154272
17268106
16230017
25238078
20226573
26056008
27537371
24099012
17659386
16251802
19564359
28488391
22483187
16521112
26360628
22197611
21790020
11043841
10389655
24039913
12579818
24961105
23550798
11742578
25857346
21225200
25019280
21478242
25086914
22504831
11688798
23659547
15643556
19399398
17880027
15559851
24975046
11310615
24074236
23356789
20645747
17602586
23128090
11345533
24588655
24735436
23684998
24813881
28749670
27582055
23440116
18237029
16222151
15556763
27442262
25978007
24333260
22238226
25146769
19903367
18066839
15177483
26345098
22136374
16180089
25442272
21556167
16308426
15481345
23970484
23569988
16419337
17080686
9773811
24096431
24896297
23718281
20097074
19647280
17365692
17059172
25636866
12164267
19546361
29020531
26221996
15742341
13678240
16002290
16415127
26784738
21078202
18812027
11938959
24325287
23985373
21351438
15112575
12964045
12683677
28385129
25412547
22640826
24506460
15742349
20873564
23929246
23030826
10340604
18088100
18693761
27346379
18670125
