3602535
4180471
3821289
2906163
9522504
13290243
1602888
6549345
9774893
15176936
3613725
12060552
3431197
1768758
6782924
12951976
5897051
16510071
5537069
3172870
578998
2902259
3236930
3586750
16426551
21004751
3217548
6894801
8191138
14808833
20254228
1795577
8984540
582073
7934281
8043744
2244068
13466619
12049693
8733284
13028626
13076532
2491029
28392335
14971135
9293104
10776037
11129551
9830747
14516260
28748990
10721594
19627750
1460882
17286943
9558917
1775785
1845096
7877347
12891444
16219281
7686050
8136426
10998396
12098810
7569365
23693116
11412605
