3238343
6505650
8578285
16183608
8164022
2079552
17289310
10390073
11803271
6480283
21284336
1011340
21535128
11848020
21907003
21668318
2076935
12090313
22835278
8276567
7605818
9145617
7239839
7398702
9286731
26660266
12951717
16523992
10454096
8199839
2025998
2115859
7613811
3292834
10971169
7308234
2068019
1452250
12920981
20578425
8747056
18616814
2606460
23269338
20518640
4823898
2432721
16227169
16967596
15151977
5021084
4224263
24850554
10863969
11232155
27803082
3773114
2123713
2253797
10540524
2210314
7226564
15644061
8239395
452218
28112699
1327941
16817406
4303133
8393373
3154462
16335905
4772591
9919347
12004857
23770793
3115633
7075637
7279020
4077605
21265966
18793303
12946772
5716356
16671273
21045421
8491916
12625857
5358484
23398382
13771622
2810523
19679972
4371065
3548279
22301800
21687940
8619221
6482460
6795227
7104958
8648975
4424038
895700
16740025
20164008
19241346
15477357
7912112
6822363
25910403
12629780
2504261
20173460
6871760
6208158
5690794
9859508
3832114
4766855
18422031
17184987
9887568
8075785
8057048
3756826
5638046
12443684
3896459
26753337
1492276
1698212
17656605
11732800
3132746
20498565
16091185
3045206
5343391
25230718
7233573
6575107
7817856
2064367
16868700
1859107
3892606
10394554
6287136
17362155
19303105
5048317
17437857
23445772
1867489
4705159
17047343
10650798
2416299
7157496
2587573
6676579
7461276
10673794
2635845
2555382
900162
25813185
22691038
7055782
8028122
12107203
24855728
6878724
453789
868795
22053675
511003
10352400
27523297
9894267
1758510
9428434
16519584
21303453
21321567
9064885
8375456
2523030
26782032
1825720
4692379
14511036
2100115
2834860
479270
5547243
3177545
645676
377749
18039910
22512531
18225394
10985151
9358228
17284120
18192573
2095638
9224588
6584387
10218284
8304034
21259051
22623134
8732455
6648810
6206735
5553379
636136
11528637
8147220
11920800
17041205
3140553
2885961
7380237
11396379
1320675
6656735
11320728
24862970
16817424
20198556
22727875
17345023
28549629
11881732
25140496
14669500
4743560
18990169
15183972
853556
6803161
2075103
1152138
25253834
8015084
2107106
2520461
9597871
10101894
7203456
899985
20730900
18930614
1010594
12090192
27416670
19289327
12534915
28666491
4280005
5470373
17121093
2913705
9281260
17561156
11558548
2823622
3818898
2694835
2694756
8261311
27773621
10363385
16457157
13079541
9842225
1090360
15677808
9503213
3751713
17404447
19106875
10580072
6469093
25311985
7313903
7903010
833986
12950697
2817976
7016888
7117116
5836931
1031777
201659
6724998
7367290
2763398
5709920
10689882
3930556
14605785
22696667
621304
15604587
10370955
2467733
9290172
10539917
1867496
2746085
7825657
11497478
11351
4257767
26960466
10803982
16316848
22075616
2130759
3778231
20075603
714333
10770986
2376100
17066464
2707164
15682863
5685957
22016347
3338404
6731664
12048167
4254482
1461789
3589123
6704640
9492110
2824014
20873084
8869074
6128828
1275030
6152655
26160035
18295787
17883165
7080879
1381130
1217879
7748005
10233474
9808128
1589616
7886423
4276926
2466136
20048565
2387260
7821699
7460987
11589083
3013941
14639657
15510988
9065094
2032083
2173909
3087236
10202678
6879739
24091542
5760359
17672373
16724717
10407990
15721441
1026077
5437749
1940064
22946416
5974757
3563083
8596182
3728108
7366926
8446517
12192893
21950360
2111975
4469806
8542508
23059385
4071875
27392423
2414379
2684047
3832101
27320121
1522284
6959619
4368836
7157497
5635417
8838341
19697637
15737059
3909971
547880
5824219
8396689
1769288
3732587
14692826
22707517
7459829
11889161
23194277
7268342
2189360
7400607
20820071
16903547
3390796
24702195
6694953
3067235
4043108
23317518
2643723
20737589
7099833
1638354
4709959
3309694
1796666
7432704
9598654
942805
18405025
470902
2707954
15493572
21422645
17214784
2432839
6289690
18227769
7139537
23686162
1565381
3911780
26303320
5559496
23636804
1747735
20600628
2844882
9875313
9488073
2653559
6709922
23614892
6774465
5142829
23324422
2340950
19683721
12625856
6307850
9150493
189395
15753388
6546543
7210934
10808019
3243573
6177244
8463038
16526050
2409934
10086245
9154192
2466289
2418695
25807302
1451351
3967193
18388199
9385943
686072
25219569
8713565
3144337
25659623
2029079
3584858
