26551672
25673413
25673412
22581228
21873549
29256494
29117474
28754724
28661736
28566273
28257690
27959585
27618452
27355579
27353450
27013720
25859018
25686607
25625282
24879641
24439111
24251383
24097064
23903355
23901115
23754948
23612587
23557707
23555291
23314155
22553379
22456868
22411865
22399527
22340368
22170152
21734173
21715679
21629277
21421807
21406540
21035756
20935630
20935629
20686565
20581827
20516419
20185807
19926845
19805161
19474294
19430483
18703732
18302196
18256394
17943131
17673640
17554299
17463248
17356705
17230172
16983377
16936217
16492728
16344561
16129833
15687548
15542455
15507997
15489334
14769924
14732688
12960363
12917331
12866400
12509449
12118255
11526476
10614070
10528850
10387940
9784121
9681842
9554741
9512029
9411782
9215689
9173530
9021153
9340650
8944024
9064279
8891224
8531977
7479895
8589678
8619132
7651416
7485267
7668277
7611277
7607690
7698744
7874134
8088848
7587111
8215978
8364559
8353481
8352830
7685630
8437860
8404043
7693108
7686423
1528259
1516229
1375392
1783401
1719426
2020552
1990834
1991592
1970875
2152136
2491012
2491773
2480606
2851491
3045765
3130752
3278612
2896629
3507270
2413468
2409868
6330670
6397774
7148875
29632382
29625024
29549330
29549329
29360107
29257133
29141982
28875074
28586832
28573393
28193859
28119442
27974039
27636028
27400897
27398621
26509903
26432225
24834516
24127591
23925224
23798057
23738511
23661744
23563607
23197635
22990265
22885922
22723407
22384394
22082242
21909115
21670498
21292963
24683667
21127233
20937719
20878384
20299549
20044560
19789636
19557161
19060907
18838683
18778868
18454148
18193045
18193043
18060063
17951404
17940226
17615378
16936201
16374835
16174701
16155194
16130030
16001329
15960052
15936967
15652721
15641917
15466197
15164074
15090138
14633735
12695777
12657981
12421895
11710899
11223240
11176855
10818209
10615123
10521335
10423035
10415885
10064105
10051618
9934355
9857973
9671267
9465067
9462745
9385379
9354421
9325049
9333274
9205115
9187127
9159158
9157974
9103196
9067266
9049634
9033164
8929537
8912868
8921387
9166540
8661149
8600381
8643682
8712786
8585960
7479891
7569991
9816013
7727763
7607682
7795639
7620980
7568895
7713491
7533026
7519874
8129040
8307586
8276405
8268926
7505343
7691345
8364551
8332934
8461130
1639394
1533609
1301148
21409638
1718037
1691007
1691736
2291546
2506682
2784207
6572713
24296717
29566791
29455858
29084231
28681861
28448500
28146470
27548312
27416945
26280578
26131930
25585318
20301300
25408371
25282103
24693920
24586696
24509480
24497850
24482835
24224620
24097068
23835345
23750119
23263489
23152449
22479202
22415877
22182842
22038520
21998373
21383178
20858683
20810667
20798379
20551152
20505179
20498237
20393554
19812666
19767417
19079261
19060906
18678618
18565857
18521185
18372903
18310293
17943122
17360355
17299066
17218247
17139325
16648877
15338602
15153434
15047633
14988271
14988269
12954750
12697903
12482934
12477932
11536432
11289057
11148583
10979234
10557080
10497268
10369258
10364681
10336779
9934295
9872978
9735087
9685507
9669792
9361035
9354426
9241276
11647280
9253601
9207787
9050866
8910276
9039851
8872472
8661102
8660968
8741733
8593617
7550349
7545545
7792600
7795652
7833479
8573462
7551153
7845920
8039134
7959777
8202494
7959746
8081372
8290249
7504645
8275091
8244380
8338941
8504314
8499944
7682803
1386495
1596091
1301996
1372253
1764889
1952978
1946382
1918209
1912570
1673047
1672744
2236053
2176541
2388867
2347590
2296270
1688723
1970161
2573276
2798422
2491775
2836005
3267215
3118034
2886983
3594929
2828836
3780671
3472708
6093122
6205403
659532
29481666
29273807
28832619
28684635
28564549
28490609
28443625
28341696
27920058
27876822
27618447
27043262
26935689
26637976
26426971
26392553
26180553
25635347
25525228
25035478
24821744
24233704
23445342
23429700
23027899
22982992
22968824
22885924
22859455
22777896
22693455
22238593
21909110
21852476
21378263
21079014
20881960
20574065
20081858
20081857
19732438
19630580
19617843
19602480
19502414
19393316
18451988
18349096
18334552
18276874
17728769
17571346
17448981
17348159
17315303
17283435
17192490
17179727
17031815
16909378
16791207
16738054
16723375
16604156
16142453
15672591
15564550
15517149
15340423
15317147
15184648
14593134
14578888
12714972
12690187
12668345
12502516
12466850
12412776
12236228
12091911
