22029943
21947786
19911873
17467635
17261703
14571497
24602852
18180653
11994258
24214652
16292991
25051131
15708719
15934417
16858233
15604851
26408017
19092742
19202522
16537763
17467621
22576036
12515765
12914609
25574345
15030433
27198686
24130158
26638585
26255216
21264461
17351923
11997272
20562072
26040807
16423938
14632953
25916628
22041550
19628179
21726450
21187574
15992628
29526282
25696171
24525145
28673783
25017739
24973863
24672702
19726815
19804304
27957080
15145113
29086706
24672720
19039149
19431064
21331612
28496638
21453028
29622159
25332781
28504238
19755221
23525715
28314700
