22313050
23180759
18461137
15747580
10810089
11267669
18385159
21072521
16827801
28637190
15756280
18236011
15590938
9356480
23990328
24798377
18057104
16575172
2110105
11196205
1383088
23023006
15781621
19234457
8565625
17616512
8136831
16920095
1380647
15709167
12075007
19699787
28412323
16407832
28056787
8336727
22042642
7958695
12239717
12087472
12951050
21566194
11077447
17961537
21870982
14973270
10503002
16391785
23739127
21247965
12203370
23059534
28533824
23637617
11477576
21057502
21089284
18842996
12406979
28149334
26965060
24755742
16134181
17328794
22890135
18381894
9838852
19036803
10788777
21228036
12770752
15612042
15017620
17870056
17016588
11774266
15476271
11309276
22457049
24134849
18519671
21743496
20923573
11306499
22237588
20439430
25228647
28749988
12810635
21457364
17675336
1295738
9570946
24801253
23183239
17182866
18544626
23973796
9309117
10708486
24094886
11074602
11880477
17297461
16331260
18588891
16435073
17083569
15044106
19034281
11171828
25036127
20132320
27642137
12209013
9872453
21171085
27172195
17339425
19638426
11805093
17938196
27977763
10551317
21936014
12810945
15354418
11923202
8469285
17480121
23555160
21617852
21317879
22995252
28666913
27553991
16937357
19115204
19859801
18537155
24752710
28025770
22763442
18981889
21968944
25262350
14695142
15326630
23934332
23829175
10907850
27107289
20340168
15467734
25181340
14563942
15640248
26890883
26511926
23754744
11244502
10408854
26667181
25016528
10947850
23197303
9537386
22915302
24879124
22796129
7764541
21443239
21323774
16403808
20385583
7622940
17047040
23442137
3086295
21386994
16872319
18310659
8575319
16012945
27843122
19549772
23739126
2787927
23805272
8323280
21735174
7772858
8900237
24105465
22549913
8782830
16575199
2482921
10675487
21874248
19938198
21734013
22246465
17073008
16575165
22949838
17038795
17824772
29255492
16211598
6982896
28035351
24067358
29255196
7548225
3624248
27890888
3179269
19228594
15154547
20461752
1952948
1464587
1939117
22025075
17350584
