25637435
16361115
14673002
14643764
12837561
12163342
11309261
10648892
10604925
9853109
9676897
9049596
8953430
8922727
7606449
8233093
1279489
1329813
2267667
2156194
2554184
3031504
3019717
6318120
6297646
6287331
6263651
501652
206305
638355
1276543
1142270
4322371
20655476
16580147
15494079
15135896
14559407
12037141
11512048
11234770
11159697
11117497
11036191
10217533
9585356
9133578
9142424
8818338
8667009
8887979
7538812
7530576
7910386
8388192
1819257
1963262
3035421
6266218
454903
517274
568015
633159
187949
990634
10031
6663
1142238
4403753
4505419
18412018
17981306
15451397
15207356
12948615
12770522
12010773
10974327
10587087
10340300
9672385
9526033
9313947
9069276
9014500
9005449
8901013
9182238
8570024
7633890
7838323
8306067
8119313
8242244
1324980
1922689
2062452
2150767
2333665
2559349
2561854
3291999
2843995
6319603
6324016
6273750
227518
501628
589464
934303
165847
5041477
16402094
14732456
14667436
12192496
11895792
11489271
11165375
10998104
10922519
10641043
10587085
10587083
10577252
10501458
10397370
9750001
9149536
9105700
9051293
8880859
8790988
7561864
8665542
7534191
7690402
8392134
8096780
8381927
1316753
1363043
1681445
1664057
2274111
2694543
2986036
6119659
7266933
6259535
6243177
227517
445133
214333
925982
880445
1260178
1201413
1142240
4156488
4853184
4154116
5130619
