21062992
18171932
16014732
11356881
15044539
17804626
11739584
12574421
27112549
22899847
7918218
23206593
8449987
14580119
15669051
9013665
8478694
22393238
10934318
6724814
17904550
1527168
10886359
21106647
26888936
8110458
19357260
20936661
7472440
19189716
26791407
3390701
1790774
23392698
27135389
29097785
10739576
15207230
18726912
8979792
3409046
10516309
23818454
9742160
8426241
16293241
8818148
18289389
25564649
10908619
25009257
7931550
19420254
1740474
9410876
14762152
16315611
21714101
25562656
7924999
8799914
16280593
24715755
23283340
12163532
25479558
12596254
22234611
16964253
9024695
24356070
8158263
3199206
8232898
7593317
19846707
15713348
8313941
8175903
11503153
16429121
1795398
27098542
9442114
22524788
1880549
10209026
10416751
27273766
24161943
1980205
10377330
23328769
8835719
16688769
10995842
7751969
7643173
10400230
17250570
3278532
9742151
10594081
15358062
9704896
8182441
11331531
8601604
8077461
9138908
2045535
24022846
1955477
2324314
2715392
23250489
3680632
16261616
21107138
16143510
8682933
23259929
2195037
2280224
9450537
12392197
25030704
22581400
1941093
24164353
21419114
2022755
16107653
10930013
7692011
11169787
10037607
26475872
2502313
22484559
21366271
8385189
7927647
7504948
1372012
23169481
11152720
2445963
18157171
7521303
10363912
10649508
1479065
1698944
3659918
27822499
8509501
22398727
28069919
22427549
1702111
21619654
12904485
10230600
15456815
14724229
16467361
1723991
16835363
10176111
27216257
9636113
1467974
19007776
23321640
27015737
15698617
25010398
17184842
12355417
15642814
2457688
10806478
28154076
1756802
19505536
28871032
8647396
1329430
19458548
12006280
11782986
26053681
21805681
11394997
24846614
24252775
11447593
2155153
28035040
11142046
20653029
29061699
1384131
15053197
12684462
3418393
3996520
19448629
3694252
27019328
14614841
10340503
16226588
2449733
12031407
20424322
15621254
7843783
8922405
24198362
22418067
27955999
12126012
3382948
21940449
7680635
15939377
16203100
8961533
12941631
8290963
1631299
9368844
20298788
2820691
22307614
9736643
10659681
8868564
1783688
9192292
16452665
7508507
3333520
18585997
18468440
8389822
8207498
1665187
25473838
25899850
12765611
22562845
16565382
11694720
8389823
8027433
25370515
26033680
10669485
18094231
22289826
21465668
1571784
1720761
17765737
9057136
1646868
22001116
25194787
22514304
10934248
22395888
17690141
16723522
22361215
17266781
16971682
23139837
24569478
17158177
26684837
19124073
15458841
8382497
9449127
8420912
7913204
9596524
7500120
9952356
8883877
11036215
16481393
8793733
15046725
9425196
12062043
26186474
23035089
11331530
27255817
8770551
20473413
15562511
12574458
15135945
11931737
8120598
8339779
24654675
12355059
12097912
17428978
27998991
10407018
8816713
21254085
7656215
9524729
18780789
8313996
9653192
8239288
9459449
22355119
18498733
8537201
7602535
19580748
16385506
22331845
23572514
15767463
17525221
25297098
8801170
21802010
7729807
16002212
10922005
28785728
22046148
29078396
27654412
6673245
3803518
15530879
24681155
27512046
23144777
28285993
29167405
2045536
21882439
28275163
21518813
10686076
2727148
26217175
16300759
28795616
21304471
26908314
17585942
23426679
21793039
2358550
12872328
8889927
2707357
2808759
22664569
8201399
17018142
2744108
2738197
16337696
19342494
29122984
27809726
8463842
26310164
2723154
24266899
1396171
16359814
21551634
27677674
16192334
29307265
15293274
7790380
8113449
4041832
16314221
8520730
1787107
1356146
1401265
26994857
15309153
2476555
26303010
1967635
29086950
27068622
29491831
23280959
12884690
23025490
17029953
1707899
9215727
3171610
22492709
10416753
26592715
16873414
15066258
1675862
11804565
25614629
27798231
24485870
28559423
3680627
17368445
18803322
1614361
10099698
25407441
22993267
28393430
16537939
1724680
21551738
27933535
29460723
18284310
7535279
21618239
8388224
28859332
12626014
8732184
27141856
29632766
23637198
19052200
2015846
10844019
8795625
1963025
2341631
8389821
3443960
27351022
17708985
8836247
17392853
9706397
10191306
23620427
29037851
18096076
26779793
8320258
10191303
28095470
1469463
2574426
9823598
3360996
28731838
24704493
26733303
10391464
3437076
15868468
17537907
27528655
12413596
1372510
24563732
8602791
8979825
2372042
21389217
27191927
15496486
25253474
7679438
7776246
24861182
22180461
16265668
12509809
10891856
