26915100
26880535
26835620
26456563
26121299
26110898
25563902
25172415
25168548
25116354
23776068
23606366
23548559
22980003
22739111
22362782
22134356
21946994
21609852
21530485
21050755
20734075
20581652
19782042
19367670
19131690
18388470
17081048
16620210
15951166
15923056
15798003
15580017
12675583
29547798
29217172
29171687
28644409
28444942
28289668
27987398
27825124
27806293
27133810
26353900
26252351
26116537
25998979
25995674
25796438
25459294
25104077
23271132
22947075
22616142
22307788
22236408
21337517
21136593
20680695
20598402
19884767
19367837
19309602
19083059
18452097
17851252
17457544
16728961
16554719
14522923
29638041
29235876
28499910
27722725
27431894
27071835
26087691
25726699
25201726
24562019
23625311
23227047
22744879
22711958
22707198
22561939
22335554
22210606
22178949
21535901
21531200
21471722
21365757
21142077
20855208
20732701
20359164
20122777
19914200
18852469
18239421
17483802
17482291
17308302
16960283
16632640
16165320
15531786
12485605
28697446
29649316
29348836
29136581
28890935
28349279
27322965
27067870
26048717
25791669
25524918
25359615
25171502
25090315
24608114
23596599
23086277
22616141
22445754
22183950
22178945
22140079
21945617
21373954
21359681
21031614
20923274
20517883
19296549
18991268
18654820
18452227
18250600
18188554
18184175
18175373
17982222
17635008
17626797
17620422
16947119
16872706
16572589
15269288
14573445
12689524
11879708
