18921379
18932903
18882145
18863080
18870813
18863079
18910236
18910235
18921380
18885637
18913629
18907227
18932955
18884039
18884035
18894906
18894904
18910230
18932902
18910239
18910238
18884037
18882144
18870812
18870811
18915300
18913633
18919539
18884043
18885640
18894907
18101122
18884042
18910232
18910237
18894905
18919541
18894902
18913628
18919540
18894903
18870810
18104014
18885638
18863083
18919537
18907229
18915298
18913631
18913630
18884038
18915301
18910234
18863078
18901852
18921377
18863081
18104015
18870815
18870814
18919538
18910231
18884040
18884036
18863082
18915299
18907230
18910233
18921378
18101121
18885639
18913632
18863084
18907228
18884041
26137649
