21037321
25770381
20036505
10870862
12577142
25986953
27131923
21684711
27939371
24567504
10628635
1600545
28163175
11769140
24941238
21521062
22724484
24848928
20413255
25644827
25544065
19341881
27519454
7990186
26318549
15513347
26835458
26664891
21184908
29251206
15226942
23044097
21130969
27757402
23508633
19729799
27802850
29261347
12083734
23357517
17182925
27001684
18855712
1488136
24356045
23993236
22724485
14739119
18774684
16977306
21523201
16034817
25298830
28887236
10201769
24578481
29284385
21235424
9786259
10499889
23497786
11425989
16616217
23074438
27823589
11790568
11296326
12522694
26597238
12055568
9363304
15156131
18841341
16363894
29400896
11951096
7877231
29249391
16778230
10651461
8912093
21620628
24754294
23703668
28502552
28886677
