29437853
19351738
10585484
1836561
19636821
12163584
27887037
15479803
19358894
27420776
1327747
23950187
8314590
20488791
12642359
24293566
26889026
9815145
9341203
12950624
26779824
10564497
24638148
20847201
25366207
1884998
12755335
29066453
16153179
19230835
14716301
26958923
9867350
12127981
8041785
25697203
18772285
18706087
15378207
19376261
12530967
10515266
24889253
26063955
25540375
20397069
24593172
19634002
18701590
8462870
28472743
28801814
21484537
9115265
7594592
18987887
9722554
16912298
16908949
14741346
16373024
9585524
21518530
27314620
15901830
26460564
25671415
28760202
27847360
23665099
25903329
29196380
