23213478
23373999
24242763
23634774
19059231
22076800
29556355
2063871
24788087
21156809
15963860
22309224
23585735
8101039
15588510
7473647
24042315
8815156
27193757
23922217
8836939
10424816
22140470
10502991
24283687
23376683
1675045
28139736
23545304
18176630
23879945
15240431
27298624
19155505
1676561
11672547
22768869
20628574
11719254
26707550
17425603
23246681
21510817
16504018
15546912
15514462
23936457
8750114
9225982
17218396
11741393
22989761
21615679
18175035
16647585
26869189
10222768
28336524
22634533
27140210
23911435
2460547
21868636
21955520
9651231
8111382
28732240
8242061
10402032
10399872
9771779
19088466
9404150
29358280
15901485
8789437
24465621
21957128
12393491
21132465
7824128
10222769
21308649
27440721
8725217
21880333
17998418
9273319
7847859
7620119
18506847
9772474
24367889
22851736
21384195
8617942
26617697
24593251
7519072
18073129
17545040
8641356
21355093
17322884
14702342
19861952
10453742
2563195
27856257
16938308
14563317
7668288
7783342
19572115
1628431
28825107
12591281
10500422
18418661
19233130
7543989
18672073
23778076
28921619
24032423
24391845
22739182
24481638
28660664
8605970
20176791
8710087
23584155
20528672
9295384
1639414
23656738
11287496
21849540
19384870
19074419
24926741
8931575
29560375
29484798
22459350
20472830
9237110
7438789
28181511
23219306
19584401
17227796
24930030
20220018
16614004
22431204
9353121
28758191
27847151
23974360
7553854
15631710
12965078
28506535
21936706
15292212
21527748
20886327
12700301
11532352
22594326
29533923
11673415
11018707
26531852
16545360
12611818
8358429
15522065
8307572
1628432
16272216
28545543
24252411
25725171
21420496
27721421
16133185
11186889
27322740
7780164
18483422
29419414
27210794
9448569
23328439
17878166
17303817
8099059
19593677
7506075
21998453
22049616
15860580
15317756
12086639
11969254
11807410
9485066
1879827
26748090
10572092
24726953
8219220
25595967
24944634
24122064
21884259
17110330
15470152
9187671
26418304
22749858
19028133
10942107
24594842
17535104
24586463
11081516
8912795
15995822
10525976
10894992
19639190
8275090
26269637
22418586
19418455
17095856
26345931
7614095
8677716
8174326
21048851
11549583
23696815
24399040
11973625
9109985
27306906
19213943
1346154
16096942
27231894
19414636
10434309
1281687
24286028
17045396
12456959
10649571
25664104
10807778
29191922
22238460
15167689
22531670
10374379
27294351
9762957
8037204
23308177
21980409
21123737
18182848
15138500
10514531
9756151
19631275
20023630
26861667
17502484
9017980
7925830
19259938
24919180
27466200
23707147
21127947
11760030
10942381
28979190
18337722
12757932
19254813
8605969
20714058
20224192
16497448
21245341
18166084
10749985
7952848
8565633
24858692
18438695
18160752
12651867
10759181
8559378
10066385
19597981
17379763
12844401
8813226
7647801
25344417
27394174
22718440
18685131
7670474
1736163
19591219
12574952
11440752
11342385
23754227
10548917
8170557
8473149
26053644
21963591
25359683
27895927
25799225
21600215
29276152
12093161
10624951
22053053
10335546
9506545
7951322
1582256
18788932
26876606
24604678
19049837
18519031
16087769
9629399
24085647
20493808
18191573
14767919
26045300
24752589
17006052
12025814
9342197
28935755
25506158
21832228
20038638
19048122
9353120
25892186
22753940
12576320
10397716
23094141
12500681
25160782
17259429
17095715
15572596
15477548
23583610
23316230
20155408
17981147
10727695
24705272
12160843
23643076
23154782
9051687
26303631
21518499
24225362
24179173
21829579
18563716
12411318
26673892
18505932
16409551
15300851
9020849
8293283
9086358
26231471
9371943
28757161
28052733
22272337
19846700
26934099
24123326
24584483
22800687
21518866
24855532
10729991
8579764
21600833
20362540
18301861
16967484
16869753
9620770
8977240
27106293
22703638
20060001
12601361
24335839
19629966
28614787
10627455
19178387
9272152
23719801
16413396
15947249
15235598
8619528
26657773
24974728
21223818
9345027
18028243
9450899
24602359
12732718
11455183
10366224
7922453
2100035
18599810
18351585
15631666
23791886
23512657
21040899
20625959
20502998
19890981
19500214
14966163
9613852
24380309
25510912
18205179
16373693
14757432
11091495
8825276
15523922
26538302
22884877
9048937
20045119
9088110
2660142
17637718
11346374
28352167
10556210
9485421
26540309
26092680
25824685
23839033
21624348
15345288
14726203
12578599
11448943
22277448
9109912
8902734
26264445
23598943
27695243
22214238
15148151
16278309
15895552
