22762444
19847956
16413283
21599933
17494868
16790491
10814529
22344030
23572528
23028818
18418388
14708007
21923734
15774496
28289207
14745135
11448785
22902756
18627575
11682601
16687571
26377460
23966980
12636914
15236333
12535273
22344031
16413279
15066634
12376537
16702232
12858163
11301005
11694590
12215646
17596511
12571274
16473621
20704189
18784256
14660606
11689690
20067992
17344475
12808037
11408593
25195858
21998134
15039775
12505986
19752197
12578827
22291915
24407285
15359277
11821067
17344219
18388312
20015111
16601685
21038583
24835460
10747089
17855360
22264539
16370355
27974503
23408788
12668765
18461348
12042876
15345724
15143060
11454451
12651740
17506864
12679809
14973137
18078806
15664992
20604899
14690499
14665628
22171895
18033301
16155256
12686590
24076238
14657269
15701688
25512335
12858162
12483220
19224451
23386609
16497226
15117318
15966896
12230473
17646382
16135791
20417083
12742163
20817731
22389401
19864490
21306486
17644329
21239492
16787435
27389464
19046998
18992238
20854370
18713752
11598180
27262127
22553349
19457577
15044437
23424197
14608369
20953554
16996030
19497050
19574226
16989725
21245145
17895371
16407276
23827971
