16227549
23213855
12280456
16286057
7008941
27288998
6520818
15231927
28088399
3232317
25105514
1506249
24779067
23159537
7710360
11901567
666723
16309009
15038204
23831786
27314823
19103614
25483543
10592928
4026735
21250954
21559049
11993973
26317537
10680087
23472394
25248348
15384890
12892288
22493462
2396468
9557421
2919495
10334063
22342548
27753772
7709068
4026438
9303449
26775454
18646460
14694116
2631513
12558334
26751375
19531391
16773389
27590503
7927750
17543426
15741360
4367777
958867
17688976
23845807
14745702
25552159
22291111
10494419
20887208
8041886
28193249
23561853
26357856
168620
24084614
27983486
16965629
1408483
3611565
11730166
15916839
4074245
22270281
21412506
19006833
8899437
23523333
1602992
10612649
19602678
14515838
17537767
9467177
24913793
27190178
8203117
2790436
20518273
10855901
26825097
22943300
24246965
8593402
26696229
22301193
10979513
12489707
19507751
21865193
28488996
7210105
24505274
19428862
21821084
411794
2110377
25501911
1084800
1663287
2822063
14556057
9813656
4522722
25534221
8052818
25171848
21626269
18716580
16181574
8020854
11229502
26671229
22980086
23185402
25107461
15304467
1084801
3924138
526201
642153
7585417
14991139
22111597
167708
25695476
1144288
28521804
14670319
15300131
21485966
6357183
28128092
816003
26824771
19497772
17250934
11257379
218746
22131577
28338723
21172172
5701337
12404165
19192319
8064946
2260220
18463608
5155302
28778611
3390089
6712036
21635732
16987398
3503966
20308208
6110963
27624956
20056192
27638118
24656722
6767739
18044435
18955085
8761568
26330396
15653518
9633873
10695290
21994316
23251352
24937385
26287532
12195350
1763825
1193733
22216585
9696628
15065822
28399059
11332286
23359421
28075607
2301129
190583
27488178
8701590
24210738
16422769
12396359
2787444
16645577
28440879
21703561
22012116
17560592
27692092
8994325
9432396
4625439
8534231
12638363
28157059
22452506
15564274
15363647
8677620
9850133
232653
20713257
22834549
17121292
2629504
226946
705049
15675522
26711046
21666402
1803364
3729876
14712177
8675469
26144535
3263486
22064266
17688401
27100836
2249722
4537480
995805
27349422
23990091
23264672
12940589
21419162
25678243
15194836
6311322
2160531
11319482
9162840
21500634
25250997
7721534
10682747
20575271
17237444
22111856
21992123
23535688
11293594
10068413
23922376
16926459
2732723
7280450
17624693
23087396
7985381
6244692
16365534
9258425
4314662
10995050
183651
28885413
1661063
18815174
2062621
10371005
223905
17433229
24292037
19180190
3036967
1015006
28063732
28143673
2384935
11775012
9933127
9714205
27960246
6288567
22669900
27103428
26038400
1588149
6886900
25904510
26055074
15193074
5516219
15061623
23300440
26636561
6215759
17721371
9376380
20863207
11015798
4060757
25522093
11761842
19295466
6124726
15071026
188087
1251838
28841084
6743175
8365662
7325730
19447820
15578404
23248855
21904402
19648971
24837776
18451443
2251872
26978210
17877547
21182987
22093894
17991416
16930691
28321789
11570173
11370475
1926725
23804192
1614928
23657083
180512
23969584
15585494
22463979
24225304
4647662
6732669
19902375
9454919
23768267
12842372
23702605
4985446
27737787
4950563
28968844
17977630
27033634
3938101
12798608
705048
17939898
25813462
23180157
2784000
15315832
25920147
25764186
12443658
20815736
8755987
22075084
16760325
6293440
15801629
8128598
18459292
20211952
18653640
1164319
16371686
17714256
6303682
15566021
2553179
22694948
18589066
22846369
2965757
19930045
28394987
15597070
21126984
24079377
20214765
3989090
26110772
23343739
12615448
1150494
24367715
28893974
22684884
21544676
9570667
19743304
19902805
27982712
19490180
13104883
28368471
16368725
6317560
25773676
24743691
154277
6651697
16522501
12720258
9203688
22370012
24679163
27151603
11137243
15695856
26476879
6870719
12742852
12631142
27846277
24088215
14683739
11169601
11152527
11023481
17200798
24922616
17923592
15789691
17308019
2973642
25149765
1016135
6662685
20697957
2629505
3439018
14769285
11717569
18098005
2236920
10905967
26047038
23499541
19178953
6283610
1120037
24944227
18617335
10427636
3133023
26847771
14522710
29150579
12706685
6454997
388841
8896195
12878801
18265798
10669372
24911894
19839061
20441519
27534036
2870453
6604357
11860873
10834067
27315207
20470792
143795
20414146
9916054
7299339
10469408
6280370
3021097
20859176
4784885
9987470
