685979
17596278
16060769
11664907
28029688
20961404
22016707
10760637
7557527
16556645
9805218
11648038
21044978
24225358
27779896
11660018
23862381
17068783
19725304
2913842
13953638
7880514
2018406
16916167
9009796
15291233
8532466
12109756
11153845
11531210
2345703
2725260
17326485
18087952
8035685
1861616
7584296
6473040
17201376
1163473
16378481
16459893
6395254
1669524
14037399
2790272
24286302
18559405
1838387
11827085
17654281
1508049
1133253
1884667
1492740
3860093
10829124
2078616
18712190
16503234
12026954
11284998
15773708
7986792
7730914
22305186
28810072
12696809
8648282
24126944
7087774
19578617
8047570
15948617
16060776
6472104
6708814
7888451
23834055
10946590
17489288
2299853
22582964
1994704
8117768
10079733
519544
14341747
6614266
7278624
18556915
1392032
2807676
8736568
24568068
15265099
4088811
2710657
2078615
22195396
10855432
9785274
15301397
6676331
2834123
16477265
16359824
19346637
10827795
16248759
22696222
12827353
11168599
6664793
11117617
18065085
8473982
3401383
2761407
19139794
19064906
21279866
22411179
7162585
6624821
26725648
4802804
15680142
15118806
7964361
3730456
11958721
16383098
11076136
9231435
20377129
8207370
1762677
15915795
3600432
21752006
7087767
31416
18926985
18805604
7918821
11716320
1790194
3407286
18782888
17469017
24380147
8117766
18521749
25128208
10214638
1500605
17201355
11052553
23995032
14715216
6875142
10718073
15589571
9786237
18609409
6222150
15983537
28535308
9299081
23889106
11155894
9644801
486869
16822148
12181008
21967269
1770331
2710656
2374790
9725655
17893468
4092481
1857244
11594355
12118624
27810656
20191941
7085180
27003746
8064253
16863716
26598878
3555092
12561660
2527885
8521941
2376455
27678061
6197133
1301472
2967345
6553247
8827001
23472955
2356260
25742626
21765003
21594305
3592026
11784410
16762429
7877294
11988417
3655166
7962358
22934961
1415848
9844432
12887435
9004055
19653923
11351866
2349180
12186667
10475496
26358445
27712711
17440803
10078665
9161222
23802907
12606888
11091356
26125674
11550744
1894902
23298321
9240483
11206201
1826729
23968628
454984
1873753
2791888
18173625
1788033
10946534
3049748
8893316
7925729
626805
2763209
7691556
21256933
22530274
27783688
3440671
22801344
16686104
11089294
10982978
11146764
10881556
16570041
17362567
7977281
7753950
15756910
12353766
4025304
8939114
19923106
1334660
11375446
6202459
15952260
3740110
9115021
11948713
11873032
2029603
6502068
9400341
16514050
1460189
10822242
10689378
12559670
9440214
12930211
18359191
22137966
8058872
7346784
1454953
2197632
8681048
8751115
3592027
8795952
11416783
11531223
11534938
26033018
27459805
19114401
8287161
2789270
19657924
7069161
18298690
8498631
11228905
2621007
7753954
25726721
8470667
22459560
8961823
9742179
9421563
7218766
11338319
21928932
21852157
19451379
9845
12877063
2811672
8557939
10649541
12834330
2319285
7931095
1600410
15049771
15116080
12509202
17688084
9126535
11480962
20193378
21703383
22003885
8412717
11185785
25768336
14645473
18283180
21859235
11243060
17166308
12963951
8117769
16091269
17000188
25735710
8946627
16574583
10165946
27555381
18591209
2707814
8004982
25799004
9786236
12651998
19911268
26385778
10412965
12092712
17577653
17404519
12647891
18485564
16813908
28338828
18511736
10512565
16569120
2083311
15540234
12484120
15969454
12055363
7050918
14981394
7610229
25298211
18020852
2224643
15904579
12201636
2140403
1385608
9351141
1112907
11033375
25424582
12559671
9113455
3612107
16766449
25730304
2115437
14679368
10192650
8564276
10360338
14629688
7299087
16754266
21164507
22021561
12672685
23092675
11713871
15881293
8345325
12224807
26173857
19147378
15566611
1956311
1637903
16426106
17535495
17012963
8189200
2972805
16309619
22836925
6304800
18482103
24934011
22133649
1912047
2816890
28592288
17411466
11103048
20041599
12697580
12187446
2812303
8263573
17447445
18456085
7591509
25557544
19011114
9584439
1185114
8399695
7318518
18296363
26017261
447970
12199216
1261280
8440983
8022179
20534132
8990421
26196168
12350313
11502092
21441058
10100775
27309385
7175509
16632330
15933402
27104895
8039363
9835059
28717809
21419827
19142828
8247662
18792515
8154563
23524011
15065937
22646520
10472024
7476243
11515739
7672175
8378552
15908055
24023690
6647040
16236190
23028629
18418287
15900925
2607307
12013372
