29235007
28988017
28963778
28940230
28801697
28588887
28188188
27768621
27692534
27302385
26860751
26788679
26732261
26729191
26347964
26342151
26123286
25887789
25073662
25025964
24657624
24268926
23810064
23507422
23216939
18213724
16230169
15782690
15711276
15282705
15094439
14984664
12913697
12002722
11383862
11314938
11245383
29679514
29422252
29254907
29076043
28795776
28742696
28664443
28222307
27883259
27611610
27240846
27184991
27145308
27066971
26450558
26383915
26358795
26003804
25884448
25790120
25325682
25163547
25064389
24913972
24676735
24485253
24063675
23816270
23509949
22644513
22542056
21347794
21262021
20173447
18560844
16118774
14527914
12819335
12736105
11383872
11078620
29573105
29344789
28288461
28265733
28008728
27826670
27497343
27221360
27059639
26551040
26512136
26417046
26277690
26246058
26170157
26159388
25585093
25533307
25512241
25298250
25101610
24740753
24617979
24368050
23536485
22735713
22171697
22098512
21993930
21922200
21761119
21140709
18773244
18161866
16917875
15256248
12050496
11776502
11745813
11456054
11198968
10816770
29136328
29030001
28884251
28881641
28746154
28698017
28576463
28574658
28477747
28432461
28351504
28138958
27909892
27896459
27439975
27315787
27272958
26833767
25436393
24485252
24183379
23769991
23517634
23355043
23082043
22922840
22308975
21909858
19434703
18704458
18461899
17659732
19089661
17151797
15495507
14635563
12494254
12232750
12002703
11976806
11888870
11388582
11250756
11095285
28488729
28258642
25847025
24977342
22559239
