27689899
27537980
26323054
26244417
26158890
20975344
19250290
18778446
18614677
18484368
18395192
18095323
17102036
16054225
15932602
15022262
14551243
12470321
11886479
11315530
10667458
7796145
7681455
3220971
1134139
28779933
27242930
26361380
24955254
24839251
24135931
23908148
23859625
20360599
19774614
17309769
16529798
14769845
11164794
11164054
11132205
9833685
8856705
7757265
10607122
7904222
1370321
3210044
2888730
3463156
10297914
27910135
27454077
26995308
25630925
24878171
24470708
23428257
22259064
22217111
21053572
19269892
18509808
16977622
16720446
16624940
15501600
14968283
12495539
12223571
11853346
11081951
10503686
10419748
8721153
7827336
7913798
1698503
2538054
2536731
3611409
6640013
28860592
27712107
27539026
26168277
25666846
24517155
23807868
21209186
18778444
17311324
17223066
16786558
16249553
12907462
12646316
11962645
11135252
10952475
10435454
9663500
8729964
8657096
8530603
7516350
8252317
8440782
1385489
1511331
2399490
2478596
2545746
10297739
13309927
