19188411
20123869
26711282
19016016
20137357
26446522
6874080
25220255
28614904
12619537
11532664
27862538
3170280
16061381
1622198
26568547
7790504
8240915
25368267
3322542
20189432
26872432
313586
9571321
7946830
1615266
20202609
7132267
20622366
17351878
19406610
15307489
22456914
3465408
7583907
1015544
15547172
7619166
15190496
11568543
27112730
12739338
24989115
8108643
15028409
3863580
22911298
21806324
1761949
2358336
3651262
27080333
9676533
1428969
17114069
22911297
9841300
6404521
16575585
3529009
18561112
594757
24262964
18619215
21929305
9841299
4051864
15062367
2652249
8820450
19838441
23830808
1386996
8400343
8793273
22422542
19940768
9727134
21414154
28555375
16205772
11172210
20187296
10470224
10718406
11408810
23199669
10635382
3235350
8678550
26414213
25255107
3573911
23477515
6682694
6732585
26666561
22842161
1892918
19160390
3942398
18206520
24326849
15285874
26568549
17663315
15978424
17766209
3725718
10505550
3701205
27015108
1892630
15717948
8860770
18691457
1890055
4047665
12484658
19216845
1701762
23739037
25053506
11443742
18936367
8916857
2194750
9611439
15610712
19225918
26505177
6404519
20606098
9081334
7743713
8129917
2083210
2755215
25193515
9406743
3815398
9932599
1985725
1642831
11123863
3681130
22791550
1989927
21493200
346190
7760903
25442741
19358206
19858546
27014858
8494909
23280716
17398340
21319060
8129922
27841118
11756581
10323029
18990033
8598382
15062370
3088159
9652771
23345170
18383529
18366288
9827726
23255768
8842476
1642874
20731202
926973
24596027
28982840
10738266
8842477
9030938
27117980
15608414
8827019
26969807
11195409
23996811
15975522
16020425
24415458
11173149
9785753
21331926
18729723
8712816
22070911
16361135
22570084
17327856
1341238
29275831
15069316
786526
2538528
8284357
20873095
10857164
8558581
15488560
10686537
17450476
1495349
10376748
8112003
24633882
22987957
16552262
8849806
10945484
1869434
23982853
8180585
19128678
9852538
9070017
19107947
25167581
15198047
897969
27416743
24307576
8238757
19357012
11779329
11172216
8214300
10494513
15202100
7603268
28451717
22127835
12232473
19959031
27487932
7619167
9676534
26563006
26617944
15004709
28741416
24909486
15554584
3683055
22805870
3530443
2143928
8925518
11665403
27075382
11876590
24995842
16494125
7175332
25307875
6967203
3134827
22987958
26490394
18477798
12587244
9141399
14736837
21636536
9702542
11359139
12954897
12755762
22034734
16408742
26074273
20537210
19484762
14499141
19999757
27841114
3343713
10064642
19635396
20848428
9927972
3950501
10979122
28731808
9522575
20125024
24010911
1903785
2364389
21598386
28055120
3476069
12297811
15570801
11428447
27080700
8055436
7083129
26040551
20552336
14977085
9683845
1795131
8562325
8869961
16391435
755803
20168233
23199658
27272804
15095258
9081333
28449168
11120489
15785873
23616414
9484944
8173406
24240099
27061855
28246479
3744849
8971864
19183373
17110661
19688854
16860590
24596123
11299798
2066263
666640
27756320
19718757
10615525
27227458
11010673
22302641
26496574
2025343
11042558
19476614
7638515
2242260
18790948
12170026
18327030
19917927
12209746
21591356
8558580
11713721
20848448
18206418
6640995
7132504
415278
22076982
20637102
7326659
8129921
8348505
26887399
28814693
8326226
20191627
15069319
23979205
2025344
21093108
18398584
11765439
10841195
27726294
20656416
19544378
3383968
25242350
26040567
1989926
12717312
2508017
16831082
17338655
14524192
8902686
20873989
27841133
26923486
11448350
19536555
26837665
25639864
21448166
26452710
7970613
16148715
1741710
7333912
18640893
23605777
14515092
20683605
2802047
3397637
23712892
24115192
7558958
16255495
26022288
10208665
19863328
10870751
9065650
7840921
20684089
15288829
8370650
19028342
16273413
6463260
27823577
20967872
4017430
25292035
10859519
7569017
11296617
8615964
7377423
26336794
12739031
16575584
10030228
14714129
21674359
9891541
8558666
15818162
17252236
17413411
8086215
27865363
8804818
21990218
20629072
19209011
6465974
18803884
10766395
27862678
27315088
19219505
27649110
11115282
21155453
20199940
19295974
7987637
12923914
15902326
22659942
19128670
12176777
25411434
18300991
20622648
18715810
22072048
19672963
8275423
2198311
27330003
17426250
19126338
21721349
9874465
11443743
27230064
24935361
26568548
8783651
25979394
6309710
28230929
27028011
10382094
27841141
15210560
17114083
12112553
