17317031
19781346
22033684
17009632
16764775
11190805
22766795
24678678
20527231
20079187
25823145
22872167
16810057
11849740
16919866
15585630
14689303
10757340
14559387
15948123
22231875
21531001
16803539
9699651
10841815
22503752
21309257
25773202
19696618
12649668
23669345
27097697
21137246
9635567
20833413
18528284
18788685
15385114
16160475
26114084
21623071
14747944
11431710
19224164
12405911
22937575
17085648
17349568
10955808
15584653
15583796
17642468
17303223
16080017
18377423
11900573
18632658
16329044
16402032
21272308
23288720
19180120
18061438
23471917
21989218
22304686
18814240
23740945
27288872
25684138
12948417
21415869
28984400
25421527
29250656
18287870
11873308
12530022
23760948
10910075
21181309
12015762
27910065
25337560
20396392
26376893
25698082
17365822
28509323
21397598
10568810
27910071
27910070
19930726
19101990
17062663
23630056
21547354
11943731
18048091
20858763
21470976
11818530
18043744
27499903
17455248
25415225
