17514579
20666647
10352237
1544798
11660870
21683663
1108498
12629875
16950665
26014922
21205784
2688200
21476302
23494299
26999656
27922601
22236328
27920390
23591087
14645702
28186615
25095509
9432285
12798230
27026054
28425150
10911950
24523270
26075903
23955247
17288021
17334387
20050913
8275663
12109266
22308456
26379106
24320555
2875549
20149019
21979157
28087771
22443485
23461314
23046428
23997185
10937187
26181912
26299271
18803642
5899024
9383366
7815966
22133219
19817851
17877000
28274203
18331458
23264487
25521015
21558240
9002236
12706994
20050804
9243022
16889463
20361203
25009172
21575715
25557381
23291162
19016828
28123105
15611964
15133191
26995772
12732265
23106714
19324792
24845673
23280924
18053074
21787419
23599959
12232505
22178432
26775795
19281425
24459698
17056152
27022073
16882515
16847739
26079079
26085517
26417011
24088560
18983256
15889339
9342849
19906303
14977547
23709461
11536845
12044942
19187243
15977895
11542058
10673145
26011082
25279836
9611770
19473389
22946816
18573064
22789512
15669965
23406696
19246118
12530235
16221331
11197524
10838785
9441817
24324170
17100096
27514782
12165913
26911958
23770214
19213303
11534739
8041694
27471225
18246297
17089975
10839531
12449487
15376535
9722963
27549326
19687127
27783562
27741948
6870671
17917872
12011791
17002946
11197532
20526791
24353204
28957523
17536166
15559494
8885718
15157286
16869413
18217488
26496003
9303786
25857526
22023052
19850457
11022221
28768887
23518414
22205051
27370801
15824835
12844547
15330867
23109712
11438373
15734678
26861137
23190075
22814840
16399893
27152421
24341364
27984033
23937440
24997626
20484242
21873644
17621669
20236552
14992807
26667379
24965133
25941389
21145350
16163709
26818824
12727549
15355246
27208829
27252190
7556031
23524280
26065704
16380155
24551171
24256998
19220344
12766531
15821139
26519514
21458485
24958926
22921002
9342854
19456324
25445764
11971284
23071555
26828818
21813617
19220745
26362289
19357787
15199953
23627891
15660509
17621670
21281632
27688015
14743317
9800368
20735349
22888907
24112664
28158973
27095452
9415100
22566673
19474039
21763414
18852690
21944211
25039424
25804818
14635914
22399377
15520374
20041859
24025685
28370647
17627470
27714923
23815749
24551129
8706808
19837108
26243614
24150273
10721617
27596485
21526989
20406386
18693265
21729063
8714348
26609079
20587059
20235317
21510975
25445549
24353202
26295156
28447364
28447371
25822721
15664623
28074535
18493723
24732957
11537368
24370688
22834739
23349118
22842521
22993722
18524301
26344178
18045649
25333821
22717685
11761065
27590526
20514226
9419358
23107024
27252194
24367537
28673918
25271121
14693362
26808102
16761547
26616172
29054171
27528758
24854659
17040398
26936361
8657194
25873465
24121498
25367752
18407058
24661039
11915939
24926022
27881736
22387373
16706667
18714346
25407964
23792048
27633460
24727786
16731581
19440747
24101455
22958919
12137233
28696392
16677431
10405988
19415638
20335408
27062218
26858405
17037808
22721995
24882817
25886731
17687669
26907500
26101420
26853941
17182101
23185478
22841759
25347834
12879445
8072294
25452251
8577292
28173747
17103060
24351787
15111730
18077342
21134096
24748021
23136876
23045653
27903701
25524309
26373338
26879005
15611966
27072809
25761765
12625037
26575641
27871309
26203001
16415927
24547668
27619694
26403724
20582627
23257622
9591361
12516005
18557976
22415104
28797224
18287064
22817634
1470026
22856883
10689155
25251439
24861811
21340555
25813422
24356112
27267057
26752723
26142353
11212183
24500062
26635187
24732404
21251923
22173310
18546737
16732407
19732491
16463103
27218454
22726425
19210806
14499504
21724617
20370502
16450701
26573836
22106280
12703483
16033556
16497363
10342289
16599910
21319244
26275942
26336166
25781417
21158996
9325483
27318097
28945943
15611979
22904097
18166134
22515705
17098371
22394472
18409431
24088323
19674339
18044191
21914801
17709950
27128561
26849879
16418279
26105654
23545444
17936135
22912585
15133194
29216330
20686706
27362490
22570076
26944343
28229554
20840595
21515810
15652252
19860556
25223796
10995474
28202049
25983113
28945786
27573050
25519058
17784917
16111764
21699511
19534823
12543257
19711474
22529952
27964786
28383827
26702956
24344830
16542753
11543121
12099195
26869021
24850861
19946895
15944875
21381075
19294454
26251035
21872159
25146235
18717747
26979310
27968985
28231417
28389720
25682392
27271616
12093027
28358304
27639694
9881526
25886355
27681253
26363553
