28806475
10565009
1480076
10125067
16340103
10312501
10312644
10170515
15797714
18062926
10454238
19463894
24053757
29601482
11936066
9932409
21858729
17566647
21542684
16708171
15957163
1374477
21359852
19629394
16726190
15279711
15680936
11716070
8981244
10584846
21231825
20807174
9316053
17041888
20233127
20307100
8979813
15070121
2108505
12821796
17122647
26269128
19499984
19039523
14552881
22313360
12637158
19392599
20820871
8987827
25434383
24335698
17886559
17206780
12430179
11716072
25550537
21574647
17206472
25503117
15309925
19887560
16862547
28883042
9525721
26472821
15698619
25731774
8865207
28698503
