253763
17794532
29007196
29007187
21010827
7742697
508484
4810340
14086861
6529072
6580506
27396588
29590012
17843370
14258071
20496499
10130689
18699445
699549
8182950
7374227
9961739
9897642
14147660
5737671
11434148
6177271
3670983
10035899
3487451
7103880
24117590
9906402
7231266
24830884
23157349
3408407
3383087
6782253
1126975
14153773
11706705
1309193
23729719
10711531
7361678
7416120
295398
875863
18644544
16824583
24442559
376574
5411342
82974
9137241
6791682
11405850
17549024
28902751
19839855
11077187
12873221
8897014
27802536
12025444
14135294
9704213
4045744
6499389
15070639
985192
26110703
8585844
15465236
21517633
23413673
19672845
26630703
630694
11020315
25789744
390103
860679
20561472
19392060
14970683
2240526
21199942
19365068
22848819
11774019
592229
9850807
28406563
6131855
444343
651967
22298214
10039786
9257000
1617896
6783825
7998934
17439576
26295988
21417731
21189713
19847480
7004155
665521
6116964
22303826
6566664
6109802
17265197
7195899
17404672
28656997
19085222
23686391
20036414
16919201
8580702
21528019
8551042
7602634
2593010
3632394
27298878
18414454
24719529
17614356
14970685
10816704
24830890
16477986
11099900
3783516
7012182
375510
908378
25921938
23580534
23804657
11904001
22327369
20457502
74946
27895091
22614376
8799245
27475447
25044135
9115635
21083287
18811869
18641593
12115136
1658142
6235988
17081312
16866314
7576435
25201664
28515550
28297176
26039807
19610016
28270428
28599947
26915587
26226308
20416928
16620913
11426073
9504914
9232529
26508528
21461973
17210241
7483245
25274604
12076216
4064479
22762740
8561901
3157819
26307573
23054973
9341741
26655670
23287764
23046264
19353263
18626120
17523932
7790494
8325856
1645111
10901980
2620217
9655441
8469603
3618669
12934886
26319411
11152116
10411875
8357175
26139446
25767432
23068783
14661937
24148889
25594359
10672076
8104378
27252835
25946659
25133353
23815827
22487417
20079859
18314905
12012632
10891396
10826960
19259596
28406564
24188397
20483557
9092829
1634521
6180622
26360846
1453181
15377831
15367968
15070640
26652325
25771994
23278431
21968714
12816736
9049633
17127754
16211579
1420200
21290607
11146100
10569968
14346129
28552511
27650578
19356879
23813216
22840715
22522966
21203433
19850429
8642312
25752825
7260985
27414493
17311385
29210385
25353899
19413082
18969057
11248890
3979365
28360502
19150188
11779826
9574517
1358061
26395473
22121505
17105616
6431780
114744
27685467
7598243
26183801
20196939
19717183
7241762
17311320
22613144
19956558
16753667
18263455
7435665
25263690
19462251
18789811
8949914
11996288
10343910
8261006
18664945
2794409
6614228
19918605
12089306
26503173
24223622
17805455
17054149
29142699
25695939
9987886
7355758
913119
27600185
27277879
26264893
25462536
10330122
29413246
25447711
16132353
27188272
25728474
23133804
9371091
23967700
22837294
18654323
12039007
8457825
3341502
27435386
16942655
7351786
24288044
26439101
24166723
19535601
8636080
18023793
12547375
7942120
2236724
26803747
28935365
18632037
11576804
11312546
7455710
21516434
14767921
21859658
23862707
19159438
16506158
22282313
19530943
29150052
2748520
27397070
24384506
2312764
24801593
19378650
1338909
3298524
23751975
29027640
23822127
394412
10630635
24700273
23862706
15376279
28625864
22278250
2244543
3722317
26757944
22883693
17212853
1350489
2479185
2436025
27725265
26268050
24574178
21719205
21253807
16951674
14667813
9735170
2303114
28796497
25209021
23771337
20565766
11090864
27960543
25496253
22098764
19260343
27855981
26416566
19530142
19525014
9741910
7580924
27546953
26071560
17503679
17080393
16933889
15134813
25759662
23425236
22108153
21942519
21903807
20022440
19273256
12117447
11874420
6238458
25549614
23512926
19193262
12397595
9001207
2024238
1967217
2523513
923308
25868154
25249860
22619671
19944631
17968897
17953513
15537536
12238652
11155425
9722586
9186204
9013257
2566530
4001206
25431974
23202918
19681284
17606902
16170354
9804604
3734934
26712893
24811264
24297231
24107004
21090005
20615556
20300151
17045716
16737680
16221257
9630436
29113087
23836098
23821323
23138755
22302802
17518633
11960438
8750581
6237467
28788098
25384590
25190714
21528907
19771504
19012083
18779579
16175560
16020636
11124535
9271378
1658176
2194967
2849876
22648431
18817475
18278557
17346774
15542434
15352240
15155316
11774317
10992304
10708409
