9776940
12841050
1791104
24783993
18257977
28557519
15473026
20360275
11396042
21330281
11009855
17557695
25588417
16638523
19273780
20187004
18231083
18303715
11076248
23884790
18725845
27015098
9114626
19950287
25055607
3121952
14572431
24311201
21928739
7759739
27294750
22352364
21644969
28964540
27588580
24134797
20606188
27154430
20337739
24151790
23680339
19652124
19780855
12674417
16625066
16255465
12610059
18370966
23676411
15371368
12196651
21563363
28065520
11868835
25772763
28252979
26311543
27000795
23930326
14652342
26167778
25542741
23857068
20549763
28034069
19619248
23482514
26512943
21947738
25713952
24999158
15076807
12760330
8658316
19656228
18048553
12407965
29233128
24905054
9247848
22930313
10199674
20025725
25617907
26721720
16602226
23312305
8021027
8478969
3552517
25898219
11067701
1984153
17099124
23073732
21841296
11092157
3547127
16180284
22388557
22278301
8908890
16776886
25473731
23412363
17610435
25091259
15333057
20191325
20494237
12165686
26727546
11986428
18580390
17087614
19536645
17407642
12133160
16278501
23800044
24188800
27213546
19069286
25670007
12927473
19786449
20118144
17957412
15755410
27669426
28012312
22698012
10977465
22716901
20500223
18814028
27400913
29517689
23062785
20662950
27450047
17882501
16314982
22968219
3141955
24464180
21298482
11494640
16448968
12028224
22368223
14535597
24937725
22217663
19552675
24102408
28532412
19690955
11761342
25648295
11817920
28151940
27676212
17356029
26613701
25756197
24828481
22895158
23023863
17556682
22525608
23727748
28856941
16638522
22554395
17509286
28081234
20213234
25611702
26618440
25458405
25132121
21320939
17326323
26620816
19047489
19619247
15705246
18500503
18796581
27101388
28869212
17030971
10425953
18317473
26112257
25128038
21681224
19254199
10835085
25442235
26025823
20169809
23706653
14660509
12437388
27031996
17330975
22973677
26209271
27724882
27976494
15227756
16946158
15746594
12080457
11367970
18625894
20206909
2008858
15226052
25935258
16302832
24328621
26364659
28592269
22813941
27476805
24476784
25840577
1518310
16505503
15769828
23086153
17000414
20107196
27917490
21298477
11371693
23246362
15572565
21632508
10731494
20019300
28241184
22851980
17557986
17361045
28542734
19889825
3141948
16782676
19888649
16988083
23251661
11509497
20548257
16390896
7892916
23855750
10388975
10313414
28365089
20710132
26189937
15827100
18069911
20400090
23466259
18405809
28577699
15213496
26974165
21802568
16336070
22002644
26349935
19336348
22095362
25023917
25647516
10949009
20851268
18198315
14527252
10480626
22331514
24837398
23748905
28274336
19590354
26085512
25153092
20512746
21319396
27310341
20843702
26775907
23528289
21721967
21740191
17439380
24039055
21325184
28407650
23244443
11785854
18662198
26320928
24129103
17571013
10480620
18465439
9449691
15487307
7936851
8425101
21164481
28976535
19096090
23213059
25533317
18374243
23607267
17036573
28584822
29021217
10916961
12133153
15841585
9476309
29638303
28237367
27669718
20935278
17362219
7739078
15741790
29565323
8785695
23618543
29578602
26297090
28462282
17431443
9114629
28056514
15036221
15746592
11884968
26577228
16584463
27466264
18242743
21976416
20724698
11176556
20123777
29198537
22596184
24684962
19548552
15867895
21335297
24523490
22261584
17374630
25166512
27702412
24253378
16264003
24935611
17510610
9925168
20515487
23436896
9496984
16327097
22108361
18810555
27520100
20806828
29579318
10296631
29655830
25075610
21071311
24650838
14511160
24904239
14747754
24312698
29672691
20307830
22005038
1921724
18263558
1943713
9235072
26152220
29393967
27475105
26478102
15561395
21306364
21450253
25739558
24670075
12218765
22316397
18772298
26188363
18794032
16625062
12133161
18574089
22192958
25215919
28806891
15351536
28515272
25466431
24355819
25863550
27711031
23585711
18087992
16025723
16939988
28302596
25249672
17257458
7724312
22679682
1986178
28078660
26156924
21886506
18049347
28452961
28557627
20352070
27895576
17198895
29672145
25257325
12153372
28318844
24597432
28025599
23358294
21711065
19080018
19250153
17355730
28833943
22808695
11816705
10659688
29128408
29329148
21967575
16328707
23993478
16222946
28993709
23158463
18580394
26862887
28488037
25623683
25294564
24740726
18316358
21365611
17403825
29103445
12728083
22005635
29306114
18940977
19811852
29518029
29576657
24610181
28879246
27028878
27221992
24574354
26026476
16962175
17766516
29564754
16540811
25566343
25584047
19996476
20117556
27155608
18226325
