9617435
16999361
9187111
11034592
8683987
10024675
9155671
12894891
20340136
7630644
17912431
9894245
11719461
12411158
20531246
7632963
12632489
10022125
17223311
10766393
12528528
7640217
8900425
7743498
11869517
15304098
16393249
11776574
14506146
11831977
9893670
27220764
9989830
19110720
9279366
11960918
15898427
10389982
11775834
9531609
10037301
10589545
9041193
12118338
11776848
7632931
10323080
9508208
8589035
20843112
16412137
7775254
7923195
8674005
9033652
10400184
11245000
17085950
11555154
9827921
18331779
12060387
11280771
7726912
12469165
10666371
17106238
11832104
7670475
10072815
9456359
14734474
11605066
12234999
9772371
7923115
7833469
10574255
8093026
9664128
10432931
8934532
9473234
11832187
12712712
12717828
9334810
8631583
9354451
10378889
22429295
18559592
12549483
9808520
8855819
28072975
15150093
19101490
7630635
19260062
11869511
10937052
8710906
10383161
11782570
11208819
7887443
12124774
8613012
7606711
8570179
11752859
8835820
7576106
12391839
11191353
9426066
8023167
11801303
9231912
27540971
12606942
9098651
17001621
17549378
12903406
8009205
10461063
14604895
11932901
11433400
9058294
9366518
9115583
10408854
12635166
11438467
24451276
11802210
8878451
12870051
16893909
10536183
9333020
10389768
8920672
19140325
11720478
27646764
9259969
9815774
10393843
9554401
11156381
10775844
22724384
10688850
12673679
16184554
8637248
10194257
12168116
11435176
8541841
8674033
10958872
10380936
10067984
9414654
10534174
9443399
11850526
15985168
14598358
8630967
11410326
20860314
9217972
12202501
11119125
12690301
15140233
19759551
11874489
10793068
15365986
8028660
23065809
9665476
15517085
12080712
11571653
8740697
17479413
10667595
10627132
11495043
7728764
18505964
18081229
11982701
15197677
10514534
9436977
8621247
20077021
11704835
10595915
8834170
11115575
17152048
15960923
20884963
17438182
8840981
9264400
11676877
10639144
21165583
7632961
12460469
20682398
15723290
15978739
14985402
9054597
8668202
11836684
9070336
16374456
9284834
9166931
7577621
25886176
11149028
10416987
16551852
9454653
11380395
12783922
12021900
11943705
14506702
9369426
12903437
11733961
24767865
10921094
12149142
11263361
7734767
16410744
15535294
9209389
9276865
10651484
11123721
17659731
25586427
16285551
9628511
16052827
23714252
17243166
15148814
12684640
9489481
12541773
15779580
7591275
9579564
10874641
19712690
10220498
12536530
8679444
24710824
17924978
11101148
11159196
11801557
10090949
7651729
9393981
8887073
10793118
11221509
11869554
9600204
12768709
12920094
18460031
9393758
9242437
9881704
11555594
19043591
21063720
12853981
10101101
25435355
10498902
18813118
16902913
8747595
9355981
10470133
12362978
16032697
15901131
9006095
8723678
9029018
9309120
17715673
11110976
17091472
19298278
7747814
12429633
8760583
19383812
11510469
9712735
9469357
9759649
17990010
23190892
11819820
14518436
10491434
7478535
9616165
8826890
10319873
10373639
9806478
17488404
11522621
8697090
10320093
12607585
9366289
18421954
15608367
11820617
25432631
10541865
11113097
10395284
14581362
8153613
19190129
8912526
8834533
10938390
23376716
9122044
11676855
11351270
12352668
16604500
20132244
10079377
14732922
15679305
8637233
24259266
10557071
14556920
8855976
11776785
18268126
9086436
10982754
8153634
12148179
11531258
10921309
15150445
11820618
8705996
12461329
11706079
7862458
9377576
18612309
10563476
10471040
10072856
9461066
18505965
24249631
10071231
15818729
19375815
11103670
18843795
10391689
7882134
21671908
22440936
9713590
22295571
10899669
14614047
11303791
18305067
11711426
9495360
11709708
10619963
10966854
22820083
10854221
25072932
11544530
12200702
11313998
8552400
9827724
18060046
9036865
15918556
25865695
12731669
10071127
26613644
8635161
7697342
12898359
17625456
18981015
14499690
24065197
10634644
9698478
12009890
10328220
9132280
15014024
9537647
11433531
9115582
11518711
8621224
10735543
9049826
10786670
16696307
17072193
8665486
12101778
12545816
9407351
8653684
11929827
16104874
7744694
19440353
25975910
15044833
24345274
12175554
17450239
23845435
9299424
9212218
23225431
8603340
15281317
8595411
25061879
11550308
18509008
10951521
11286481
22083977
8616035
11749694
7700630
11255261
12556369
15492982
15265701
14633303
9934853
10648628
10754208
10994011
20358387
14722917
22705216
11910987
12911724
11283541
28034324
15466178
14745721
7614482
