20063654
10205541
10652646
22473733
9541701
2922353
19233050
11410765
1833534
25882452
17922490
21539717
21040004
22880366
12810934
11235261
27768130
17100864
23918160
9506872
23631080
16137814
18295620
9769352
9275811
7864600
8343375
16164535
14596374
11103558
15355529
8173289
21882799
25042522
15326999
19947027
23065861
22386009
19142153
23385306
15902043
24260991
19275023
21642910
16119640
19457481
8718235
21668620
25612222
11308053
11865243
28976635
27564927
23750901
20306616
12687510
21537282
28821941
28202747
26012104
25380077
23982436
12382302
8711261
11859558
12642890
20966863
3849530
24510655
15197291
17122688
12357168
22745012
23223424
26096922
26307614
26586500
19128344
22067584
28324133
26706653
18785194
16911172
12634227
17117489
23339503
28009092
21334623
22325742
23099285
15981606
10289067
14735676
12519286
29399585
25134507
27400358
28877699
22053161
26117711
17984875
25543267
26950470
12652608
26397428
8605269
16464188
21392764
24088621
19966683
24662690
22746352
28574972
11886965
24260990
25349859
14967180
28970314
10914846
26646597
26871999
21241497
18528818
24832843
21175732
23348221
28248747
16286061
3379620
25641894
23206315
22472928
27042334
8165442
9494994
17041993
3123614
14720300
25687985
29422173
26890537
25569150
9295452
20217660
24688908
27809630
11767299
18697184
25788775
19213448
14622464
18228530
24759686
26744728
26890177
23574748
26952680
21452264
26544175
25363521
9136288
29625967
24318285
29151046
27111819
25624016
27538838
25496045
29144636
18004190
22679710
17041995
3265423
21371146
27293773
27709770
15104856
26537725
22068002
26356713
26551381
7099091
14624179
19018189
28615051
27888965
23972864
17413494
21123324
23139011
23377589
29019421
9679808
27846750
18815004
28539677
10661313
21399456
26562464
21703897
27294648
27660417
26251413
24872377
21540202
15911202
27064275
26311320
26552423
17665537
8591655
27692433
28010120
27673575
22067836
26399601
22510676
25033147
26453249
25623388
25183043
27633823
28544615
24293569
24986850
3441121
29314556
9181410
28166793
26253344
25863045
249832
23928236
28495310
29142026
12592786
27140438
20462647
15775554
7791155
27749595
29496225
26403284
2352764
8803862
22897128
28075155
21350382
27702913
1865410
29317823
28971075
24614280
19638061
28646083
16449368
28743324
27217726
24350212
19111369
21068180
16980807
27513413
19591058
26857028
26273625
27852301
28831245
25468430
24383591
25989126
9380001
28375829
29487805
28635309
25487182
26657481
27367831
1348938
25789516
2320762
8807374
28096021
18232100
27532459
28772243
28724649
23772583
10380834
23370497
16248289
28464888
18192145
28607573
26909913
23958797
17634188
14578939
1779087
28489423
2259967
7635742
25047643
18466573
8014929
28882423
11324781
11748549
1837315
22267889
27357193
26763276
22971883
29661183
29054023
28196535
28881836
25479074
29385538
28333949
27825576
27397827
20436082
26329338
24824742
24844672
23322467
16119657
11892915
26059352
12469727
12320287
26233488
16834582
12754727
8921923
20664466
29415873
28879053
29342965
26513306
21609481
22830622
16292139
17976235
28859325
11383403
8000738
25661738
22978773
25411550
12356929
11310945
24063209
9179174
19326827
12854292
28369029
26955827
25620673
26912585
28351725
18796511
17009689
26938508
29559716
29096934
29548950
23852694
28532395
21178083
26839606
9037344
17487764
28871379
28846445
28540157
12595623
15291772
3608369
25433349
29525844
27421886
24521737
25862243
28528463
8455994
24346871
16134724
27747511
28424695
27262798
27980014
14729293
15124712
19849696
19454008
17365422
14668651
26176644
27854539
17665488
20215046
23718556
26360916
22964589
27861372
25684772
24331070
26515960
16502749
22669600
19156223
29115749
1285866
18193386
15940559
26279199
23743482
16687254
11950396
27590658
24559718
25947325
27913812
26473100
29200912
29087507
26170203
27220594
19647986
27405639
28650674
26088648
27820209
