11244800
10505492
18773751
21621392
17351387
25378178
17674516
18287344
23282121
16607209
23138756
10863813
23698003
19227863
23933695
23401272
27732655
3890539
8446535
3068210
3285861
11641755
16114338
10418425
16876676
8331864
16884659
19107106
7930281
618450
22664863
1482747
8349321
9883064
12355322
7743160
23636856
18996836
23816929
21528810
15171347
10100692
23333346
18058454
26491099
10698053
8174364
23823602
23040080
1824603
7563720
24732974
25004087
15068965
25528843
3306843
26927805
2576663
27496822
15729375
4062123
25360593
15315027
19741540
17685189
20336150
26118068
19490286
22783643
18074610
25906649
20653609
17073699
16076275
20559301
22460555
27622534
19331253
18274928
7483180
17000932
10024323
12364344
10847146
19358089
20574246
14872154
26272341
12142258
14995057
18227469
20418477
18677587
27601201
25468654
7512470
19421783
19125857
17954523
21722300
19827536
29158358
21906830
8070430
6338789
26961160
19663304
19427502
25416103
14749502
14978541
20706196
1733133
25816628
22495646
10193861
14711064
18219938
18540279
19237685
19096375
19051841
26157057
6390314
29133358
17263714
24073473
12948431
8158338
21062377
24712983
20480718
17109243
1946785
9471794
8400973
16736704
24785976
27252389
15834354
28356045
11272303
22595448
20422737
10456266
1413603
18725503
26041447
22573071
3228793
27441541
18369355
28451851
23882034
19882890
7512473
21124341
12151869
26186712
2101435
22117769
1946784
26482750
23579967
2620473
21744143
12522462
25772474
24794969
211612
23426087
9569170
18474174
6286482
19942842
12148716
16617231
8520632
7239769
8158405
25842663
19278603
28539257
12145888
25240055
25656260
15455640
266151
9931161
3392928
28532816
26482254
8648658
1986992
3314467
23688771
10842649
28404736
23784905
14686965
12183846
26350297
27089507
2286133
1733699
19423489
26098701
2620474
22461375
1649863
27744513
3415792
18311121
11841964
7662222
10805050
26999858
17319461
17076996
23984050
9612008
25652533
24161597
11986887
17583184
14732721
8158394
24981337
17979791
18474832
22713152
8158451
24575775
26077561
10225686
8999155
12441220
19763017
21395106
7700882
21966945
12712605
24636393
24300595
21534189
8282380
1729324
8482234
23959553
25194014
14700520
8491003
27207266
10100687
18592951
9227581
11721888
29099698
27866959
18311124
25153572
26077566
16261690
15824751
26031157
12419178
16896999
9440365
17028491
9606863
2662932
1615878
23530432
21720428
7426376
11986886
26779620
1306018
10842654
1415317
22537054
24844198
17627321
15869606
12409951
6651022
23299052
11357211
5067842
17198905
7804753
24012172
26066090
19521418
25748147
9047433
2799242
22995840
19172459
10592777
19605765
15607067
24934285
8047526
18717248
28532431
24430701
2629450
25669677
21419745
22853559
22652826
22871264
3384559
15108431
10089734
23035599
23880805
21675827
27935348
3531414
22103875
3152841
27183311
23131980
18300516
2058561
3884691
9258307
23108647
27021014
10612167
7986464
2155002
21526563
26482751
16570640
10727042
20973466
18437134
486514
9819016
23226254
15481761
24507240
17139124
14993537
15946459
27105587
22288675
19520659
1483614
26621877
26934907
16713364
14707157
24323962
7902088
26666597
8355419
14624131
20430124
8091115
15942468
16151443
23438931
24356545
7016160
24021483
2286134
22902874
19267925
24821373
25658228
16006832
9115774
19114642
10466468
20516527
27722962
25210109
21974766
10466459
8872829
22507609
18474183
18086947
12968300
24117841
10822414
18287345
15723966
24641219
18607142
17699463
10997670
1730454
7106947
11145111
10513834
16355015
19849800
21042324
2086496
3228826
26240271
22008920
27884225
24192695
22713264
16716756
20098323
3291511
28105961
1921118
22024666
1336404
1407823
9080913
23685666
25020165
23035601
10702768
18369365
21450671
10842655
15381953
28643191
26064992
7162965
25558679
24011171
11887431
8282338
17389696
22688828
24801134
19249443
25339297
15383269
17168500
11273248
2286132
7817062
22968099
16355020
14724660
1328365
20688085
18191291
23283360
1479226
3389203
9080920
12724061
23529593
6350780
25833705
25908470
16511507
25199447
15649295
23213849
15716982
11838600
24103435
21276002
2254774
8091112
18989256
22332488
12365082
24561749
16617234
9886890
23356136
25466493
20873255
9017273
28280348
27825280
24577758
2086323
23475645
15976367
23002705
24120291
10192227
10789224
18256576
11224028
21672304
25557182
16259503
20731104
7596901
24821943
23354399
22836188
1458813
