22821714
16005584
27039825
10207107
22098949
8168148
21280207
7532586
18281744
9276026
19795387
7595100
8387950
12623754
3053304
16971506
15160348
9949186
12077556
1872820
16308312
19013013
26777595
19236112
11566196
8900208
18345257
19333544
9409246
9747510
25597959
11749725
16964404
8384446
9557612
1930137
9101425
15328163
10403834
1400506
1653625
18355829
10334298
2555705
9753428
20371611
26807955
8631129
22171088
19967152
22871568
1974457
1346397
16531450
23221600
22193356
12447876
7568467
1319316
11959985
15155834
17721824
11358806
28740758
8354961
28971619
11235560
9747872
29274785
10513619
8639901
20655369
15727703
10570061
1964954
21533478
8652648
20563322
15795092
24819614
18497573
2556111
21262253
12031898
10748080
9317155
10788308
8463228
22654482
9347928
26691139
7925361
8725151
21108930
23551903
12663510
8798747
17641275
7918317
7744032
26304124
18025263
23026305
12482660
9169468
16713217
2542313
12679136
3369866
22900098
19326768
9242380
20674638
7686194
24071584
19958256
9873059
10721723
26189955
17283379
12393901
15608132
10999953
2781520
22059741
21732638
20732341
17372916
11390424
8460940
10681578
28552654
