5087714
5412083
914121
5116241
4896867
4415385
5479840
5527209
12208457
558944
2613530
2308146
4396250
11310603
14741575
10947734
10872576
4355303
325395
5440304
6733287
15481
8998464
4693140
4646783
4267528
8535592
2099422
885165
5972630
1171809
980709
23404978
5687587
5350812
4348092
20466244
19413828
897991
3339607
5954032
11524344
5664148
16445924
14525837
5132562
5477305
4946831
5442296
8782229
4335111
3668108
5514762
4838793
1171807
9292339
3140463
459155
7930981
4317857
17766197
4392531
4740642
3527527
9807603
4393416
11506099
4834742
2640912
1114937
4147048
4150999
4327962
4103986
20679472
4819091
3966226
10832079
3039269
26476127
21641198
11884497
13950601
14187495
19777670
5844336
13951909
7270171
2929988
5780049
681269
6149362
5210688
5685896
7463342
1784750
4079500
13415915
14245221
5175944
4052858
14472197
14035605
14303425
5681918
13672750
5684253
13332566
14103181
14201119
13928406
2751185
13995111
4504923
5944058
5451542
14105875
2320774
13877529
5176997
5912682
2619014
6081082
4386541
2244064
4378679
14325516
14943343
3231877
6009556
14103182
4855378
6146770
2524805
5131166
13418589
5855799
14269601
14170580
14225093
14163327
5663708
14314914
5917140
14146206
14470948
13258566
9014643
13837215
2597255
6115007
14158362
5386560
5821799
5630971
14261100
13770952
4383703
5583223
5054211
22726
14445621
5832179
13859802
6035739
14300122
5882929
16867110
4382060
14035739
13478285
5017552
14221711
14135501
5830453
14425226
13410911
491823
4170076
2857977
14212823
5845369
15144319
5858605
14203966
5121420
5943123
14190009
14099343
4692928
13356437
14387943
5346432
5829411
1219083
13915816
13898081
5487771
5858720
5967608
4390149
4258271
13971551
13473068
6036416
15803299
13414090
5970902
2258979
5630942
4286941
5121397
14327714
5664030
5357003
14065879
5875594
13659683
954918
13638636
14065947
13190623
6076605
4150291
5796795
8460816
5524296
14425245
1797358
3442741
5723998
4235901
13405825
1973639
5587051
6145957
5967605
3624835
2035816
14091356
4383690
5446109
6797600
14046185
5314407
1575348
14265270
5116054
13408326
5303795
5673632
570712
5967611
2486299
3787856
5724002
13781149
14066275
4690467
5362430
2215115
5970684
4104791
5694298
14314202
5673633
6023401
5832863
5095030
5686517
5896314
13359481
5869030
5124049
5659789
4156187
5952786
5673949
5441164
5971368
15957694
7435338
4383387
15703094
5967592
5338640
5899757
14189311
14122979
14075986
20081625
5431052
2282146
13172865
7449821
4397447
14089117
5599623
4379288
6056689
5949373
14195853
4282349
5804617
4229412
5325605
6144866
16987863
5918955
14116313
6055703
1162176
4294154
3945989
514460
4940272
4369053
14125227
13189164
14066277
4157941
14320539
14145179
1156025
4294206
5386561
5901296
5358656
14290421
3405225
6072640
13154647
5363520
5547048
5718883
676899
4746441
4144729
5402477
5823379
5230104
13182760
4296292
5632249
5222602
5953376
1445144
5880535
5305332
2598098
4571181
5831217
5453964
5680021
4308434
2724688
4384534
5428745
4381260
5880548
5149892
5965643
5921356
5347844
6055701
4888975
1178673
5171351
3987703
14097978
14050908
3395269
3229934
5662751
5482502
6026200
5846008
11546997
2446413
4424792
4396653
4305553
590326
14214490
546484
4860658
1966960
3828881
5951135
4394543
6049418
7369041
5969450
4381553
4381852
5838870
6795404
14283384
1014408
1260197
1153082
4672624
8998466
5846270
5878808
3443767
2426857
5171077
4288411
14260110
14376394
13148114
5642029
4106260
4393044
14189284
5321616
16119252
908413
8159931
6077438
5768085
4381322
14222570
6339987
5555366
5719470
4999109
4382176
4284276
6230022
5055269
13900567
4601382
4386555
4384536
4381468
14146374
14180640
10506428
4333646
943289
4267603
5757555
4384144
4762635
4333977
14201692
847304
4384612
239139
5684280
4724945
6046825
14105056
5941882
15549981
4134205
5318965
14204634
14132030
4994735
6131734
4730866
4687221
4394766
5360062
5838022
4260805
7616146
5146350
5464319
1864717
4313802
4097399
5087033
4414360
11531679
4969957
5549687
14100522
14044353
4405383
8688279
5788146
6059416
4378838
1094786
10794
4391032
4294984
13930167
5634735
9710529
7082350
504314
662024
5763330
4387953
6142351
