14614505
26555888
22492867
26311673
11218089
23324587
20949001
17420179
17709555
24602314
24739201
22002873
18298642
14691310
29146812
10994714
25106952
17894907
25667079
17205109
24180488
19897750
21039563
10449578
25319242
16051450
27442124
23991194
23212400
15493332
16917061
1840900
17175550
11525453
17328855
23335333
27193699
22300852
16096977
16446312
23190182
17360410
17360452
20663233
15220395
18502733
15644980
15189207
23555295
21566002
21688014
19588118
17006592
29244558
24502326
22569784
25690717
2558047
28082602
7486831
16135706
25551393
17486311
15144384
9881157
26357885
23463490
23077231
15271078
17337627
8312739
726054
26300530
19700854
18356960
18592206
11810246
23079847
20505261
15944366
12955207
8400871
12582853
28795235
8785604
28818380
20302676
24714366
23759205
8130799
26897486
11250822
29023752
24442068
27635336
24270610
24309594
24247704
28564269
26973662
12175076
19458026
27019436
29051190
26884205
24258658
15476897
24197313
10937244
8375658
24253824
28495963
12271068
24430522
28218787
12586717
12232356
28568811
29146906
29541079
17096422
9327594
7177156
24888879
12359892
12502266
28724593
20855520
23661452
23568403
24554834
10205893
17629935
24667008
10995464
24169683
19779693
16432734
24981609
27536315
28503311
26334313
25819550
25705117
27288653
28635663
