21767772
16791143
22092575
26015312
18318883
24864474
27688121
15540427
7938981
16297004
21054705
20428977
20526537
16296998
22715818
27826613
21146727
25179683
21766770
26046307
12606187
1282750
25292474
25861774
18461071
16297002
17048558
17626210
24685845
25861783
17462867
25854671
16045669
26415614
16546594
24912513
17120366
15375326
26416212
26073701
4421351
26027744
27578079
26551638
10367616
23910614
21767768
21767767
19609064
24920200
380932
21251097
25651524
23760541
27578068
11952824
21767769
21767775
25861789
11858946
26415584
25740325
2699631
6146047
25485517
18375072
21292347
22688895
21207193
11514917
27206757
18856158
22307048
25693757
23685721
27602974
20846147
24890341
17925991
27863904
6203300
25792226
12588672
16678456
27260190
26057691
26778706
12100181
21287771
22556282
22466121
21772138
27886901
20866115
20558560
27698518
23551368
17318963
25363422
25265889
1866818
18176748
12380906
23794605
28698528
27578078
19953111
18606082
23540505
21747328
24260163
15983470
6879963
3639913
23624777
24924756
27011178
23551366
26177448
12509645
21655234
6480936
18840005
17524669
25711853
22210065
25066612
9623140
2773616
15389199
19638326
26641452
9449160
17008877
17225848
19785297
17932266
6152751
10828634
28157737
26932173
25947907
27578085
17294586
16836494
8721493
18779891
22733242
23719797
8274347
27595395
24819620
22433375
16285178
19576959
2242790
28316077
17598030
12903924
16296999
26385480
20384615
23870201
28168835
25663760
20574605
1099034
16842920
26948956
23769719
26900059
21300878
17624677
3660567
25376448
26725918
7928045
17586843
21775281
27611885
22561307
25497685
17641496
25136974
25754722
10733630
24645226
21691108
24603881
22334140
15776282
14675173
26276021
7610695
21451412
12000375
27540000
21874218
7364511
19922703
17910707
18667087
27634668
16506588
23474847
27840888
27538617
14604572
23551364
24684042
12618303
9394975
21929688
18315627
16912687
28695831
15468730
11685276
23265278
12190936
25756056
24944217
28095568
5913763
16502200
11075653
23551369
17040260
26190177
25138355
21533325
27100253
20628673
10657761
1686130
19500747
10606957
18195739
21457210
17653196
23328331
23077038
12522091
14513602
19221635
28701641
23902966
7747395
15346582
25861788
16711453
24979869
22665131
26524077
20495223
26337109
25387448
2420114
14756897
26900060
27805720
23402082
17855615
23551365
8843816
14979011
24098378
22565312
21979845
23777882
23165739
28577806
15290435
22567678
16596387
27472923
26278551
23407896
23007721
25418889
8080315
12578400
4195861
18984500
1478762
18987429
25861771
19015278
15471044
16704640
10596926
16697529
26961876
24819823
22068440
20107719
19132330
23704570
11323151
22418939
23551372
15180733
15522120
25003193
19458238
20497578
22466124
26876159
9550761
9038449
7232243
18025622
26407384
22531722
10439222
20107725
21037581
16845410
1359521
24216512
2547286
25577643
15301168
12170879
26416001
19309370
27578066
21430273
26332459
26739556
3426954
20387759
23548570
1291036
23000623
24327039
22017061
8726635
27491189
15315849
20977328
26305345
20453734
25609025
695927
20522976
25534483
25291124
27958613
27784810
16856675
22016517
16297007
22621673
23786569
15301165
23896168
21471891
18166461
24980265
1259446
10437354
25094009
23123711
26417885
17072113
17219635
3966066
27363881
28012781
3055641
18477143
7508216
20346763
3514695
9803839
21818363
14975364
415540
20649139
23705363
7471694
21841076
28678797
17598029
15141295
19688150
19412003
17326161
15740597
16995341
18032892
17586845
18203636
27646746
27578086
18176749
7918930
28178931
27388881
24438964
27783328
4000683
84467
22421677
16251241
7470256
17479598
20018156
27802897
22565412
10741626
26658875
8942791
11154860
17852642
11226766
15496711
22852166
25649275
19802804
20465602
12808309
28687195
19688144
12926980
23887347
19911676
27855461
25861781
26676729
11939276
18821119
21040853
6911236
23314141
1507664
21767765
23191962
10789077
2048375
18179535
12602740
11069504
18836352
1644653
27655927
9892280
18325676
21184393
21040839
15960625
20951695
20595784
28302100
28535810
23494363
3878659
27578073
23578956
23711071
18378397
12963504
23677539
18875744
7054311
27578065
27292003
21029502
27563704
19181153
22217242
26585238
27160770
10625234
27085236
24355361
24812665
3931736
22936333
1719272
7644246
24820863
27578063
27418284
1191538
1672537
1419979
4570392
7506047
22054924
26530958
6111295
25640289
4518017
27578067
43338
14512095
1828840
25861782
