22739083
29444261
29238004
28367841
27028566
27549920
26666145
26222491
25878253
25648276
25643160
25407968
24618778
24261763
24180116
24112990
24060414
24054833
23719847
23445717
23255488
22975079
22821103
22768556
22422063
21830526
21804566
21799296
20876208
20852889
20736516
20598039
20540809
20427482
20009402
19769041
19281785
18452452
18193548
18186252
18077110
18071008
16776248
16776218
16730837
16722432
16414017
15995617
15775227
15677766
15472317
14623536
14555713
12652740
11923466
11877569
11791790
11476957
11369770
10419009
9867080
9866420
9666153
9622295
9491278
9430026
9290255
9187348
8879442
8732462
8653543
7661579
7626447
7750626
7889177
7859887
7883275
8050205
8325932
8360574
22217842
1740503
1535042
1687042
3263289
3208706
3384402
3596003
3802014
2881971
2936600
4029112
6492996
6741428
6292847
7295768
7299228
317053
480693
866343
1209385
4476830
4476815
4987753
5444999
5355345
5752566
5752561
5593362
4876820
14044386
13987164
14405916
13501952
29429850
29163796
28518043
28506840
25597441
27350721
27342576
26741249
26439622
26386980
26341063
26291801
26233561
26018356
25995772
25936143
25623777
25223468
24871964
24871184
24796132
24077222
23898231
23885004
22597534
21983803
21600666
21507977
21499007
20960801
20960794
20600386
20445278
20120906
19881306
19182328
18162287
18031928
17975261
17849440
17564094
17185878
17168407
17161764
17046574
16955944
16508124
16416795
16149532
16149531
16118342
15569155
15508699
15503217
15456920
15369656
15265375
15234812
14997753
14709851
11890531
11708799
11347139
10995865
10358729
10099001
9770071
9652903
9597895
9172331
9087948
8855840
8640304
8785455
8530617
8656071
7626449
7792812
7704084
8060140
8020867
7958084
7684319
8496319
1577471
1314281
1856530
2026124
2335573
2405002
3066830
2882641
3930621
4054405
3990518
6748256
6379229
6641828
6403040
6601485
6814011
6981279
6978422
7218560
7419430
735691
967894
4738293
4653336
4631684
5560196
4919216
5461628
5389681
5800500
4302982
14136558
14008952
29664367
29464741
29576599
29358460
29259475
29193771
29092077
29045658
28932950
28765592
28553743
27980290
27706259
27491256
27346314
29115108
26898692
26536730
26523513
25606418
25060125
24879833
23574729
23545675
23484377
22588368
22532565
22128327
21870881
21077531
20953067
20492406
20446618
20049984
19818522
19734338
19201554
19054164
18819679
18703637
18472261
18325326
17331471
16817342
16807499
16408501
16390856
16152679
15691010
15586574
15539809
15155785
14623279
12943705
12727343
12701182
12684033
12639945
12524080
12354866
12044959
11459807
11305780
11145608
11092353
11071856
10965053
10714012
10655664
10545799
10473521
10459667
10446902
10432059
9861319
9855540
9625451
9508067
9144532
9366516
9021810
8806624
8828134
8636263
8864743
7699290
8570068
7962293
7959532
7958105
8006521
8164352
8288710
7723682
8484808
8097482
8443685
1515452
1569163
1550596
1305166
1646900
1698212
15815314
2994336
6241882
6492485
6594892
6234324
6610049
6381805
6726048
6409476
6407259
7055587
7223333
317054
731827
248538
606876
559816
1238778
4476819
4744335
5288810
5750181
6010095
14071893
29678492
28734871
28556518
28421906
28392506
28302930
27784851
27748431
27593175
27451608
27392713
27252187
27206316
27156151
26956227
26382923
26288847
25475038
25342164
25266096
24908988
24618225
23892218
23545676
23435561
22897020
22730721
22693862
22209072
21899912
21830628
21237214
20960791
20541665
20448979
20426398
20118507
20064783
19854864
19251054
19239613
19175184
18930561
18604848
18566117
18554406
17919612
17659802
17520059
17481698
17470551
17223112
17202144
16820982
16776219
16729674
16564598
16164226
16149515
16120611
16038777
15793238
15777705
15713706
15490285
15486232
15459115
15206547
15171430
15098114
15005264
14691014
14560605
12722031
12039962
11850224
11347098
10755476
11129632
10996432
10856480
10814527
10785261
10751058
10325534
9929977
9525780
9423334
9284439
8827725
8721389
7590623
7549148
7716149
7844458
8026110
8177095
8137519
7757785
1513014
2625743
2808364
3440570
3818899
3788413
3792275
3843384
6516707
6516705
6204941
6981836
7085825
7116694
533809
385929
529553
747711
22548
20980
243607
4487171
5393463
5309115
5805573
6006590
14057932
14057200
14002438
21145591
29253846
28845751
