21169421
10100926
12117559
19093162
10853653
16095599
8012094
12778867
7640305
28302483
4316645
18826852
4131169
15178742
26511971
9556055
25774916
16221703
21781307
129768
17565270
22989481
18448587
17352647
17171500
4298517
4330580
27072785
17883283
12972708
27940098
18525004
22751936
11723248
8678897
303409
21550403
24948020
18386902
21948571
7646451
1369463
15781666
19474191
27020656
24089164
27893751
4548179
4545052
9262512
21712488
23261531
10321413
27825991
12386264
27467536
15083599
21424825
27989797
12032488
8304050
19759524
26492238
16371233
28619151
24038984
18525006
20665672
17883284
28017524
16555680
26178144
4354943
22483459
17159355
20616348
17115413
27818277
15710238
18813285
20967888
25268137
23548800
5993595
17267205
16886273
21030600
12324873
21565836
22531461
19948844
22874762
17715259
22169009
17401435
16690532
17942703
20941745
24222043
23426718
19565355
27599751
25048087
22800987
25037058
24692218
24140714
24511210
24557630
24072555
28423536
24448349
10971456
25833014
26064952
7841298
20182412
24382416
14701672
23485859
25510525
11956143
9448854
27711190
10540876
9808140
9099905
24280059
28330721
8821836
23527013
19944755
25231949
12520536
10681662
8393873
19157449
22837344
19274655
10460017
25940599
12055341
18551997
12203198
15327430
26030589
27895321
21219104
15288767
23681781
26433491
17990825
20090765
21073129
26715761
22750718
18082637
2177015
16022632
23314787
18988769
20511050
20439185
23462941
15816836
12058867
8749328
21307571
9846632
26976439
22561756
19817753
21062631
12032839
19728119
14550285
10215887
10572247
12445200
19299728
23911725
25730105
27458123
24550213
28034764
20089671
28003579
19819968
22935474
10218951
10762752
28228421
16648549
17440494
9117516
17214957
7922786
23112173
28232093
12441310
1329717
19201860
16324150
26999663
7850413
2175914
17062803
25969372
12520520
14996990
26877201
9210418
18811689
1472030
2551904
28088363
12520523
17197168
15217781
25959810
21470993
17229570
8395017
26276370
7597089
23963738
28591703
20965147
23752060
7798277
9548563
3023374
24116037
1584793
19931390
25449168
15951333
25207373
10788778
28025175
17395559
11440908
25706239
16732322
8071640
20178514
22370479
27154546
24239506
8385456
24125734
20149622
26765264
15713405
11146120
25207359
20428782
8286356
27356607
4376295
21149724
27053631
15590756
18202151
14571417
15996876
26112182
26054750
26950144
15489002
26297053
16741965
25207358
18936343
11845110
2984778
21868377
20020487
10912530
26865585
23954530
20739402
21592821
10197177
8776727
8302863
1757481
11963993
17286279
24041718
7819220
20171279
10565236
8415688
9924191
9525333
16115727
12787874
18199990
17148678
11960622
14572242
18304585
17099775
22892342
10828308
1665675
18930711
18981132
4376297
20070897
1154690
9881643
6260783
17087354
26827960
11181527
7558419
26899162
27390112
7890807
15788476
17395703
28163244
18177842
26774929
2807150
20226307
22093484
26207385
17290304
14977084
16690021
7854650
18683889
9681503
15869926
14682474
24284821
22040820
1662118
17500032
2065866
16251635
11281654
25712788
23093607
27488327
17110116
18420145
8650307
4326653
17229572
10731635
23497279
9858601
17182549
3780535
15218361
19279010
2995887
19193728
25207361
22386975
8232320
20495792
12796488
20169063
163168
18940664
25318538
20307661
8225199
23580066
8612485
22837390
27155524
10963138
23922371
9027366
27041081
25809484
25448751
20691220
8203553
28822308
8913867
15905361
11691644
24158334
23620751
7775088
17054460
8394351
19139017
20960270
12746335
1360744
15876412
20030662
9594030
23474215
24741627
8390978
19567986
14507914
18211694
8910973
27063396
17786964
10541880
27196318
26872154
16855859
16513359
12375732
9282333
1761574
11960494
12577303
11595822
16367934
8612483
12520533
2308930
25835745
10786828
10681663
20147525
7544121
17901691
15890672
27792005
9368060
2445747
9886849
9846181
7673194
16613987
18981129
4267263
9518882
19237542
19737544
7956923
2777759
10052463
18362166
10746634
22051697
25296887
27993651
1724898
4619727
9010346
2291623
25939167
9717845
26926140
10200452
19036760
10751637
28578001
9627699
27035829
17498257
17535883
19014933
15882315
15008969
20368581
9682039
23155244
14696037
16484501
3524618
11687634
19494615
9881096
20729486
15225793
12122115
9431991
12489206
9013769
1748308
8276112
15464218
12520535
17121851
26319498
9783909
7510956
17130524
26895836
20386089
1598065
22474172
9632709
11553477
