10501288
1503902
10553002
27926459
28107816
22762527
7623036
8748360
17724936
22988791
8896333
16382570
8598550
1734678
16806871
16512938
7166709
9262250
19637039
20398309
22515943
22466064
9201073
20307284
3612299
22990856
19786386
8900466
19666200
22682688
14748733
26845549
26950145
11274240
27986122
9589427
18938206
9844996
24018276
21889886
17937997
16756372
16131990
18192545
18801235
3935760
1971991
9990578
805599
2132379
25098909
25551380
11121671
27426000
8835407
9057215
9754326
11201441
7872656
10991768
1608297
24243235
8704014
16828271
17009215
26339641
9205735
9829609
1491603
9438236
8229317
28627723
8349510
1362594
26249647
27422989
20143974
11513600
8328920
22279667
11728165
9130405
17624683
23780918
1437641
9581928
23298257
7381586
10711867
15189125
22071839
16650900
8689537
19499625
15366860
22378224
2563625
27444154
12794672
7931881
24018277
20099994
9987571
11823576
11128390
7734797
3452223
25580814
8047383
19127750
23371533
24119287
20638827
9219909
25948137
17720770
23118712
17877924
21071156
24214970
25442578
23273458
11171133
9350068
27459803
15749630
26411429
7485989
3918287
19633135
11133176
17761409
10606039
7001997
26730723
27373826
15797680
24117968
7889893
8468532
10595648
19333643
2543143
25694146
22184431
22164956
956185
1556808
3781746
11907148
22350763
21281660
28934766
24643636
12368410
3006448
1779480
16964408
23596700
23536518
7889522
7694565
18243652
25997623
9699369
16928441
25866137
7734441
8485269
27484441
25766457
18304391
7564920
18433852
24261532
6522150
8613892
10328563
22565141
28011269
8521454
7766562
25979502
4044449
15612780
14747677
18573585
8074465
12936877
28594101
17683870
23824785
11290454
21846428
2895169
24959197
24794260
2160962
7472907
1826985
17404769
25373100
23657457
12226144
18025816
16477809
18846396
10725768
8730609
21621386
8780049
16933786
10822282
15979259
24317525
23844041
16969378
24077434
28218036
26923704
21834921
2109004
10356759
18597133
19857032
8979167
22017199
15857162
1354675
2156510
8015569
19376145
1492755
24834523
27545509
23089241
1832813
14511107
25036814
23884630
12939089
2132392
20331795
12782244
23824870
12180987
24238887
2052562
14583629
2021129
1821094
10606040
16979604
7572741
23001718
1888238
12761426
16446749
11177663
8888725
28391879
17823864
17227589
20639712
8773733
28260396
2937648
3145987
24349282
26037039
8408240
20219103
11593093
21508745
22159321
4019433
19852885
14532053
4033365
23352177
26134634
18296341
11895157
23824723
22180524
8642439
28688796
16530425
6849955
19208096
11901980
24533445
1839563
17191405
7869858
15808325
10362749
9063583
25617988
17133085
11383326
19785689
9555791
3421209
8454577
28418808
2077693
11104017
1805093
8441231
27116863
26469777
7765945
12012569
16940822
18361742
28504296
9816126
14642226
7814240
9058445
12495260
8611750
11451717
23351633
1537131
25736083
26679630
27735847
2341828
27569259
7840075
25930966
1535648
3211626
28367773
18796304
16713391
27871884
16600514
15951804
24913088
27554670
10556987
3132851
8380809
25189654
19628381
16413743
7897309
15479030
8567056
15939320
2142029
21234696
7673312
1955869
19148276
17928632
15055238
20425273
27883909
24919045
15648056
18378130
25471809
4032135
12117423
16303692
24012207
26991041
15333967
18037281
14583770
17229545
9186295
20041813
9131193
18922179
25003526
12414865
20338727
8473489
26561301
9690713
22398025
22847675
15145985
9129504
10863956
7789410
23592752
1733714
28534446
15458276
20041816
26728928
7889892
15630303
23206895
15635353
20049582
16223010
26882378
18640689
22182347
3734273
15450784
22640930
24769150
8237847
9657667
10102659
24095588
17240063
7906572
16611404
8781783
25380415
525335
24556343
21917707
28197856
10478927
9304226
18461305
3351690
2779367
26754345
14971825
25888960
9495477
26852774
19543146
23107728
2140410
27170732
6706995
28233313
20482951
24282091
2786546
1387231
11860116
19524425
9675609
1350736
20059901
8466285
23023905
16979456
8102771
26758373
12047096
16042393
19502020
21833942
25089787
17306150
8070921
18555637
25366386
12679173
2137901
17943770
25123062
18040892
23541913
21829163
29272310
27050409
23395256
24733499
19727884
8387331
25321659
9167940
12421024
8827696
25923478
2677610
1921484
25406967
29096838
19859067
23332800
19179884
22302480
8241095
1561218
25864870
23628364
26549193
20925276
27269709
7733788
24064909
18559195
17685545
3371295
