24754891
9715464
9673472
6694384
24898117
7875983
12752054
1446759
9822969
1332397
12566888
11919438
15510504
9439354
22268445
14662590
11235525
18665110
23675419
23493270
9786557
19223308
14663592
26035567
23466182
23747178
25529068
11284483
9264302
27099287
9071223
747066
15986089
20471785
20506455
340755
17080233
22071946
17173007
12580022
10235021
9165589
28446074
2169087
13009464
24327630
11382627
8897229
11741109
11951509
16920194
11078838
23796414
11797313
25814203
18845105
10877378
16813103
25701695
22437069
11952485
8782313
4022572
9589707
27236091
12719074
20354487
22030356
9093439
2702735
18656378
29391094
9589742
11008892
27052087
6031919
18644480
7132509
17463203
11589868
27100551
9786556
26035583
22719156
7502006
14644214
20587970
17038570
15780524
10690272
12543567
1192569
10634558
15506601
17573022
23697833
28242408
21620657
8971518
3977462
15900698
1993376
10639050
27802212
10836234
22394354
11912363
21669861
28238920
16914471
13951841
18702024
19945314
2080106
16360575
20579586
22338465
22623442
19748219
22963813
15490046
21315545
24493059
22836340
17463211
8841065
27427351
11854741
17484960
27161550
25512317
5044612
11944845
3196210
18504108
1151921
26072720
17349334
23618166
10202285
9972344
19811575
11235526
19615235
8760981
7102509
28279726
7785681
19756801
28181413
19114206
15337068
11953144
24670833
24835048
23531658
518327
26072724
18273940
22794341
16396650
1594213
17210405
28286185
20184072
20304585
10601188
11528262
10416761
25496688
12181731
26404179
17543689
4067636
10926980
3790860
2374317
11339041
21125370
17606131
15674082
28209646
9397235
28807407
10904001
26086429
18245705
20506807
22328621
20954150
15429696
26306728
15944609
19174249
8690109
21375176
11681502
25574348
20688735
25114125
23143227
17293272
1519283
22561206
26358900
9239518
27297218
19882582
12640579
25548347
2399117
12371326
7045977
24342446
3207482
23720037
26314363
27801400
15811188
21576657
4061673
26554441
23293213
11078851
27908816
27531084
14704821
21982453
23493279
416806
8252702
8488773
15464492
17952372
19878104
27861387
9314852
15848619
29328558
11453889
25463342
19522203
3761473
24729014
18973431
14708162
11272786
27421193
17676331
20519279
17972092
18567392
14716185
4025951
19631504
21979809
3490332
26119639
23871199
25033592
9248851
26354637
22241021
29068940
12999953
4031310
11128458
23602859
24228454
20972485
19965787
11704025
17484973
17966536
24402479
28715360
12608301
27358549
13659356
12145470
23993111
26952294
4158419
20190631
209926
19595544
16360573
22098441
26702686
25912743
8489093
12174632
16563364
21732085
8956632
5907012
16360576
21718929
18646474
19578013
22616243
2961104
1428556
2932658
8476092
21766273
21108018
12027203
23807346
20002724
21803520
18176168
13481055
20889303
27998048
22167545
23691785
18411587
8985067
17264020
22027522
18307786
19268763
15548180
23741138
21643683
1803079
2690602
19131373
22191251
11594978
24008640
16376200
17291147
3191013
8925585
18300969
28479459
18819153
21585538
20692477
21208781
27298650
10746282
15765047
12371330
18580012
17723012
27338118
9509249
1733801
19234814
21733393
7082976
25101594
18644812
25255256
17669880
942303
24456173
14500072
27488334
16411100
2396913
24333524
10617000
9234131
28566292
21288687
3159043
10872977
23750934
26010454
12209558
17314146
8967375
15821615
13790598
8966861
7998683
2381011
22794343
26683911
28254161
688561
25363653
7363163
24180574
15650601
11428167
9843830
27002020
23849085
22099561
25770666
19698301
16785356
28746591
22659999
143422
7934806
17056286
26905622
19375348
27303239
27796532
8795729
9054769
23786916
8165879
18453659
20626512
11476297
11997823
22987278
13492485
936949
23058723
26729385
20541342
9493113
21328900
21615320
8889878
21766276
23860842
15013314
15511442
24326895
11331853
13983581
9063241
9671237
12763336
28376703
17903658
22836334
11687253
26564148
14105039
20117505
6469406
723013
23917047
26597248
11024417
23123998
472998
7728106
17895542
6216346
29042328
24502088
19670123
1983612
1771566
17275247
26947527
15346215
10772503
25644828
11220471
27238984
26541971
20204745
3484531
24003007
21315542
23764133
19648022
2139144
21419904
22776310
24686366
21592826
28238917
13680036
3725109
16765700
19875011
10487258
9292301
9305192
22333839
8527341
8427117
9303933
13218156
16750728
6666386
22717962
20398439
26095271
21705191
691949
477093
19476750
9137190
9701712
11586452
