20461604
23173572
20677427
17958651
2636432
22312952
28767908
27894317
7824612
20409119
24999519
14640250
23224676
19723332
3752168
22014191
20391145
8823656
28664703
16456150
28504569
22249664
19429713
11763836
19947307
16020416
18080972
11523643
22929341
11140073
17337621
11658809
16456149
26875106
17581792
20696845
27731489
27117705
12321021
23563064
21853550
15495488
23121794
10028208
19295417
26898406
15460834
23715475
14528706
15850273
17884731
17702482
8313021
14750590
27223099
20220288
1499506
1981798
22538785
3597668
18030102
17199450
18402347
23364039
22435717
10170040
20487354
22577741
15326999
10409960
21400898
14535154
11826449
12147179
22450416
939520
23638702
1590268
19208849
18624097
10929661
10686570
24605537
9095959
23631703
9726186
10095573
3571817
26383205
12294597
15647733
19852403
16264419
23052818
20632115
21035046
11657343
11310574
12351603
20435275
8328828
18408170
9643063
15284051
17390923
583922
18689710
19402799
15986316
19753505
14528554
3453698
22856069
18394511
16900277
18535307
9082148
24820853
26355491
11664101
26966828
15892508
19476230
15083395
18215761
11879330
18990865
16098703
18955845
26813894
28328852
10696167
9604118
12677720
6919024
11663740
20132368
9538813
17363851
11928772
8669778
10696213
23847908
17141669
12400411
23570255
10036459
17909520
19683098
15140457
20379124
10443250
3419671
19418339
17882759
3192119
12874935
9485582
17335537
12605945
21767084
27353990
28159118
24064314
17725123
11643490
3646717
15887765
19944299
258241
10499216
17335527
7942642
6578953
7328315
3329428
20142743
24585400
3332617
6676333
20466467
15992871
10944068
21360366
6562144
18181304
26285563
16724887
7788588
16445498
15691082
16111021
18095202
16619453
16049104
11854952
11662972
18821366
11659033
14983767
12001383
82404
12201888
15977134
21271441
6392190
11651732
15028034
16484160
14627856
12816406
12691951
9819537
9173616
23360937
8407634
23370498
16285126
27788184
21429081
11998458
8266705
26277924
11439779
17880483
17321942
25147217
18044231
12880219
11655862
11657121
9485580
12120111
24655800
10894647
19008548
11653021
23875650
14596120
11195265
15129504
15908274
17524796
21311827
17333588
10075180
14971555
18840210
18080973
11660942
21465959
12345286
26791234
14719411
23117833
4007566
23809424
17044346
26822461
28070803
21999059
26171915
17508449
9599502
22210191
15354620
17688478
11139903
16418078
11837368
17440306
21347791
29183536
21104566
23098045
23075746
11663792
14622864
1492729
2519742
1388440
21364199
12919466
17880482
1577594
15931150
9384075
24482679
9411903
11845765
11813766
9842287
26542419
23656440
14729295
21915625
7515608
18624098
1855763
11651774
28160231
14709188
7549814
9849189
14752955
3933414
11655816
6868627
1292596
12931703
16922984
12877113
9534587
22031197
11699346
19638604
22955955
10721687
11655572
19998683
19934836
24637281
16921003
15534331
17523577
19411795
15534332
23570318
14644687
21368242
10226923
9686523
16020415
12286371
20601730
19049994
26544993
11658783
11657954
22802301
11659078
28376697
12046796
15446378
1608370
9832746
19654384
18931832
9744219
23969359
17202516
17305265
28169897
17541848
1473055
27509570
24576353
11664401
11651965
27701937
26423851
12596606
28155025
24282267
21975924
24041186
18000439
18343197
15707453
16507507
11653018
23561069
2274401
23545697
1679423
14622644
12603556
10568100
11655220
10889770
26735388
11807915
21292234
9170737
15667880
26325048
12342615
19436224
18073403
11548135
16844416
11655734
17724382
3112946
16919502
15032761
8982622
19418340
11650328
25026763
11814072
22164812
9384076
25023716
11658971
23703595
19363728
11336397
11659207
11655782
11799551
16843729
11207100
1887274
21218742
23014121
12581293
20183676
26242400
11656344
16124205
11650920
12567818
16247112
23258745
16295795
27621258
11663567
11653997
14596121
2609199
15534333
11847996
11658954
8792018
10827618
15219092
11536413
20869635
11814069
23348660
12803147
20346107
22761170
12201505
14626360
11328436
11652029
11659457
12874936
12876881
26160224
25594917
11660309
15920356
9140338
12041077
11261084
24896649
11663531
15086630
15120980
16493324
17434859
15238804
19255010
10226915
15762973
18262844
27466241
11882207
11660717
20573692
21400574
19012714
11656918
16963317
16164530
12874938
21952061
12874925
23971880
11659476
21194308
23521096
21834836
16829197
9411904
16141778
15086631
18774894
21160367
24617761
11660461
15920002
11655298
17899999
11319702
25927562
16466482
