8883386
16531465
16805735
17701425
11169177
27036019
16463099
9286105
16024587
20110497
24163287
10092187
17522888
10652132
18854047
8742714
25211528
26729600
21398258
23096924
23637805
23872538
17766402
22622359
18701524
15574842
24043848
25367506
26869511
17968553
19161942
27208266
15894743
8155877
14767767
23261266
25948280
26048037
16326929
26233577
23404898
22485184
24388521
25049361
24465219
25922487
17092312
24561249
10950871
27093611
17427804
23628855
23451786
27457990
10808073
15695450
7827492
12657652
10753527
20565660
11737778
14676287
17892443
9891417
25581843
11029704
15159632
9161030
24473899
11115891
18278579
21467583
10758492
21223585
11489176
12857845
25282558
14597573
15695463
16731585
15998807
29580949
23550615
17158584
20525852
24946881
14750521
17220197
21633189
12177466
10527428
12662310
29259854
19531597
10743655
11971933
28349595
25231920
12410810
19659659
19622176
22730287
28830937
24326588
26941772
23986496
12602889
29475938
26019256
24043445
25852712
20448474
23299338
15803411
23989243
10759505
10441499
8492808
1834244
8616258
28007955
19947978
24483851
24279988
12172029
23144188
19541597
19806323
16977453
16361518
27866313
16632590
19401402
12529517
26025525
19503786
12960166
22231199
27443635
23663178
18179780
8820607
11126569
28978070
19556968
8018874
20013031
24363987
27746810
27916924
19994723
17158583
17101133
23427988
24932473
12678559
18086283
23504452
22476218
18024558
20699397
27457996
28494202
18315698
12970489
10634906
18476867
26496910
26347760
28035023
19261733
20016937
12096096
9807814
10412913
9678577
16359384
26832850
25324504
21172816
28293251
28969804
12913139
9413438
9580097
19264116
26602265
18265943
19704491
29259249
22122546
21541665
15604677
23997203
9681014
28421087
29394403
18088305
28295817
23810531
9684369
9112773
10527431
25710493
21169347
24535906
26680643
20551347
12232098
17291824
18722804
16107256
16709189
25409524
18559958
16927203
18363631
12662313
11489192
26667153
23717657
15960620
16160844
19386806
18025467
28018412
25925167
17158582
25482750
10945350
25840088
9351242
22675210
14742875
23581288
10480393
28084442
17217461
21790608
18691932
23314941
26829043
21209856
21533841
22582133
24198318
28369580
26428302
28174577
8900956
20659274
20333442
15564532
29447166
24330668
27818778
24224533
8771791
28421094
26678037
25189341
29653436
27771580
27673599
22545134
28803325
27598245
21478367
10940941
22282534
26482477
22156383
26466661
26869021
26351308
20878348
10743654
20406677
29166861
25752187
28143399
24812253
27625663
27521794
25888376
27014334
28509348
28469706
24812105
27130140
19413897
28587634
29432559
28346448
18552232
28714976
