28934085
25820910
23345041
22125169
21689345
20722053
20363010
20184634
19730944
19279413
19017477
18819707
18707042
21817727
18281188
17657719
17285082
24928626
15108027
12878072
25844970
24256321
23151533
23136993
23103820
23088162
22268662
21848732
20621428
20605581
19896312
19121899
18484752
18357578
18235365
17602524
16548557
15883504
15737324
15664095
14770122
25203523
23860629
23149088
23142400
23095617
22738132
22632808
21037443
19846096
19748196
18980234
18814000
18551506
18222377
18220369
17710496
17569478
21730377
17193003
15729069
15060460
12910178
12538952
27048295
24439750
24237969
22133596
21997816
21928361
21531003
21167542
20653697
20451231
20236150
20173617
19571707
19285301
18716534
18710257
18676191
18549295
18547764
18387470
17335125
17285233
17164966
16701874
16442070
15935791
15920688
15022983
14631315
12925079
11933631
24378143
24854967
24096768
22813349
