24919258
22246526
23445514
24587677
24574762
22373825
21490374
22705681
26206950
26531721
23932154
23129365
28656150
27353092
24764663
22595849
23060564
29024630
25159503
25446053
23714489
27903980
25260785
23986040
25003938
24621170
24944469
25590852
29362333
28039532
24857064
22385764
23099900
25631749
22681700
24123033
24827621
22216841
26842103
26663089
23898053
22241181
22923745
23936455
23534748
24556590
23392240
23088162
25807857
26841456
25516638
27119354
26953988
29119525
27460227
22739652
23934972
28561714
26877617
26743607
27473121
28130578
25129331
25909291
26829128
23540347
27460228
21835046
26796809
23490283
26156652
27887734
24924947
24766319
23297723
23180992
23917393
22646752
26277021
22800185
25688502
26290450
27681751
23453750
28796729
24912473
27131352
27070934
25116067
22958614
21847638
25564345
22643569
23306929
22277350
26165033
24617665
25487708
24642673
28374710
24786681
27703284
23636349
20947270
27240821
25638603
24275137
23328995
24725662
28068245
25566952
25731307
22976792
23163926
27106552
27389519
22264638
27538267
21605941
25921151
24605870
27333807
28304143
22133895
27265355
26952656
27028038
25206260
23812804
24329928
27233638
28210093
20608947
20888703
21300482
28040715
23067526
21879262
28888798
24277474
28347333
24612274
28501249
26968237
27824703
28483302
23887296
26578734
28100902
24048679
27383398
25497009
25990551
25368252
22681229
27602924
23080345
25145505
23456300
27796635
27153356
26163950
25891148
24006125
28502421
21689357
27650548
26200636
23265569
25559888
26210575
25008360
25944434
25732387
24725661
25421779
28742699
26511803
24267315
23570666
27145458
25988216
22868238
26170142
23549007
26617778
22763827
22214011
23058059
23640670
23377857
22568648
28386648
26705682
27250060
24837215
25041003
26719097
25041006
27112135
26951185
22682747
27112480
22098515
26544755
22903298
26130453
22923071
26511216
26695441
27316860
21176057
23702823
28534328
24671815
26446626
27743742
29228455
26771873
27717528
21664123
28232158
21249373
24104995
26476417
25953218
26991060
27270480
27473815
26511812
25735444
25088576
27824706
24509465
27272410
28436629
25162107
24422744
23404344
22465588
26880193
22996425
25275023
24411228
26632714
23473635
25222074
23536485
25564637
25367179
23943283
25271212
26260213
24078665
28008455
26531759
24602180
24593015
26145760
23635435
26289529
23351510
24136155
27313145
26201935
27316919
28796730
23910015
22314037
24128335
23849272
22415662
27381831
25586204
28476845
28230017
25548075
23438276
26607907
25708267
23207942
27680075
26243467
25433820
26002751
21979189
24635719
22731833
26683258
26953985
26206348
22173716
26181550
28105657
25989927
26252304
23112544
24916286
27432916
27620502
23877264
23573558
23647920
22172905
26155848
21831177
24221252
26965179
24888694
26754651
27732105
27613188
26268466
27381492
28027520
27209506
26850085
27889822
27044403
26433487
24440086
24148256
27436029
25731342
22736392
25982468
22167490
25015203
24393988
22672749
23809672
25897587
24201389
26945418
25924970
25778298
23295774
25875173
26456957
27259245
25652254
22229958
25245559
27064574
23555168
27000107
23001160
26359356
27777027
23242038
23235660
27928687
28497403
27618750
23010737
27938574
25478898
25466419
25681274
26778645
23208008
27754713
27322695
22072148
27171907
22568644
25243547
27152870
27059037
29388280
25059815
26375899
27040321
27364575
25911268
27997526
27940290
25183166
25203879
23323002
27435759
27939008
25270374
26416245
28594719
25805104
26888783
28314318
25859755
27374175
25885576
25150747
25593457
27885479
28177891
23948968
23581854
24146218
24969558
27178183
26530997
28436197
26050046
24420737
24571424
24509452
28488380
24889826
26320185
26817863
21935748
23207938
26255257
25080847
27055659
26072129
27673438
22537540
25101602
24375277
29288615
22642876
27757541
22098516
25891807
28399874
21920010
26264590
23328971
25384698
28891266
24128896
27381221
24798628
28981353
24604263
25201358
22104271
25791387
24502970
22847606
27873100
27353093
28273303
25164441
21114753
24210078
23358929
22382702
24477790
24629143
27321374
27655392
24034350
22076066
24033889
24953361
23508815
27602922
26047125
24969808
25944435
26974707
26997222
27317029
24895800
26362848
28059920
24524862
22258885
25687376
20969716
21899712
28188188
27083956
24997492
28049602
24906565
25604019
26013867
23167930
23384167
28682967
27464635
24034224
27641934
27601550
23149615
27028350
26705854
26674974
25944427
25963525
27138958
28601342
27406137
28655076
25605475
23590986
23710579
