24797500
15854125
20554434
27459121
24252083
24613976
17169085
27476937
23148028
23708185
28193226
11709725
24338940
25396716
28185006
12787113
23000887
12894999
27040904
8528600
24789999
24807783
22754373
27386946
27095351
15862941
22699427
25995029
23305186
19543555
20226633
17352874
24624885
28508243
23303453
9836509
12535195
9815282
23800066
10439225
16232307
21071180
19822478
23810771
10674383
22476261
12500677
21801235
16117796
25748421
9487018
10510326
19153064
17374475
23828776
12823308
22178180
9326384
18591248
12930292
18312387
24389480
14597673
21945287
7518880
10594725
11179999
25004889
14708595
21419834
12012374
7545201
25502822
12354419
16792750
25867252
25434532
8823372
9094998
14656992
18465297
18790573
12734112
26820528
9487118
21538628
10588868
27522546
16120134
9736028
20211547
25945952
21959181
12859856
11275695
24397881
25685806
10816682
10771470
18061408
9626337
29197368
10657988
8326145
9665382
10668199
16181057
9036933
24223113
10674389
21366699
9403711
10651992
9164640
26640791
12413769
27255371
9008228
11023977
25727244
9303424
10816666
15990923
12766798
20073093
24676213
9506472
21524889
20100190
23581888
26660334
25099157
25017742
2113877
20354658
2211213
21598635
2663795
21316440
21834811
20716223
15369221
27635430
3209129
7565742
24373750
16400186
25575749
11179494
19317803
15936249
9664114
22405044
27386145
21354273
26998386
28114886
27123160
26885014
12966161
27095067
25320710
27795451
24578794
26848219
25878939
29637818
28497393
28885585
27974900
29678305
25584150
28662599
27896178
28539964
28884378
25806080
29654830
20960234
16099239
1354995
24799937
28670518
17961449
28770536
9129233
7010707
29138430
15875206
15797314
24975581
26622561
7835148
15738666
25327261
22798675
17872905
26869351
21920556
17658483
16111824
