11051239
8875986
22252256
27259208
10470088
7956692
15014009
20232139
12957283
10564676
9570347
17262179
10567903
23715307
17447881
27891760
19671129
8695925
8968102
25714698
25714871
17221870
28179363
17018160
20028993
17189394
28362259
15235021
18720004
10638959
25701704
24720523
25487540
28743157
17634561
24132290
17311302
1617648
15510158
12536079
11112663
27307597
22377695
11174390
9276865
15837735
24814393
15366000
26762413
21857118
3305447
10679659
28230015
26551669
11896205
18550490
20052764
29162654
15163006
8718521
11807980
10206076
15375702
15872200
23052347
18264088
23045248
23522120
24051051
20840072
26805944
10391560
20934514
28476018
9390556
2666911
9259087
24220311
16478646
17158592
16753007
20951806
16180198
23165447
26723242
27070691
10725343
11668620
25228659
19424571
15515971
19008013
28705010
26642854
10699917
26096169
26285240
21953857
10477433
20683152
27866339
15099937
27486176
23447401
27306805
9297236
27631815
8690862
28465371
16685453
9428484
19805033
23057551
16150895
26125302
26847329
22562326
11314036
26203642
15767641
10341343
18644254
20710116
23086583
21681552
15256438
23349881
28123049
18772397
27751354
17721994
15190212
27160408
16373963
18328949
26832993
22225527
19100506
10690392
18266893
14724591
8718514
24268522
27341592
20232141
8187091
11147584
10398279
25899785
17434710
16863509
27279227
11161377
12734426
23764841
22870588
27494029
16244786
24571650
20087960
12759930
23231521
8592341
8044781
18338496
21385341
21130517
9360844
26536620
15161700
11391615
21289333
16869754
20845292
17688504
9288766
9152151
10717622
12619113
12925203
25025766
23805267
25350788
17172815
25609485
14722926
24755492
23849051
8162051
25016225
15502862
19509239
21477882
23328547
20842729
20933246
17076533
15655355
2453289
9654203
23440991
10921336
10383166
25480824
18403609
27105879
17854147
28299801
28249646
25524463
24243779
10686307
26177855
25583423
7033044
27253039
16904606
21106365
15382066
25427824
2650634
26832770
18223686
23354161
10945556
23983256
8672215
21655907
27454288
8472989
25078343
11605033
11801303
20544883
27734215
26824986
8564923
15264277
27628328
11603116
19420352
11108657
8971187
28679692
21538414
20093391
11480772
12883723
9154814
16049312
23211574
16037637
10627141
12660027
10945024
19789347
16819371
17350322
27737491
10191178
11287278
24563616
19881536
24349281
14598507
28967881
24924393
15064764
19309232
25693079
24913807
17683619
28056258
14645426
22684231
15507235
22348132
15609344
10697602
25665809
12649339
15042511
26927665
23154810
28723940
18418040
7903434
19756448
21326241
17942460
22825375
17119063
16998501
23586058
15059910
16407837
27363847
10217065
12655568
7927946
18067074
15371818
8869100
23108289
19440048
24990411
15486921
24419086
27248180
21285512
28176205
26114992
27454287
21169372
12107021
28493366
24153426
23658460
24528374
17148771
26994145
22584871
28483946
16620878
15613860
28306219
24259266
15048091
9118561
22525302
25131761
18060491
27461952
22543498
9331071
21598239
24096568
23277170
16471036
20967766
27646667
27236105
9111162
26551667
9772989
11156526
28324028
25626064
26895074
25899787
22300766
26342593
16023792
19813061
8751853
17949425
8483937
11309221
16201889
10646894
28230005
21531001
23647298
23532330
12522559
20721742
23694700
12781642
17178847
22198256
20369307
25833149
12610533
10065152
10408776
10389535
18728396
20862743
24037242
394592
29300727
26908546
26398757
28515244
12642695
1886708
11692159
18473997
1823363
22771588
23575477
9799090
28427513
19564652
2573189
11179017
20036829
26422542
27528705
9579425
22946341
9815826
23649444
22089350
26810975
20843112
18511569
12057910
18669174
18398474
10523678
9635858
21733559
17401424
10072877
23634980
11064346
27020384
16998498
18792899
8595411
28012356
2594029
8973600
10852375
20173765
9062582
25394778
22190593
24451276
27759562
15528792
23278177
10925357
19525976
27296296
28641700
12529183
20007486
11013390
22016070
8607008
22187033
24402860
28343309
28597503
18279628
27270314
22923433
14751132
10191176
19812674
27341593
18681855
24128712
18534021
9683585
20473912
27533253
19358724
26718127
27053844
25491172
16428486
25332147
21520036
728676
15937070
28625643
12353267
15842942
21696387
17924122
18234728
17940185
11173079
23897899
25390899
11109172
25583782
21441214
8199598
26630308
21229623
24077110
26049273
20221693
23797772
20373070
26497911
22038540
14719068
15589575
17201587
22869096
9800960
22369373
12433719
23770567
10738214
