15734664
22302254
19799539
12904106
17961256
27146293
14695927
11493374
11350107
26604775
23443754
10799017
9748780
10335757
22471285
12473872
21734347
10217378
11240414
10644291
12575984
10513779
21098985
12849059
16620303
25304981
26270008
12562386
4040510
16367877
1148264
16573653
10412753
16723648
7572685
26255154
15931659
11888512
25474484
2188379
28028033
15317608
11477342
17555873
15680375
25262434
7575771
22789904
10412781
23565478
11570288
24932457
28578514
24319534
12583851
27047650
23725917
15989560
1496277
18261731
11606315
15991963
20491794
28859658
15326037
