29080193
23975639
19463458
14696157
19142381
28830582
15390346
11870953
17293267
24044009
25331940
24172077
25651087
18316831
28875395
17985383
15224296
17391218
29348013
26271203
17234167
20453394
26141446
16054461
19360862
16598109
17541122
16404749
28539564
28707349
16325982
19752856
27290678
14597593
23549643
26215972
14988909
19463295
17574168
21719779
18295768
27979031
26113198
21220513
21719696
21684511
12455079
20837910
27308957
19366903
16502176
22821929
19442948
28126156
27332865
27013159
27914489
15611364
24747400
25744011
29219511
29081711
28943794
28515666
28331429
26764987
26709345
26230783
26213487
26041974
25995708
25955046
25937816
25838792
24972200
25983639
25814856
25814852
28781578
26230784
26190938
26041978
26041976
25838796
25838794
25838793
25768755
25479491
25325632
24580439
25814911
25814875
25814872
25814854
25814844
25814838
29200941
28579920
28515670
28515663
27661680
28747849
28260972
26457062
26451544
26371640
26300688
26196792
26196615
25995709
25983646
25910111
24655244
25814910
25904819
25814860
25814855
25814839
29219535
28949725
28943784
28579919
28331433
28260981
27834993
27176515
27015473
28747847
26190940
26190936
26097411
25860734
25838797
25763955
25379911
24476258
25983636
25983635
25814907
25814898
25814877
25814873
25814867
25814863
25814842
25814841
25814840
25814837
28943786
28316503
28303085
28280437
28260974
26269691
26213488
28943792
28690423
27069414
26855606
28747848
28316497
28316496
28316489
28316487
28280450
28280438
28280436
26213489
29200942
28943801
28943797
27471432
26770069
28775663
28316491
28316490
28316486
28280446
28280435
28280433
28280428
28280425
26380565
25814893
28775664
28260979
27069416
26900343
26770068
26770067
28316501
28316500
28316494
28316483
28303082
28280429
26543401
25814900
26041977
26024162
