19880749
28076816
22922961
21479334
26773038
21867624
19234142
18492952
26272487
26993993
28899852
28279966
26025392
27732771
26522853
21238935
24106608
26186678
20695979
19587373
15249683
16388417
12791682
15824096
20075158
20705333
19109562
16597588
22685231
25512499
25564400
25512528
20032502
15711742
12869506
19027144
21799176
29186156
24558203
22721582
21535387
12775718
17187823
15774619
16141351
15136581
26391536
20354169
21385852
19498171
20886194
21712537
14512317
16953270
16322474
14727255
19944670
14652658
20647566
23110044
22289888
18986390
24950743
17650455
19765212
17426255
24977290
17296575
20819568
18492805
19786614
21724217
19897584
19047683
23446343
17121983
17393013
26345337
26747250
21715306
24097977
18725999
11557746
14563640
15126318
17975018
15922776
23809107
21781248
23621748
28823280
26203127
16286459
20351307
25422322
18263586
22022775
17425685
15322948
22431572
20589314
20946172
25030452
26478757
15507277
22854959
17060968
27443694
19662664
25983111
17979694
17052980
11574066
23322777
16129029
27795521
11843286
19506362
18786007
24713928
15849521
18397285
21880666
24790143
23378253
