12448620
7838491
10193491
9811100
16261122
12616051
12616047
7838490
3184227
7897710
26943249
3561737
23479233
3429397
26341429
2384778
26704212
9764223
7971519
14565068
1807525
5101879
7741614
11641799
11464408
10088582
26927292
16239887
12616048
16374302
6735710
24777161
464238
21065894
4456229
2911102
1749025
15264782
451656
7723926
1151455
11587420
2699121
7885712
3357965
6562166
11313631
16172630
3660078
14617457
22242667
3981684
12494315
8516711
2044265
1802161
7660280
8938768
3848881
21007742
2606753
9235839
13144409
5417964
874553
15616106
9267919
8606408
2023771
11231854
4021877
2027428
9122456
24051332
22868022
14636733
15484664
27015067
18686841
6953180
5161635
19216212
28669874
11327559
18312081
835684
26057284
3704777
6801781
3990365
19272220
3267315
14768683
9135747
11441384
18124002
1948380
24155462
7795036
489368
6726219
8963962
18226763
14179390
11277135
2135818
5594087
1813824
6387955
8411282
9310974
16608737
6562036
18132353
7927088
11733888
21007743
14742934
19820585
16227889
20387621
4721870
21007748
6667589
22992883
13210674
12131411
25811133
21007745
3967409
1589289
7729113
18913351
20065766
20252456
3405390
7264587
19806161
10362994
17575878
11679837
23036147
14299662
682293
22120389
11749010
8524609
16916187
12638116
1369838
18438479
14007314
18645321
2086047
6572729
1408341
19643675
10419357
5411993
4499937
1635797
1636069
22201079
11035480
4499936
9041895
6654246
5795981
867282
8260349
9541885
22860497
5044320
22520102
19909702
24971608
6738807
6503503
27545406
3185888
5145372
9779677
729565
20299409
6845669
2926491
2781395
7346599
9335922
6428341
472830
5586367
19913123
2927613
25532135
18326054
4004539
15065038
11441392
5792957
9192386
25934241
10025688
4721518
8607754
7606121
7432767
3824066
7760414
1600803
21478413
7366808
26639623
7832613
484153
4660603
8673509
8852322
5795122
2331215
22777491
5865089
15570118
19934139
5824126
10751126
8124090
25153811
773202
5476227
4840069
5589043
5091823
10030663
27593715
4694023
27244261
16275239
429409
775116
978240
15520988
11407797
12639672
26375571
4637558
1986470
23998993
2220700
8432252
2747936
10668779
5057840
15729098
4147266
7165441
10672302
2222611
365696
1052197
10751920
610948
5738679
6703616
15363224
3161994
11723205
16933827
25115322
5164243
4411324
324550
11549197
7143509
5127257
10744302
8489395
4573795
1287544
4582714
16612302
19375078
1580194
4479145
8614075
4735270
628737
8202771
5089158
5361332
5129226
3641252
23511153
9324151
14640287
8235547
16636619
430155
20209993
19593891
623966
25765118
15824664
7966470
20682206
24781406
852474
17175436
20243446
24926931
17102811
14689125
21697406
3137366
14971518
7946821
10418834
25185470
12645443
10797973
9532713
7602650
15067551
846752
22521010
2601988
12379381
15648805
20605196
19847911
16440591
27468783
22244601
16676275
21537203
22641254
20309003
11308003
19132440
10674533
11114778
14564791
10762188
19616210
13833889
25446474
15706011
23579483
3588000
10442660
9041923
17339888
8133986
21192220
11030514
15559079
17274488
26921138
20597570
21359425
17099524
21497253
3945902
26619947
8158716
16396384
27670807
8547159
14518535
22000726
21820655
27752059
9642453
9356062
7478742
2709199
23759821
1919288
14742966
15889695
7695407
8327142
2313748
16048142
26481710
23511684
22145512
11380122
25865718
19901806
26873409
9005913
21756572
22182875
4606284
24458038
19249961
1787986
15256630
11965403
772179
14577108
6352147
15894849
690692
7273541
23678280
1527609
28705774
2027456
6614616
25683212
14768684
21520532
25705346
24566426
23526072
26814750
29644101
26692690
16269883
20492780
28382215
24353856
21733154
17586966
28512618
27081417
28758543
26649168
28663946
17864295
28488619
21436741
20421051
28604325
25621206
26587299
2680039
27323322
12515032
17140519
14776973
26385070
26892374
12188945
29550596
23425741
17863372
20769431
22876811
20768659
11987003
17861689
20768867
22721934
18321513
