8719543
23591654
23045402
1386440
18173991
16648754
14575251
162546
3946772
2662321
16254723
28410481
920124
8725928
21249507
20305839
3571310
21187687
23197008
9254877
12838075
26090709
15528107
6240634
8496206
16584947
15088248
26679886
11679824
19623637
23650804
7745362
6860189
15682017
19442011
4023078
8069988
27128765
25119510
6514166
3907743
11025960
16835738
15233270
24561811
24658150
16703890
12384751
2600392
14642431
26032407
27379776
17882752
9866765
8231783
10036893
19472025
25771520
25838195
24947003
17561740
21680253
10955125
10825111
9180988
26775230
16311200
8081407
27538424
19952827
24102987
26680777
11302623
3717480
27670876
6606434
24101237
8836999
22469872
10624991
9647165
28142366
2376769
16213255
24855138
6446773
23371941
7275413
26888880
21802655
11916812
25893335
2716974
8169330
3328098
10552266
17889541
2915013
8638759
21932934
25882259
21166543
10751950
8022843
9431608
25748611
22832297
8231782
7570334
11249219
12766656
24974720
2913978
18071623
23877455
9827438
20309954
19423039
14727274
24525795
9164068
23471498
17396475
22252433
15790054
3615601
15013503
10440663
707706
23153781
22116406
630460
17279369
1192677
19321908
20719003
12702705
23230245
3447040
9703183
18353335
18580148
10568854
19879160
1307392
3623763
26806218
18501634
22297473
6316181
4088844
9206760
21596807
19683135
26967547
1927240
21883648
27783446
11744776
23541315
27395451
21624707
8777022
24801667
7316717
10554757
23074997
28514698
15347122
15008862
23553293
9879041
11032262
25564484
6228021
7134273
6821974
21437967
22728211
25361367
9604142
26477632
17453405
1454867
14646727
7641442
10338170
18021632
20192886
4014531
18245603
10546604
20570471
12182426
22299636
2224460
23288749
10738416
15940602
16520212
9684022
11020742
22310511
9208081
16835565
22828693
25391416
10229303
17891648
8771072
10778841
12801194
22588380
24393361
7786705
20415307
12507706
24269267
15963202
27318669
10575643
26447008
18277876
7854792
24836048
15165599
1308095
6219180
25675231
9507622
9498866
2522677
2961344
8245078
23823055
9495690
8303143
24444505
25893354
20535042
15830977
16617028
8496204
1830247
10589147
14579021
26747396
18041207
20418016
27272621
8378106
27104789
24291407
6212772
11441376
9507623
27618240
25840041
23213282
2953076
26076302
3714007
140827
25341985
10997531
19342934
10227671
22106198
27053156
27767682
22698441
2954226
18427312
15129203
25781325
22983121
24701750
22208894
1162582
16369758
23371045
7942204
9438816
28506227
27364423
17530679
27341052
14987188
19479526
26883265
16331386
17986157
19415347
12800006
16401326
25980625
23240657
18836358
28264631
10626313
23948844
25293700
17197330
25828079
19834642
28330796
27061701
17530377
2528822
7800980
15681269
3577343
17196487
11216715
7707075
8864502
20851568
11578602
17608342
26722957
15954054
27533335
17138195
24566214
15464204
11214053
26382593
26954272
26940192
21378603
10065528
20465667
27365374
1836252
15305675
11698891
27468673
11443793
19644911
4021986
23279601
7787848
15739520
26509568
23238489
24450036
26549673
11833036
20858945
27633027
15959370
14770349
28862573
26726969
21131867
16523142
21088627
25051886
27951482
6861407
26940055
25421550
27316567
23276338
2945887
22213740
20692746
19247840
28633791
28587633
12438990
27263164
16331384
8491426
158315
17011704
22717729
4414641
28645455
22294091
26960422
18523503
22402840
23641672
17320683
19735397
22208855
8310783
27734435
3994846
17941576
1535430
28641201
22179754
19282736
8310782
20724642
20023361
10402822
23886648
16197866
26689476
2193086
27210236
11216687
25415793
26825788
8349215
15665204
24094717
24114353
4025672
16919553
16025036
8020206
25371017
18350733
23877267
25380616
19897166
20737337
7558257
20634657
13677272
12399833
14762732
9303021
1180763
26640634
7773814
27906953
19881003
20382558
15259452
20932788
15725222
3346261
24875026
23316635
17159546
11819021
20819425
27023825
25202137
19444490
26040323
9228878
20141979
25910930
22880715
3609195
20887148
18801531
15711493
10353492
24171350
8355863
21663722
26199303
17108817
24529224
9848863
25887825
17432392
27799721
28744491
26740955
18313972
24757478
18926382
21629394
23529152
18071934
21063498
11424465
20608623
27431837
27792115
26886615
10084448
29133715
28937849
19096652
22550576
17713046
8510777
17596897
25694865
19422652
28978583
2584626
23915757
28264241
10959927
15107707
18822738
12616061
685674
28097242
25303619
