26725431
2765478
26181717
25220663
2372744
17340576
27815364
26343999
26234359
9531487
25858611
19702528
22706231
20887713
25370011
22497566
17908921
8132700
19018727
12844137
15155834
15247629
20402563
22530035
25710939
28011360
15671201
12214673
17978169
17683511
12488541
15734728
16945988
17646279
28073588
27902773
14674322
20012030
9421682
20484172
11073287
24345333
12845369
2498300
12754101
15998359
1995602
1302041
24983901
2322567
16894644
11950786
8352886
11504148
3214170
8250953
17945193
9722582
8658503
8277979
9657280
20402460
15657367
1868078
1930300
12560094
17466327
16540109
7543189
11901218
17224913
21395539
11162586
23628428
2712571
1417950
18068688
8611142
16919048
9007836
7576100
1739422
18602936
15041070
10334207
10490589
19034006
22859313
7682690
10323331
15123731
17303623
15115437
16183037
26873401
21252290
11556818
10493259
28555106
23027621
7581481
10563516
24387788
20929430
22934830
17127240
22837389
25519152
9797707
26239541
18664172
12843640
16763015
17485391
15084249
15020190
17827782
26503817
24369767
11767004
7620939
11204934
21161757
22401274
12171978
10923861
11230748
12021553
16415532
12795646
16214878
15191668
18001838
19326769
19479063
9402949
23669205
19702529
11714868
1736885
12736711
25006744
23733276
17978482
25872594
9454825
9536002
21994437
18762178
28153492
19326768
17576804
25998026
24301609
28583088
24114584
27478824
15155557
27834912
