8964749
18798667
19686160
7299042
18321954
9641253
2156156
29222419
15544425
2550332
18525019
27808509
9164077
26235887
9017249
10785442
12450131
26661790
12838424
28129190
28129189
10458707
15890407
2022348
16966389
3383382
8099352
8812169
8902521
6089700
19686163
19664607
10229331
2387499
15531600
7868906
2227531
1473025
22702468
20370559
11328677
11702041
23815817
2357589
24214427
6824920
9444559
11999381
23398436
1311166
2289163
2167273
14583487
10719242
9257665
1617439
2854105
7514486
19886748
21554631
1488560
2868027
7766851
10556635
2843161
10029234
29562230
11570708
9586581
23871965
17709302
29537007
21785167
24381029
12915253
8019639
2853709
8621707
19275905
11897165
2231429
7647921
27301688
8282233
26694648
19875352
11705697
10699745
18630270
18363401
26792879
19260676
9877297
22419158
2271954
19163746
14979793
29238916
11958956
10712565
20830398
9602037
8621883
2071702
2488930
9614711
1849092
27295690
15283300
11751472
19686161
12909288
8996978
21270347
17415411
1650277
24162491
10535689
1374087
3581446
22929591
9774191
17989138
12060808
28581479
23365185
19694179
7678381
10863542
10719241
8981038
8735653
2752302
29669868
7647915
3998395
11526988
16298862
12018998
11559038
8006515
1641756
3559689
14568331
9824673
19075509
9296557
8554316
1874981
15657707
15671265
23665165
20636251
9311081
21964712
9358251
8843492
25188729
16833699
8788951
11345721
10092619
1353399
6509329
6642083
29544701
21040715
10645888
8938482
2167272
16756975
16187405
19183511
11228375
9675328
11844587
7544190
1679344
11454327
9387333
12611992
11201199
8837046
25226220
12207239
11668588
9462877
1335269
10967052
11224417
7728535
8458585
12527695
23063932
12853423
19505946
22696536
8853344
29260627
9219030
2832723
28534781
23449177
7986365
1611525
12873491
2012987
12630525
10629749
21651461
17729216
17488743
11369506
11110643
10842920
8225033
1657449
19439671
22277934
10683482
7575577
15452862
8050038
16876321
15347735
11900340
8383500
4084820
8890459
11525252
11328754
16392836
7225869
6230710
15690465
18629023
12902030
16586432
11438521
2213606
7760359
11136930
27479490
17898138
15518640
10832069
9507138
14568330
21600283
19179538
12904187
10964763
7536809
7874500
3202199
29055283
19324972
15880982
9173922
24259462
17443351
15953685
10801300
9166889
1786556
1773943
18793715
7093703
20956246
12010570
6363505
17729114
11641130
8325539
19162618
8587965
12208369
17729123
1663764
7761448
7900914
12626640
26708748
2167254
22471601
15019154
7699199
1354944
8070674
1721561
10525116
16491819
9741590
23046817
9507930
29184212
28342771
27121585
17379413
11589350
10068457
9048764
1310168
25116706
20087504
10519935
9139987
11847074
8393104
28686793
8705317
8834297
19686159
15614413
10643792
28276165
20385643
16273405
11337201
10401619
8693073
9025109
8227338
1461997
20068451
19947771
23819262
7743221
19928751
2243611
27640146
16331176
1673789
9718087
2502329
16088973
19947772
9109636
23419732
2543984
2841353
10835296
9307125
1619668
3404209
3398055
26849425
21307316
18805404
18255225
16155939
15010205
17463027
11508731
7598714
3778520
27703460
17903946
12427324
25120438
18998656
18371175
14643001
14627662
10713391
10702229
21551530
8815887
12121820
2553549
2907458
9926865
15740002
10576433
8382691
26315380
16331475
11641131
28821663
18948144
11888559
11767416
22521582
8239541
3319038
25788675
25298514
15036594
10741852
21781789
7472329
8394382
25703200
16847679
11850126
10600175
9167783
8294048
18161853
16874804
15331451
26639634
25289114
22913563
11413227
7531746
1409255
29570993
16124465
11251203
10964489
1645621
16987681
17579778
16343451
11233146
9666086
7900910
22199233
2607742
19028464
14670639
8711509
19699720
18635449
15201509
10413033
8951421
23964123
16325156
15660960
10064811
9852529
9733957
8216173
12419541
16484052
16833382
12445962
10943617
7472328
1657733
2994696
18777527
17886845
9436622
7715818
7820702
19129294
7793980
2688966
20406679
17412503
17045402
16261339
25726414
25383904
22815399
10213516
8446690
20510218
19857554
15987551
12742633
10983851
25009265
8059426
27215023
2177063
11006438
9367248
9517824
8852588
2337823
28268604
19563755
12817300
8652066
8554717
1777107
3167557
24983623
20735997
15027674
12865593
11833745
1317002
18937752
23707296
20639353
18815256
16054113
9012843
20462228
1325396
29297345
28287662
25086873
17276421
10825490
