28075389
27120509
26522612
26243007
25974882
25746683
24018163
23896861
23593288
23589369
22383849
22092867
21864783
20360736
19500589
18398532
17900183
17326815
17001104
17001075
16927323
16879648
16702222
16511113
16324788
16049010
15255896
14747714
14573599
12351857
11473577
11456561
10547280
10473576
10089344
9646860
9245406
8807882
8865363
7608158
15299334
7918393
8494890
1361949
1989393
2383370
2917271
3232257
4074680
6690998
6811955
28968845
28924611
28870772
28527238
28474742
26962430
26446306
25573153
25230674
25084333
24034981
23993746
23908045
23035716
22628484
22545171
22366635
22182362
22051857
21708175
21147767
20817757
20724389
19749041
19141093
18631156
18045868
17631313
16488888
16485133
15147182
15095758
14645216
12829280
11882716
11251810
10754235
10731426
10226561
10089466
9799632
9268649
9153077
8202710
8188662
2050136
3818758
6724115
6615786
551618
25957534
29330359
28167669
27762083
27222725
26962429
25041308
24212116
23971587
23346949
22439843
22431604
20863891
20634548
20353400
20150235
18925962
18430139
17760620
17029380
17020617
16581249
15588833
15476339
15333946
15223319
14684921
14587613
12939147
12868709
12724591
12499555
12461562
12176385
12037319
11851334
11736826
11470435
11456909
11243786
11108053
11069648
10927255
10460690
10460684
10438628
10089536
8946852
15299591
8612811
8289319
8241160
1527531
1390659
2029516
1998856
2231497
3002425
6803882
28883500
28626547
28536258
28011634
27459269
27415800
27337604
26885407
26615189
26517916
25255805
25238611
25075346
24641010
24500833
24451586
23262146
23170970
22970852
22540714
22383848
22115775
21705338
20888125
20823530
20222013
20036251
19827093
19501594
19153445
19040641
18927070
17010379
17001096
16511068
16287120
16138311
16131758
16045607
15948956
15698576
15165232
12832791
11770368
11173473
10556024
10460681
9843395
9789753
9789750
9772192
9309218
8784184
8679537
8549812
8747465
7612611
8166630
7953289
8463233
1930835
1905570
2364018
3065513
3070546
3495735
3845322
6488318
6315404
647214
22666906
3910110
