15694489
24275038
10618634
7519974
197521
18281601
5420950
15197225
18957438
15133681
7579709
10899125
20012577
9440922
24642790
16319397
836789
1500420
11856177
4505675
11712087
18616348
1743280
15740641
2050127
8639656
4206592
10983971
4582193
26934956
10794570
16185088
6628559
18227505
2311583
21511733
10346897
11814578
3955009
6628565
25870416
7284339
14610360
24561803
20089855
18180282
640304
23607347
2719693
18931489
15851689
17145805
6860633
20670892
23775118
1849905
9374852
16377619
23286197
6321487
10619130
16185068
18163200
17342732
19443446
18095327
18770804
16246723
22796964
20492564
8529456
12612885
6833266
3810889
6316323
15659848
17874213
10734083
15684425
8360144
12650697
8947546
11114889
23659045
228812
16638744
21628526
22984491
16669703
12560483
23401470
7237441
26175159
15536132
25109292
21224359
22948226
8300603
7106348
15659628
20051435
6358859
18698803
22006017
11441012
18729329
12202754
3349051
20838438
18059471
16039583
7196730
8628673
11278789
163445
17242207
8368868
11856369
10329641
9892015
16808616
16969090
6884354
20921231
20520775
11682064
8073423
8431293
22357620
18923077
9822702
8306826
23970081
19898522
19783980
10764593
17677106
6307689
17158953
23833215
19131518
7499230
18939858
26663086
17917790
16210244
11171370
3809395
8477752
10911985
10464286
893392
3117783
3003039
10687958
23363014
26657617
10199406
19887394
14987995
9492295
3588300
16980586
14536085
28981125
12118107
18158901
22885324
19623598
22806479
10874037
22430255
24939842
20639511
24993006
23281010
22735693
24449421
8144543
192208
18395832
9078274
25529972
11529677
17566256
11592483
11782362
9222335
23537585
7096447
10209020
19995936
6226654
12829236
11893489
25650421
22262834
9362543
21511731
24128087
28159833
9636175
1931957
8647431
4796852
21310711
12757711
24100296
22911004
17891183
21473118
22391560
9811564
15169885
15652479
15537652
24013426
8179191
8243112
14612406
24493641
11997011
22532837
16960336
12372432
16793405
3944138
23723094
19622635
20360685
19066928
14530383
22353557
23012353
25480829
2829978
7678408
19351884
14701748
27317677
11709551
18957539
12943243
16673875
24519526
20228790
16287868
2714891
1430024
26082460
17291569
25935208
11803372
27355193
21613478
24648511
6243962
20551309
17709392
18160793
19338747
15681610
20173316
20057502
7408886
1690730
20065498
20920473
19607843
8562914
23844048
20159462
29084613
21212735
15772150
16222244
19631660
16944950
18770801
20655390
6275900
23128981
21098664
17498657
26181367
15205323
21293379
1592153
10477747
17304220
22250664
11420717
22153871
18835433
6268616
18418070
15707990
14612514
8354232
273248
21943826
209406
16308568
8876166
18487515
17643117
6137002
8002017
6976025
16990801
6274407
16921172
15812661
7684375
24184212
26610587
28185200
16135807
2076107
11784863
6320826
20230746
12751958
19763948
1321059
23183184
24779401
7076664
17353265
16187760
18413980
24360965
24586187
8844394
6294083
5274484
12917335
17094487
518884
16494514
16681687
15208639
8496189
11943200
22371497
19242092
21852232
26088617
12792649
15870266
11467739
17194754
2863265
24147063
1112776
17936708
20150217
26160178
6641743
19116339
12915181
20224553
568032
3230333
16932020
21498520
533613
17913747
18431795
1502725
24732914
17888663
11059758
15938617
20101220
22157004
18765297
8397206
26704714
26291278
17942930
12220643
12677454
15078818
17116287
17357443
210824
27293079
23413810
3667574
1776220
16046194
21078383
6628682
3396332
18079322
9882530
20356835
16423555
22658722
12917630
19279000
23081878
16854430
12595522
10336606
6667453
24927542
22723556
26458748
2983880
16719951
6830762
20139971
6895500
21827756
19020052
19448405
25574816
6281254
15143281
12236816
7152194
26527276
16461563
20473294
21362549
2953308
12593861
15607974
15226425
15607967
23973165
27010499
3582736
19766566
1184586
17521927
6284200
18513937
435276
16407273
19923226
23740952
6349995
28940655
8995382
24451138
12841599
20159970
23449797
19234442
3134256
18695893
1168641
22508764
3337824
27143358
461184
20372103
23358415
20679488
19136008
16818236
26404763
21148072
3355550
1269378
25813038
4351803
14712078
204353
23071152
5726191
24509855
166660
226145
22519817
7588532
110314
27716482
7056716
6859518
28077620
7217105
20557919
1726921
19494789
24955650
20094029
16927366
1945884
658414
23478019
26468616
813981
590517
26769710
17124174
18036
