29390072
22438752
1857506
9362462
1447924
11952773
19770322
16966337
28466844
29105881
9479763
22666034
21613983
17923126
22345148
2299394
10795987
16602600
7733541
8185407
17893641
22574044
26457323
22163738
4048948
25841637
28690888
16905128
12174454
11152641
8807264
18247905
17330037
25376334
17257660
19477995
24324390
29041598
8269850
27649176
28125056
27589756
12297101
25483039
26970565
3046708
29587352
9560341
15185881
29113428
18364802
29506840
21808866
25852782
27618049
25189193
10727871
25482896
154129
12745846
28640665
26254168
8575995
27002960
7479884
15237838
29653028
28707887
9214827
28411682
8962100
28276009
28820444
17919837
24928440
23359052
10611233
6512590
26164657
19951147
28700447
29232900
24009167
23268629
18548065
24603469
24463817
24795672
22693379
23994149
28085848
20890001
5717209
20272002
18234721
28269135
27859396
25013864
17629172
8267395
18177160
25346867
19472343
19415893
10786786
7772782
1549436
3046709
1643851
29373518
15484922
1537183
24274701
27699516
27894868
22584168
20964207
26665124
23460833
25794081
25549166
11517189
22876167
15659660
5485433
14845408
25474416
23440517
23056498
27907827
23657278
20160686
11181183
27659486
25600554
15701732
15179112
686530
8523977
17277370
12364337
9864777
9482198
29614763
26233020
26034664
8804093
26278972
24504182
23748916
19244342
18347436
16454305
14618271
11481346
27018077
17923096
11031556
26737194
22772294
25147551
12824321
3495991
29432218
11687491
10471315
6716128
8904761
2429623
6624254
6265411
26889519
21935056
20007093
7555727
29271240
20254300
5403513
3660602
6722372
3957797
6643850
21916583
2432975
19434159
22112792
746027
21034699
22680892
21984598
2593599
4055534
17709012
21147208
16045813
14504674
26662202
25340450
4983497
26193415
4031251
20490810
22927384
27347976
8441123
27483279
25870127
20176934
15260722
7555702
2816203
23381178
17329050
20989168
22163972
22182488
22001410
9493939
3783237
19211324
1820400
21143796
24308735
22083848
21071420
11937024
8132913
20267176
29050259
28707718
23396973
16690435
16230124
27139672
16595001
24817854
11669397
25649997
19152641
16336650
16294328
8522588
20340626
21004164
27538565
1684934
20236536
20183207
11415213
7736568
3309822
27782579
26027410
22962467
9598339
7806619
26576626
25713452
23811565
21325517
16933294
16225863
9614179
23523111
22267743
20937269
20072621
11716444
9827856
25896774
11739781
29337047
2683513
27258279
25838129
21036941
19175768
16081657
15505875
29619279
26192667
24514768
24484017
23114327
11695056
16295113
22588270
29092572
26274097
24035879
23482497
21486956
21479902
20136221
19223445
18646992
14503671
10641652
10536143
1545814
1793693
29603287
28212281
27054512
23213441
21104054
22454577
8436587
26566031
26515313
24677508
23905042
19326084
15649464
10989338
9188558
18792202
10852898
9789325
25143988
19950835
26368482
25272600
21079725
2773454
352586
22336238
18159124
12221120
8255452
3874080
18857206
20991027
20277075
20240108
21003121
28760927
27055752
20531984
15215440
10341981
7772047
28788730
24021968
11051305
10980424
25413391
28690114
23614109
23251450
15560000
4982848
4376615
25917998
28377516
21230951
1476029
2060111
21339845
18026365
16235646
22616091
27410086
19695993
9603865
27338745
23769958
12637523
27463693
22363204
16938780
16470468
15466294
2345276
3023931
39006
20285616
20242771
28779319
28707931
28074913
22255610
10635314
9348693
11161712
10561407
27975222
19963622
12956577
11752260
10472182
8205979
18857947
28820451
25510246
21451427
17661348
11802780
23319012
21908236
20333403
21715475
16311720
27979831
27658214
17452113
10906934
10810434
3699259
94694
21230976
25385244
23759694
10212148
9382803
28616274
28079678
25597463
24135767
15840655
24982940
22037046
22073359
18546485
1786711
29058677
27442431
25356642
24928395
24570350
23711285
18836191
16322766
11037289
10822367
28886480
26542823
25368547
25120489
24598999
23680022
23285058
18385239
21993333
17381548
16951905
16011303
6747273
20299325
17643418
12948421
10100975
20539780
1938536
6732928
28442760
26072812
25390036
19082937
11909220
9368223
8907615
633729
829979
20266200
21066017
21006508
21000579
27275652
18243965
495131
24322236
3591479
1251009
21014971
28357573
20249170
21017785
29167968
28649155
27802167
25210926
24732794
24463815
17090318
15654879
8668781
29542978
29137706
28946625
24010001
23344771
21653729
991459
29322646
26861348
22906852
15145947
11554799
10788322
