19207817
20735085
21774811
16876954
19897485
24275011
27776265
20067795
26768413
22457017
21664488
16793876
20237133
21700660
18439911
20713055
19279395
16705041
23665163
25363750
19211896
11931351
15935066
19267650
25700604
18083300
15924341
27212643
18571322
19629445
21397601
20619266
22186416
18356705
19470835
18467444
16513095
23206327
17395327
17592034
14592957
17825097
24424444
15789219
18353557
15994024
20470868
15664701
28283583
16290139
16163509
18313836
19625529
10987818
26658861
18572149
24025225
18510708
17716913
12138116
18597742
25837835
27152636
12535176
21734267
17947360
26388520
22101008
17222491
16803960
25010022
22033279
18982005
28368450
18832099
11745664
22100434
24002038
22366173
22016562
27588681
18439661
17010478
20926584
12008023
15893308
23034157
17606305
19671997
23313336
16542644
15353224
20193677
24646567
10342850
21187122
17982251
17951260
16343790
11494256
27441639
18424448
23608653
24284820
26018677
26987957
25051443
23515288
19686450
17207781
15371511
24846829
16672665
14556297
24603706
15964702
14960012
15230865
23825121
14515010
19966177
20193700
16326017
25637830
15637314
29145563
10684871
21880440
20068009
27693517
16023185
26837465
17213691
26384964
22327342
24728609
15792631
17084823
18815440
12021182
24473434
10342855
10640686
25791982
12794742
22844453
23333800
17284595
26784014
15953656
27349316
10094420
15176476
25625521
18210333
17825480
20184922
23457122
22321458
22843122
26728277
17350773
9380750
10650942
15564578
19955385
28359086
20883121
26585148
10775776
16763067
23825124
19715742
23701825
18354059
29145598
17418845
22665260
10830306
19524373
19352056
22271290
12435407
21354432
17184929
20417581
25960081
26430118
26168035
15514081
15261308
15300253
15246542
21187644
17443772
24747933
20421250
10880989
22776422
23716699
12624116
17077142
19886840
11694766
21273638
16140617
11914591
17947358
19460862
25451981
21093516
12865327
20466023
23913447
19912997
15593136
27901601
21368111
21211522
15171726
23928376
26206299
18842899
15345745
15749804
12588519
25486239
25612677
24476134
12372009
11923430
15533858
15364411
21458520
10366703
15930325
17157476
17539551
23701824
21352906
10554975
26071589
21607612
10854693
19442878
16962596
19910637
25048945
14680004
20193744
11723172
24090614
15919741
18680559
15831567
18619562
20097268
17873327
12646309
18716892
18174949
16675543
20549340
11694764
17823257
22791648
10342869
24551115
11459776
20216549
22178976
17656465
16414171
15288495
16753164
24777335
19428988
15126114
23733266
27325769
24945792
11106978
19250199
15205556
20136685
17629451
23183182
12021076
24434281
14519499
18472350
23093066
20207833
12573528
24518867
24099736
20977477
16137689
12123695
18818291
19551522
11603569
21790808
22796107
16524385
15755860
15130515
23465388
11202219
23266521
24008343
20302816
24976584
22076002
16929526
14613904
20298751
27663075
11416015
26314929
17346814
17458895
21808025
11223158
14681930
18824103
25535091
24203627
12810537
20460386
20736049
20570371
21196248
16942807
10485924
10810299
26811448
11956145
17289002
12538633
24121066
19450599
21112483
25803606
25102255
28396216
22761926
25575453
15927375
17988240
18450951
11604247
22245263
18835417
12421337
24474771
16758356
11566738
11089556
10971144
11174013
27176944
18594506
11810032
10537130
11546554
27670769
26200837
25446360
15072568
13130501
19605792
16326016
28039038
26464488
12806179
25805499
12711000
20298458
16372252
17032750
16484284
17542014
22851291
23347260
26932723
21628418
27139935
27870155
15846392
28632792
19805233
10579351
11108262
22999489
24846172
25303530
15930184
16182609
24223173
19272391
23880664
28186560
22142990
27007402
21241485
11606440
26403396
24236119
20863372
27692773
17113197
27340922
15161628
22678724
21325045
12089347
27632921
12873981
17470805
24686008
26862065
12065890
24548484
11481323
19423554
27176937
9526077
19587286
17389368
9724053
22487252
11131982
12850291
9171231
20018203
10792439
24239930
10478837
17400220
18946176
17595223
15661363
12697258
17081541
18393295
16872581
17188730
11283953
18592033
7938343
12097811
12389206
18160819
22061094
11687272
16564422
15488494
18006630
12856802
11803451
19150393
10614639
15079859
17525148
24859604
19490052
12531518
17490623
11850237
9473714
15901789
26676302
17850464
22142812
18849985
18753370
20116395
18849983
14668108
17047318
9772337
19504233
9169520
18328572
10022772
16344155
14528452
9492023
19022886
23226269
10379892
15583471
8809675
1968222
17292648
21252492
1534540
20346197
17850460
