25427915
24885513
23036211
22753935
22692480
20974468
20432447
17390026
15979236
15386525
12791506
12657644
12436062
12061801
9973229
9682242
8800377
8605726
8600152
1626648
1712678
2202533
2706632
6684099
7403136
1247996
26582740
26118634
23117853
21948867
21415930
19120059
18459146
17906116
16988123
16260584
12821135
12700414
12045469
11408942
10726426
9878677
7625574
7520663
8333585
10146827
1537746
1298742
1748817
2137670
2121817
3358014
3935310
7093952
653105
26695753
21795851
21234656
20229084
17513432
15787096
15240113
12133954
11698436
11694646
11327693
11089882
10888072
9292472
9427972
8658518
8837861
7558459
8063666
1447731
1962584
2241108
2300607
2679200
3815355
6831435
7403159
466644
698926
925918
27481107
25499027
24859601
23577163
22155498
20586763
17912456
16897757
14634499
12565170
11964566
11888667
11251188
10383823
7943666
8974366
8415774
8358737
8517667
8444011
1823927
2024729
2522348
2964270
3470551
3775107
3704316
3698164
3861901
6293793
7260115
7255863
