26214872
21175188
26394223
16532528
15135543
17464220
25244748
14832426
17646716
29360848
24287646
17538655
14756455
25156983
17566149
11917851
24287659
12902057
16827368
20400603
19565757
26632946
24287655
24746259
19735714
15562711
28033719
19296382
26125794
24783990
22803364
19330550
26076872
17048645
23165807
27593387
12648826
24972139
19260921
12381124
19900529
25796909
22007456
25819000
26224722
28239062
21769644
24841004
28358712
24081630
19324691
23822169
27422354
15720657
24165581
22919896
17472476
27474576
16722375
23576175
20209794
19692194
21932186
20419538
17268691
24653563
23988619
28068041
19148535
20183233
20432901
24289011
25553686
20662958
25440377
25000464
26930244
26798947
19749056
26318327
28137214
14986956
19688922
20816002
19663302
22406948
27542084
19021790
17572140
17054503
22397621
25915052
22432741
24206697
24703931
27209774
15237955
18506394
22245920
20584145
19804984
22332595
22759730
17241981
24206678
22845058
17323696
17002439
14766581
24245885
15375733
22676076
17449044
24483063
12590468
27706577
21265138
20383742
25430440
23600520
22097356
20555434
25867329
23285992
19219991
16385164
27751814
25803684
24038430
15895692
27215398
20480045
23642260
27546101
27596396
18211018
16957990
18419063
18729253
26454962
28489850
22486727
19137371
24398569
22558083
24287660
20558226
12948082
25658843
22153248
19799313
19241584
17141932
15911921
16180095
23438211
22745072
18374529
15461599
18570236
26584455
20136488
21315362
17942106
21193830
22417524
20645788
24141985
23472020
21963559
28526097
14479712
18861321
27616182
18880604
28530574
25591270
14298682
17265554
26033513
22888528
13738435
13325242
28248545
14231706
14837251
26911518
24007530
22209545
18194847
16808152
22428129
17396492
13331375
25775800
13914847
13535885
28126735
27596424
17447792
14709886
26177033
23870862
18333474
27056262
24552729
23991119
26830578
24148298
23517173
24626216
19809919
19452282
19125686
18642927
27706676
28530596
21319545
18479014
27228590
25613316
25362595
24456246
23088442
22264152
19938856
15487589
12572448
28614772
27144578
22655534
15669476
12561161
24098968
22225422
17955453
16569036
29262676
15556505
28057732
27979305
23790290
21723907
21038688
16524102
26790259
18533519
17032010
16417304
27731833
19852295
19345619
15706845
13638326
27337909
20045112
26684638
25893239
25061802
23638919
26214249
16180083
16079540
28902963
26223217
18034709
16116994
29035528
21369891
20473962
17661492
15825348
15146622
26094454
23213889
21485078
20329404
18052240
15506806
28379171
26933473
22953845
17070819
14674596
12854177
24490987
19128249
16629511
15299993
28911674
15806302
26915180
22473853
17202693
15058208
12918268
12622196
12481983
16332512
26409732
19449564
19382448
27765210
18383221
17760409
16520013
16124473
15707306
28483054
26328874
25813735
25345244
19585473
28283451
24007892
23529392
22030557
21476271
15820069
23662403
21142100
19444611
15212446
12848490
12358492
28826244
27111999
25833733
20823898
18278485
16617785
29058766
20554904
19627010
12212626
22291983
16417780
25345038
24957042
23319448
21875373
18586478
18163559
15852873
15740060
15273667
12947714
26975114
21715268
18652358
16765054
15714541
14611169
12230103
27855899
19009913
18162386
14649203
26045201
23361644
22757776
16633732
12928980
29324845
25095358
21723364
19445317
16845938
16780155
26927657
25871924
25104582
21734632
20090102
23023684
22845737
21224867
17048617
23653223
22332541
15163291
24597120
24376624
28431331
24888486
23301774
17472473
24932952
24291404
17651916
15744075
28134520
20050706
19288149
25432283
20517898
19136738
16379565
15997852
15015338
12528545
28466134
24640205
17048614
22435574
19330185
21832964
22433043
23993505
16495193
12490224
19298209
12628446
17386985
28535611
25384585
16619362
23449196
21888595
18955083
22938149
21621513
17593932
26643966
27812611
25976784
22397357
15639001
28574484
22098442
17498939
16866185
23833952
17993007
28552029
25496311
21960663
17392110
16176147
23162904
23096237
14768393
23214261
26256187
22641502
16102517
28092864
28040120
26638475
22056665
12860317
12672150
28428132
19535023
28181191
26653970
25727734
17076239
16948057
15823472
21953402
17479719
28256654
26918250
24462958
23833369
19524009
24594274
18824077
27127051
16968106
16891912
27422938
20854873
19425187
17673345
17131913
15749631
23945716
23131570
23087514
15752346
27374757
27237219
21384377
12708745
24516559
24502215
20671610
17081171
16800770
22664145
28766672
11924759
18053338
12349895
16102264
26494508
22432774
23176796
