14632053
11579457
2538569
17055662
28475363
1314320
6310362
6319861
28025900
2991261
7596489
8996221
2539160
21285506
2563969
2553762
3019821
2164396
185118
8097302
1980447
218211
2830293
1359507
10348168
2872612
22407345
2982380
2888594
7991457
2538308
12623876
7854970
8553633
26447185
23582449
27626396
7911375
18496783
23558564
28629227
15068266
25686780
2529409
10652283
12016017
7405608
1356941
22621882
12067475
1438301
14697788
1400828
19103477
29091880
6130823
19358311
9297836
28844215
6860955
23338984
