9125767
11436369
10916697
18319005
8391520
14164992
23613254
15844784
29452653
23522630
28457312
10548912
20640168
10906650
10955195
9689304
15689207
23260519
11124008
27267189
12100685
12077597
23260524
23260525
15624705
17075653
27943085
21764000
8327580
23522632
22316679
23260520
9125765
19326013
16148859
24679999
23260518
25529465
8863754
18045355
28917451
10354179
21763992
9394993
16541560
22667459
17921604
24206804
12669214
8859045
26961325
16389751
25659864
28658350
17301512
20526562
20465616
24685854
25844605
22834956
22728718
24314378
17659014
19172040
23165912
21617235
18718191
9887734
8479462
26708207
14655805
23522626
23260521
18415776
23205538
19230788
21057763
12843863
11168664
19706225
21546336
24034384
22640434
17584320
21935875
18189065
17414546
23205540
22965828
21671993
15859647
24505054
10863228
20006446
15606839
22078293
18567769
16445408
15811897
27643541
26685052
21122051
23482382
15113286
18173595
23377386
8746350
18412872
17760701
27822947
26436975
20102016
9039173
12622786
21801307
23104990
26416987
15186195
22565459
15040480
17373159
20136888
18477327
23529141
20653859
26711197
8089359
12132300
23466151
18998034
25554808
15645193
16164727
17958777
14513255
15662626
9431718
24315237
18789050
9935087
7503225
22565436
12635892
15039978
25040700
24561421
26982601
15485541
25641544
23939567
23745228
17436211
18021205
15916194
12835553
21763999
16977792
19608057
12063496
10449967
17598851
26632802
25607903
10588257
24823877
10987869
22256623
25228031
21348540
24703653
25644145
24098900
22372516
7646395
17662898
12787276
25636801
27433789
10388955
16315565
17824582
17176299
23361960
27088927
26831572
7712638
18456589
9104736
15841654
11013382
8204473
24021365
8949435
24719068
19850195
8466219
20696681
19608054
27096729
24079589
11053913
25327447
24604870
25633273
24002160
25851758
11074725
12956684
20223160
11705252
26077832
9125764
8776378
20662835
27362605
23254725
24176524
18311462
17662909
8761087
23547532
12142617
21739579
11807454
26734811
11039129
16827909
8854588
27918000
27040733
9347441
17127845
20347411
17326469
26333560
12963915
26919365
19387580
28917465
24703271
15962740
28133910
18032907
17716250
11244887
28095558
18855786
22577690
17184259
23331644
11125323
12688837
24719055
19335691
21763547
23377327
1294985
23745227
22951732
14699363
13895161
12932249
10887455
28216035
7560461
24889304
1490247
10086039
26334426
23522633
24010507
23051917
21762390
20709646
21508598
16640681
10434109
12121556
21122049
9125768
11140390
7798410
18422694
25227244
27917516
28070945
26848336
18456031
16285488
22370055
20629692
20518905
22560532
25871836
9529218
27248149
24303868
1415332
17432021
24301233
10681626
15725237
25784229
8761082
28557715
23154250
17875890
7591408
18211427
23165822
25727587
9529553
12575865
27814415
27143505
15905972
9150540
17659015
17951150
16159747
8072561
21365207
23652952
16868983
19999170
20520945
24634348
20566944
16286759
23126397
21533293
9591831
10233346
23652891
20061723
16479403
12932254
21332714
16511932
8002728
20675394
27349716
26295862
15575858
10724212
16477153
11085677
18086616
9125769
15942838
11495524
15672710
17300642
9279762
21525883
26513045
15334278
11603391
23832400
8491889
21251228
16828409
22512708
15113287
11432501
11295949
24385124
9568342
29452657
10626115
23965246
21505402
23260517
18583814
17651184
11182938
19453792
24422879
17504707
12453300
21178579
20225000
20865850
27879178
18269623
24145891
26220360
16112371
21079327
9892962
8258806
12027092
17822499
17958820
19734995
12873199
9565791
16739831
22588448
11737445
24488633
11754064
25425269
9762824
22134557
21079073
23961527
16827916
19283960
16008698
8169254
23553009
11123778
9091466
15181736
16684288
15720110
24131066
18209173
5741236
9449924
11312437
23650908
12060469
20814653
27999131
20855704
26032285
11174411
19353629
11730052
15005022
19615552
25267214
19538186
27389718
18554371
16785395
12941083
1339887
19067871
17461801
16741506
18971740
27786580
11176690
23344465
22351829
23147858
19689040
25994768
18753114
25266556
12657022
17170336
11862027
19430743
18206090
17300252
17016757
26963772
19431062
26358921
15078351
11702317
20199414
11535393
20738794
14966361
21790995
10604023
24087784
21182646
26233935
17542865
23072181
28628688
8277035
24177614
17637446
11286625
28104113
23438137
16370480
23299415
26295861
16581679
25000236
20814652
24372317
22840915
21682796
11208730
16638430
22577687
25209262
22609875
14641129
12745599
15688130
