10564496
7984088
18675335
21656247
19047753
16239554
10792734
17337550
9341679
8809771
16735745
18564909
1610204
26178789
20511507
1729245
15066044
16207905
18957610
16707681
17938228
9852011
11736996
25430920
12576585
9453154
9371468
13129614
15049809
12791137
23652633
21858145
24631633
21460116
19914169
8347937
8388865
9119495
26143289
17379709
15186408
15813735
27481256
14766910
28344104
17661688
12065541
19028300
8052135
10102368
20675445
28827366
20543041
25540772
22260054
16980455
15629954
16597942
21564334
8767706
21835879
25813546
8514414
21262551
8926062
20707735
28396325
19255187
18541651
15342597
22969433
16102013
11437337
19409824
1662763
9535082
12180927
25383790
12966873
14745696
12622816
25567281
19648949
28604108
7565175
8793875
7558297
27558101
23858714
19243567
25500389
16461909
17041050
7592422
21270282
9868779
16182622
22053088
12117947
11544218
9076743
26055558
9011051
19778346
1735720
17764998
22646689
15297913
7934921
8878044
18474644
17566579
11045921
21343163
10633124
8388529
25241012
20656873
25822753
20206397
25195727
19502760
21612523
8641748
9045810
21215111
16204519
9491077
17085572
11550545
23201044
20860085
24667708
1732227
20823208
23575122
8316076
15006792
23841528
15522505
24033984
25114162
15240309
18502850
26067229
22827306
24592357
10941925
7997171
20104385
25673285
28271443
23331346
16113511
12408812
23835178
16415595
8085838
11683362
17370579
26509460
24248111
11357361
20558511
8975898
19580450
16814987
11854187
1360171
16604266
8590646
26231373
25776746
23024744
11890537
19913932
17133823
28289786
9791184
22092717
8763623
18227250
8022283
23141648
1487729
16979771
12648843
23622257
15837390
11496004
2122460
26991105
10438775
28062853
21984240
15262937
22247147
23614241
21317266
26209099
26666835
18584089
21219737
26483402
23192174
19958798
24575392
17436618
11700342
24066185
9815218
26013565
25475310
19196274
20388574
9361430
18441118
23317868
14766571
21037293
15686563
23382675
19154329
21126366
1908834
21528788
28702378
19899961
11111913
26497458
7533963
25590644
16390439
27930316
1582425
18713061
19014275
21854875
28274807
15784531
16015374
26895237
11023185
15805530
20708964
21740712
28898264
17337561
26724759
15686548
23143471
21388333
12940983
1645838
19448609
21151923
8861210
18227172
8951812
19376879
17953598
20630322
23433372
24987702
16272398
10417642
11679071
25581187
19734332
10339818
28368859
9673243
27992475
8026511
15664931
9423863
15009888
9862466
18499533
21388862
12537547
23754709
23267677
15557671
16102006
25691525
19478867
24315790
12230973
23618998
14977990
8039928
27414028
27493137
16428730
21704418
15678977
25853320
23586749
20454610
8968903
20617901
19897753
7642305
11572936
16860946
19451247
11756655
22745375
10209744
25141829
28352251
24031897
29467736
29389865
29667825
29468304
23851363
29229701
29651554
27933042
29322608
18672305
27800316
29042499
25540336
25356132
16553815
29089430
29409521
18599828
28630063
29124040
9393833
28739228
28473260
19494580
28102119
9353061
23568175
