29619316
29363450
29243244
29020913
28418830
28152357
27986727
27942539
27103731
26963328
26935879
26818484
26607593
26526925
26488732
26121041
25988301
25972345
25803742
25803046
25624406
25172376
25066142
24657869
24066079
23969058
23967229
23762351
23302759
23300888
23279670
23171644
23029595
22926211
22828642
22624061
22594676
22565326
22235357
21813488
21762599
21762589
21103048
20919978
20662623
20638613
19392622
18549384
18462175
18256414
18230034
18003806
17873073
17581789
17445318
17393987
17110850
16891534
16890991
16610652
16483624
16326823
16318706
16028178
15716075
15714227
15626961
15601476
15581021
15488734
15232175
14986161
14688117
12807313
12720503
12675626
12589393
12556149
12429010
11999243
11837877
11693875
11689986
11245508
11165114
11049780
10674644
10674643
9798746
9797753
9599865
9484331
9269278
9323614
9154544
8628132
7616903
7476099
7968731
8141691
1994203
29530618
29388572
29208140
29173877
29026657
28965656
28932212
28910350
28874476
28599008
28384252
28348837
28112723
27465618
27412128
27080023
26791716
26581853
26189124
25955472
25883282
25530166
25228703
24901292
24732448
24618705
24403756
23751401
23732257
23496406
23468355
23052313
23043704
22970946
22442327
22432675
22432670
22108495
22057702
22028940
22018936
21997667
21967812
21152057
23163189
20543039
20415992
19527277
19478278
19392885
19193259
19121681
18782362
18598617
18439288
18429716
18422789
18346773
18217553
18216600
18205572
18193656
17898162
17640187
17603903
17540052
17262186
17161855
17038694
16912939
16825379
16807011
16764898
16719750
16514337
16336157
16027024
15988608
15827269
15603991
15508512
15307431
15297551
15157767
14992051
14966167
12807310
12556150
12423434
12241811
12089296
11951925
11852281
11825997
11758086
11561699
11517105
11132380
11049777
11030302
10975006
10813149
10694154
10674639
10618121
10330740
10098786
10064227
9847946
8622494
8770340
7746205
16203308
7968739
7993502
8067767
1617057
1571467
29545292
29504723
29394337
28507400
28505198
28400528
28385830
28359008
28348862
27407071
27303718
26945846
26650157
26599569
26516764
26453341
26364646
25643275
25442759
25339397
25278572
25051188
25040151
24478504
24069468
23784129
23698533
23556010
23536689
23490054
23469270
23332351
22432652
22417107
22176696
22070701
22067012
22065371
22049056
21976576
21633045
21383989
21091832
20819048
20631334
20482766
20181973
19962029
19936297
19876530
19620572
19296793
19156200
19121677
18522528
18495853
18438516
18279007
18166205
17933898
17599307
17306049
17258514
17123897
17021102
16930660
16719752
16719751
16574535
16474092
16411879
16087745
15893492
15831829
15827368
15712095
15588215
15548312
15537398
15504541
15381819
15310469
15307412
15206075
15155996
15131200
15105132
15050943
14989349
14767827
14729896
14720392
14679445
14662917
14644975
14533134
12926743
12895162
12725512
12113482
12047686
11700814
11693877
11532051
11230422
10979907
10772587
10748911
10450444
10405377
9612537
9483238
9127663
8811214
8668953
8090127
7932912
3166107
29664392
26600238
29440370
29340327
29255730
28278416
28264029
28232503
27651357
27250856
26914255
26872064
26626343
26542622
26484663
25872960
25811783
25730203
25676747
25631791
25628295
25392354
25360487
25272365
24938353
24924662
24651568
24641155
24145517
23860767
23697747
23586640
23126230
22363490
22195045
22180792
21762588
21734136
20665975
20494230
20121679
20002854
19922616
19758136
19524969
19491640
19428280
19420161
19409658
19121666
19038032
18643756
18482196
18384685
17804660
17714600
17602250
17499321
17443546
17428886
17397553
17055016
16618245
16597858
16525090
16455911
16390953
16354831
16282315
16230193
15907543
15887386
15845522
29183477
15710433
15583269
15557665
15528742
15473143
15460968
15358944
15273112
15266532
15254301
15228489
15191567
15189462
15148100
14725958
14675192
14616489
14584011
14516149
12948361
12921100
12904423
12823682
12613245
12574307
12556002
12471591
12150171
12001051
11716120
11532049
11445448
10954983
10688264
10524967
10330730
10086943
9531662
9612451
9602976
9577444
9544393
9534213
9463664
9106192
9114185
9331640
8972665
8668078
8637788
8632510
8538537
7715509
7715497
8090115
7822686
1280318
1530541
1738332
2344328
2760971
28348161
18803530
