14504746
17205344
22973063
6297376
3968034
21574381
8986800
14551336
9193068
2001683
24057370
7621833
14645727
12143962
11500551
28244154
17605756
10571890
23332832
21143679
12943549
16018194
27797358
10830265
19508426
1701747
12182710
20444194
28155116
1995418
1515600
10457837
22908038
17549600
26445462
17693537
7894506
18007627
17646151
17372735
3009403
17850257
17944355
10069074
23975012
3029014
10571858
21736647
17574477
12548787
12974815
20347828
9002621
2419571
12677401
9670564
12560477
16380432
2177527
10071217
18832163
19360020
22207378
11707425
9611180
19392707
23135844
7628458
20374523
22351019
12360845
26259174
22570148
26151736
25482782
15340691
9650299
24460832
11437280
10737141
10639185
15659434
6090564
20023148
1868218
9097726
12384603
25641249
17253985
11305361
11226191
27615011
17333933
15493473
1465111
8000005
28742090
22797657
3472033
23028719
20536030
19341406
17544520
11793219
16488113
24487649
15659104
13677465
12212841
21296691
16604456
15966101
15255873
20387458
9747847
17191337
23272131
23574114
9611178
15262410
14501075
15088086
14551323
17033081
8251637
2836366
23951038
10363366
8816506
17874225
15315830
17544743
17158108
16021396
29108115
15028687
22365717
9375405
12383089
22048847
14767695
14675756
9425687
21108042
17120135
17186119
8286434
15359604
22936397
24000136
27038795
15583412
9025300
12825697
9743116
2615760
24460907
9864329
15954638
19447374
9681013
7705641
7550382
2102883
2520160
10934530
1885533
27164978
28432803
12383088
8152380
12650527
26828726
1909028
15633645
11921101
11161007
10792823
8524849
1650257
28032251
20058794
15640137
21574390
16307804
14701936
2263456
21865176
15618417
11329876
3558323
12789416
8626274
8052530
21070421
10886776
17496122
24460966
9090878
8790299
19376832
15356393
10757773
9612943
12874060
10323222
15310932
23028431
12853643
8290583
1502156
20069875
16468040
11817539
8589410
16935253
11318105
22028781
20625736
14756312
2827205
8054995
8162420
16830227
23134518
20465521
12423019
10080711
27557698
28657330
15983820
9161032
25677853
14730060
12773632
10102356
8672885
23893742
2265758
28387971
1603947
23248273
16331458
12481047
9286104
15316285
12561472
9617821
8755618
11052201
11319036
2209538
15744539
11352457
16988348
11236737
7888628
17377795
11120462
28013277
23966593
16135221
17103214
25757780
18644000
17947581
14682050
11854511
11100778
16782968
15095129
12753583
22576090
18087701
15153934
20931378
15847179
14992856
7579171
14617098
16808245
20349033
2822660
9743107
24462974
24299074
19577921
19482939
10779921
11992820
10394898
1816090
3243272
21261845
12856939
18713415
12602893
18178509
1463832
10780382
9664420
7639779
12753589
7934927
27783209
25219519
23494389
16625830
14756321
21695426
18030719
16902581
10480394
12661768
9617825
1966276
11252785
10590158
10457819
8193640
25083911
7951334
21745249
20079868
15051040
12468722
7496405
7494475
26292850
16367959
26968003
15644463
11432931
10767414
1339366
3519390
25424309
1367627
23325167
23020748
21532992
20409268
17541719
17092318
26720211
16194240
15744501
12021299
10628662
9451956
23035963
21898257
21327815
15945373
8536985
18250230
7779513
27643450
27138687
23457794
21499832
21424547
19196008
15526168
22090444
20424004
12798992
9664437
27306226
11566978
28290772
26465130
18327591
15343337
11161015
28064034
17921337
9353944
1756712
24689216
8181052
23918968
15969057
20627641
17918622
16889649
16408176
14724937
12887592
2052601
17062622
9326678
2104201
26338266
9244272
7836390
25348773
25253558
23963047
10561067
9774352
1400366
24166430
9108281
28286772
18632759
16792015
12940949
9161029
8758986
17193708
17025158
21181537
11642108
7987690
12174821
2101685
3544312
23275199
20711728
19223856
15367719
12514242
11432846
23006412
22921009
21647638
18004984
14630961
20147074
24362510
7968916
28267405
7987415
1655114
16032780
22461665
8688097
23740206
22378945
20647223
12366806
8479538
17680244
7920717
1662656
23612249
18760496
14673031
10852952
10318970
24993736
25358815
21497712
16252704
7678759
16262706
21261057
14559222
22750191
20195907
19816724
15569944
7948887
1966386
26670088
17164321
9774634
26647581
11786254
9247550
7563138
19810805
19539773
15497401
9484433
12898134
7948883
11319842
11977242
24299048
17597079
12848827
8329898
19552803
28231340
15053758
8804402
1996345
22530619
22101548
21431781
18663452
15627707
22980200
20685111
17193709
4022773
6091129
15081051
