24992965
27616641
26341429
25938297
24793469
26536445
27149794
28362913
27574985
26762860
24949719
27491693
24438621
26168300
28393423
26287552
27580498
27509189
26294007
28688992
28027960
26502514
27601153
24796447
27506846
27339555
26209591
27399447
25481607
25174534
29517672
27907060
25793731
25535071
24970578
27995938
26446110
25179661
23828450
27590264
25614215
27527237
27459342
26581432
23652854
25194681
25044631
27159989
26446009
27056424
27074513
27756423
26078230
27870071
25787053
27089520
24469885
26590991
28560158
24902643
25139943
25257226
24709229
26659338
25808357
25370748
25929665
27689421
28746221
25893340
25652391
26620105
25085761
24462810
25863355
25523587
25485484
25816143
25582716
24710111
28386793
26008944
25540312
25186124
25480863
25868880
26793433
25584950
26099699
26640133
26427838
27814138
24052240
24570306
27861805
27043214
25511216
25368135
25909467
28041319
25111566
27037820
25175573
27095134
28600596
25251307
24161548
28279989
27464005
28286318
27307399
24857760
25912327
27098675
26449394
27221016
28420330
24703471
28104259
25432545
27320375
25957538
28572225
24825730
27032913
28445472
24321168
27876063
28918841
26036198
28225727
25453615
25287960
28807778
27063627
24561036
24636569
25542384
28799855
27190115
26194130
27380808
26590659
24866229
25620546
28781306
9266466
27645353
1491753
20822462
3225637
2004262
8848311
11965559
29096208
1604127
2980608
17490894
17645244
16924195
18574759
7820958
1289734
2267602
18499527
21433068
21672325
10930595
9704375
3687378
21785299
17186325
15655567
24712475
8810855
12043227
12612618
23815247
12218837
8041449
10071057
10463823
7997338
10413142
10467302
8493042
22638916
20220449
15218815
21528632
9077509
19736557
3452849
16508551
9036915
1505111
10832019
28070886
24810810
16760787
16385022
2318795
8352672
8957808
16455529
9781542
15981764
17074114
7565833
11987709
10423790
15049165
2635217
9345507
17203898
15757542
7609978
17319141
17535835
21445083
15988810
2330237
2376189
9225327
8074898
11382958
15709143
9530787
1681006
23628439
15723367
8607087
10432260
12480235
15955492
3132831
11219821
8232871
11707701
18827684
9275351
25562951
17846269
22920369
15170831
18611991
1428790
2603048
10670827
8297251
20388006
12638021
26492118
15379741
18560374
8153810
15621915
17942519
15483361
24158204
23603283
21417698
23993790
11054144
20610130
10101829
15200258
1582119
15291024
8987046
17629816
2340029
21232894
16955049
1440032
17086915
8492903
12455861
24105923
21220687
15131444
11936489
8370845
12112499
26594633
11584949
24702785
2764816
17101416
15111690
11275398
18427565
8773279
23208410
12717293
3499827
10455535
7846579
24365248
8326804
21294701
26488256
10515498
2617414
9076871
8133997
3347806
25036359
12493924
7758524
18542094
9493190
17371904
21060017
9109913
8255840
27801888
12823896
11198533
18344847
12938135
2664979
1603319
27198185
19590878
18681929
25042583
24812042
19094760
15912769
8200001
18975607
23963998
8583234
24165502
20600964
11992871
24256654
2980465
21030812
12107800
9420092
12820561
17440598
8614762
15815065
1393512
22510735
8208922
19703852
20150835
14616292
11912472
10586629
10406997
20054949
14651086
11305406
28346006
1449675
2461290
22389415
1701268
2598525
20938381
8235232
11148521
16946642
25525959
18927193
3349793
3226500
11212168
18597963
8366369
15489410
20367377
2781060
22790805
10201304
15480138
7729101
17204434
12690738
16816769
12498502
7713991
9703453
9440891
26038157
11511900
9794061
9056099
10447291
11973024
21571475
20672969
19775538
11346376
11834996
24090478
3409196
8912489
18310857
15385880
18061484
10877631
19407675
24706259
1757945
26475874
11701606
11848696
9683702
18310978
10874683
22622169
8584089
2357509
18801632
7846388
28966151
21061905
11835737
16948609
11376195
11071443
22033418
19441996
9686258
15168192
21289591
8537218
10563616
17352346
17119948
10723204
24556080
21441731
28216400
20814392
18763150
11254765
25341991
18002724
22575059
20397432
18835453
10598997
10371462
28281001
16826007
1579229
23208542
2752644
11302647
28320182
9527149
24002832
17978656
2107278
8183451
18002725
23256357
21992160
21177193
8893643
1456629
3430440
22470782
27680415
9689633
10636149
25528482
17233291
9089936
2234396
11696029
25976016
20451014
27538592
12592554
10963098
11025628
19439865
8379840
2234371
7638667
8509205
18941932
2927592
17939113
11799417
3352884
17508136
1598136
7538874
18353589
24825431
18754532
