25474830
13945770
12719767
4147936
10357434
7560307
9690638
11274682
28072840
4811375
27215346
17919955
16309938
15471685
26267501
9050004
10644631
15016100
1247430
15614568
21562167
2372052
26300411
23677527
15578234
10591063
9201592
7379952
20036836
9716697
3221077
7971143
3714873
3695331
20165853
2625494
6304783
7191972
11128441
1409905
19277596
2874931
24952267
17160886
11492963
1258987
27154303
20680880
5409789
13458446
1829230
20302531
10536779
9523893
3578510
27655770
23981473
7488762
2600044
17601948
7744523
17929637
12529852
20888192
13158575
10068620
9634177
27008409
24122341
20502901
17989140
13747561
13525266
828750
10198390
3659612
8925820
19880733
8537937
24162845
9817580
19041951
22983485
20213177
6535312
20396893
28727097
15469188
23043945
8923177
1973202
18567730
11765975
17605014
1388965
22001971
2757587
17928521
27633015
23579362
20190161
14760502
9151433
16079594
25392460
9660156
23212435
25602687
8744229
7243124
13932475
7553337
1572596
6718224
1917765
26266400
618782
3998242
8106052
26661992
9120068
8945975
9231398
2583142
11276186
814563
21854865
27528186
26373651
25124490
12518331
23407497
2097169
9414370
11073797
1201500
17341320
16788024
15752544
23523470
978159
25189668
14988804
18550867
6520042
18196784
28425422
19482997
23595730
2573451
8409896
12592443
4584998
24389687
4004678
5712541
9263054
19230413
4046746
25675092
22311743
4852545
8894552
27157328
20443992
1682090
12945110
12969877
2087447
7649905
9152960
11318020
7409461
9495487
28343580
17845275
1292736
8985108
3559062
9124495
19637046
1198325
7892117
20969448
18695606
10093903
26101893
28193891
727071
6483713
3956230
22683844
9840406
8851895
11890972
18997076
7174421
26256149
26641064
22853454
2329710
4068366
8299617
1841960
16929877
28380539
21478652
11192269
9572824
26857978
4946206
20981552
6541230
7341612
23769360
16937956
15095249
25455941
6537528
11965504
15191926
14598178
11016984
873650
28689717
22079195
7761342
9876495
931863
22815954
1180065
7878106
7136526
4646585
10562629
26249142
21920955
17638978
17092498
20709874
26590452
3765120
3796059
22303717
16543576
21336880
26513721
9810718
26159763
3035873
6124358
7362548
15095248
2283417
17655856
2756052
22720930
2247337
1599380
21700023
19923602
956103
5078807
16290259
525903
1773092
17804585
15333306
28025662
17183918
1345092
3625574
9118933
19233786
7243843
20872233
3751133
2901322
20933517
8689528
3095606
17213886
8365831
10333996
17785356
2049258
8169281
15793087
3288075
2722706
19851464
27712651
7301981
3266897
21795570
261599
23926145
26094618
19038825
22533406
20629215
21796498
16155218
3941592
20622186
8407442
10904058
1663987
20717683
11419357
17460334
20163673
16440607
2133001
18345344
22399650
3023793
26517659
11414505
7265564
20728504
28010807
16574802
3627950
6681757
26323343
23233167
18032471
9835337
24549715
12566153
8778868
863817
24848445
8833370
24122338
21490370
16049708
12737230
26812342
28166942
16272246
5007870
17682599
23516021
2312489
16156198
3673675
22585786
17626822
8961111
22410825
12926782
20882031
9503429
8450914
8145405
21841087
17674010
23048156
10575601
3778361
9472817
17332160
28637707
1906487
3705982
597738
23038746
11818417
2599980
8984912
11286417
25995099
6844126
22118086
26641190
4726441
26681307
6867007
22408086
26304696
3355482
24077586
7626710
11963830
9734850
17993252
19908071
6131775
17197216
18759002
8933098
12350012
26162795
22585808
9503428
10871829
7079766
22678302
8299616
22116633
25436962
18187537
6868682
11199247
18083732
7263362
21494898
23866856
8937267
22496292
1011174
1506311
1141103
15057717
23858654
1746069
24457919
24100669
16932886
2778166
24663489
3430875
7633275
25085395
17179560
17275375
2603995
17184193
9100865
3559063
26020185
27061
21527823
19783118
9374804
19324766
8238612
3390112
6149083
28608307
22916907
11469770
28315647
10343349
7143233
2649446
16323181
17977914
28506113
1778899
20210617
28277963
22938524
9785095
8919022
15865328
9659555
25915642
19407259
9844244
4080760
18493014
8238611
24081147
27864040
15472015
7723177
16899261
7650616
28504300
26615728
15202646
2761759
12932080
2385648
11432766
6098844
9227187
8894547
6097604
9749376
21658398
23737554
1115538
10975669
27322129
16887755
10680314
7328915
17331186
21761264
16424264
2766147
21265457
24169942
28250173
14628311
9272778
