20396778
9495295
12619863
17878326
21558005
18342308
18063815
15271862
9495305
15879313
20396696
17668351
23876491
19530438
7760358
14713573
24460200
16820904
19460776
12429234
18606469
19578072
8046290
10439631
12364381
17047050
14734058
8858104
7542247
17107662
24211490
16931554
20869426
19309313
15094347
20164188
27758741
12861055
16677845
8141203
15679109
28551790
23417927
26632638
17028167
7592880
17681476
18647409
10471314
17450382
23568744
17713529
18837047
28526583
14729836
16878174
17905936
23828237
22918484
22430144
22399755
14676187
9932890
25239217
24399133
17673670
11504560
12193939
14602580
21897843
9808166
22406236
12566216
14622192
22139870
10465749
16831921
16034189
16531320
10662753
11240127
18282131
26784020
21642545
20513204
10827142
19604543
21411628
17932323
7780626
12064587
12417300
15846511
15949684
27600718
19608277
11851357
8647809
19351863
15655276
11142098
9535909
7955073
22566616
11463347
15927148
21419865
9472011
10085299
17717278
19050272
11812132
24383076
20705586
15048573
14500334
11870059
20188775
17178730
19415183
18411056
22970183
24909274
12952975
27207293
21665377
21348854
7892599
10825237
22460456
10339616
17714073
12765030
8112289
22987484
16251602
12638734
11747077
9797133
10671313
9436785
20510257
24607540
11211930
11439099
24753074
20727616
17038639
19194037
10635043
21798227
29179175
9260889
21158428
20824494
27682878
14967725
22215279
23376361
10322450
19242638
15325919
26336714
25373717
23483620
17652431
26499977
18796153
9157013
26721509
15128867
11815667
20716111
11386520
10763117
10887111
20029544
16195341
12600918
11696749
15167279
25050982
15585606
26002762
25900674
7539006
11896013
18622045
16627025
16037090
17331498
10593410
15870276
22558917
9264462
9869455
15979055
26841867
9464494
9105048
8207042
26526689
11212216
16891658
15769449
26987811
24716486
15319536
9459638
9357785
23202271
9344592
11980479
11532094
16914489
17432647
20378856
16723732
19550065
25731866
15895415
11532877
15234537
15851109
28478048
18923946
11805325
16537100
17008717
24651823
18086922
12039800
21451035
27671896
11035005
22003192
24008412
18662696
15282340
24046143
12203365
9130448
12533603
15122329
9059980
17030039
15709751
15811935
16254245
12843358
18599509
25760687
19423616
19864031
8636312
9184001
27036707
16247852
22476723
17085540
11461152
12928503
16443035
21934140
24623558
19615768
18003637
23977027
26409319
20446866
17054928
19326099
18055446
15499029
22951570
21910090
24641330
20479953
9620080
22455314
16718370
16756651
23229005
12448696
22809623
7888490
11889564
10662834
25128085
24705551
16834907
19474335
22022608
19851353
23544880
19338053
15242523
12717835
10825469
17561003
16351499
21489682
22375941
17687502
24186093
10894813
11792947
21882259
12127054
12040035
24865629
17379658
12414508
21511298
11514348
15345654
10502068
8785285
11218663
12574405
27677282
16984976
19812045
8989321
14502560
25647175
7982967
12380924
23201262
15741167
10518488
15094358
10723935
15805269
24463523
11237463
7875205
19056535
17990308
11218654
10460969
10698520
9430691
23554311
22049024
24108106
25813183
12213561
9495300
11481448
18077690
19456377
12003820
11085522
26009193
10955727
10980480
9029175
23865425
26073311
19321193
11218665
11397787
12678977
8238195
22464988
12727217
24045413
26009199
20473696
18267319
21542828
17343982
18378797
24946183
19054607
10969030
26033611
18649190
16531325
24486014
9207768
26625713
25139742
15492000
14612506
22133632
19228955
10947839
24713257
24724781
25225090
20379000
11859711
24457967
25916165
11707361
23834776
13130072
15831817
27676332
20815816
9407310
15571324
12198655
11904615
25969535
19896659
27649478
26758214
20608976
14743507
12019157
28342807
21753256
12163234
22498741
18789391
17495226
17132774
24828015
14613311
15679098
10681780
26706150
18783322
9278444
22155212
21293824
15774860
11255234
11262196
28642276
22747991
16034196
19292963
10026174
8068183
23783886
18649177
16624854
15558296
11514593
8891344
21600880
25913636
23329179
22590817
12524680
22960107
17846881
23558439
15965909
11596006
11121075
7766312
9615440
28651025
9184118
21253946
16845719
7615666
18649180
8082719
26968493
15968326
24634254
23754488
12538692
23299500
11826094
27535546
9823317
7776963
10657974
15548271
21088513
7892609
28009969
12064616
15848218
14595187
10798224
18799821
28865028
21913891
22699909
18824377
10671307
10559992
26840298
12492512
17956757
23891909
12891628
28081514
21865853
10533569
28651161
23019186
