22193456
15132855
15814493
12028819
12371093
15814492
12928980
12411200
16182427
19922406
2333082
15898097
20607818
20674563
14674596
16717030
17497532
22763331
17520240
19621461
26184273
16188364
12792995
8003345
20064080
12107703
18606235
10082918
12641970
16298331
12528046
26112951
12872180
11971992
12742512
17923104
25192964
16168948
15364597
17086701
17502109
25912853
17613084
19681733
17849282
28098307
19135162
16857312
21162184
2357974
14615239
15207370
15548758
18037476
12635006
15952653
16256253
15126125
19238997
19434695
17997055
25872713
19049805
16616405
26910979
16023800
22490196
25048919
27010658
19408242
18044534
17590487
17962899
27544762
25875162
18967497
1282213
15091479
21782642
19167448
19635678
25976811
29621056
17900803
20465956
26142971
27849598
