23448667
27016191
23969338
26551326
27074051
21978097
21633399
24469320
25332219
25923692
27813192
24287709
22982228
27820874
24287918
26123743
24296890
24278099
28591217
26111668
25680694
24717288
27939595
26325328
26498843
26640164
27166181
23544152
25336069
25858361
25480576
24888459
25323967
23703028
28190169
25675914
25623775
27133075
28495142
26357474
25776571
24583399
21812268
27173049
26366858
26803847
28461119
25811377
25634760
25912252
25187414
26961366
22674348
24080827
27085137
19952345
26058460
22422508
15270080
22543052
22949549
21166994
28112358
18278507
21789578
29231390
15770357
28932945
20801537
18771604
16955111
17217928
29142472
15705656
29017653
18757512
24632484
28760844
26125812
18597185
22905241
24952277
21367918
20165829
21681260
28782832
28393560
23472144
20170659
28536652
24694561
20026213
