28536382
26459860
26436571
25364402
25354198
22102168
21971670
21172381
20709006
19843863
19515783
19450641
19287952
19093773
18998129
18270701
17264764
16267034
16108015
15838708
15752830
15520216
15232613
12463740
12239606
12215214
11513564
11302692
11295039
21340865
10929644
10770642
10341877
9917494
9829726
9743370
9742956
21528289
21533398
9001573
8842499
7580305
21552802
7610516
21556565
7642685
21567031
8181857
7657514
8223869
1309726
1423321
1859891
1868488
1786195
2159436
2289211
2474932
2664632
2462467
3044658
3163681
3280194
2967758
3364738
3410877
3335081
3182908
2975914
2445594
3111861
3113470
3488762
2423597
3484680
3980560
6500746
6616451
7159873
7275223
7441823
314423
278998
59971
48201
4218362
4544162
4127616
26020523
25998621
24610041
21567079
21042712
19616491
19565923
18360705
17912426
17652277
17122624
17088973
16912206
16885374
16778169
16034079
16010418
15645128
15605075
12888903
12110950
11788884
11283672
9850077
9490203
21528204
9815793
9178902
9193327
9058744
21541563
21544461
9816235
8671635
7753557
7537255
21556623
7838527
7949189
7517921
8405059
7905460
8281612
7901150
8422286
7960577
1531956
1394336
1310252
1682413
1724838
2383482
2302742
2785808
3192337
3180101
2971387
3335414
2961578
3117377
3490445
2426287
3938525
3157649
3978101
2581423
6491605
6237114
6206842
6411606
6601984
6848622
6332358
7144883
6977502
6180065
14768708
7373219
7373066
160324
314938
83969
85374
947087
59403
1079233
4547657
4138630
4856907
4123980
4118415
24219122
19785053
21403859
18538434
18521684
18488223
15608427
15561890
15452186
15375534
15254725
15138584
14716675
12910264
12747949
12538466
12455056
12063554
11875749
10925364
10815924
10639582
10361136
10359211
10352882
10026882
9865926
9787179
9747459
9710205
9670928
9596680
9533542
9453953
9280315
21528207
9194498
8957076
8841948
8698395
8815005
7591240
21556495
7642692
7502592
8263016
7910504
8375117
1577062
1596937
1826094
2208003
2203523
2168345
2376046
2679644
2564824
2785693
2785093
2654132
3408644
3290647
3345610
3594972
3551971
3480072
3957462
3720058
3709597
3891593
3891358
3918946
4042455
6734821
6610070
6885185
6304095
6677623
6961115
6124426
7330970
6977218
6269569
6167655
7470494
7188381
6821364
7003827
6449011
6159986
313692
310517
67153
46790
54271
4117340
5627950
28531117
25505735
25309868
23329400
24833054
21948477
21424118
20878068
20370543
19287954
18813797
17914407
17557286
16685444
16470838
16142333
16050783
15946250
15676281
14767547
14659467
12712433
12574346
12097647
12083832
11999027
11922431
11895473
11672907
11447761
11279612
10402230
10375596
10090945
10068274
9865682
9824618
9681830
9521847
9506536
9339446
21533397
8883407
8635864
8692109
9816085
21552872
21556600
7989121
8052600
21559568
7524641
21566929
8348563
8368757
8422702
8112975
1639535
1318304
1562736
2060181
1899072
1829908
2380256
1980615
2499633
2525475
2920474
2783923
2654133
3061678
2970967
3265583
3259567
3570557
3488817
3017568
3738164
2431778
4028013
3917677
6332734
6706434
6388823
7034926
6985248
6267134
6967852
6929378
6154357
512589
540966
570925
761943
522481
463668
155529
86449
323152
1250351
61166
4128450
4127615
4136817
4125563
4544903
4097133
4181830
