22022359
24035739
20623131
26137675
26265761
20549796
23303916
24022267
18444901
21284800
15292041
16764975
21844675
28075047
12836085
16988342
19009437
21338466
20601271
17189329
23183383
12839726
21520713
16227307
23645631
16268761
11539194
21683262
15652803
21114612
21078193
20460182
23819297
23950531
10749537
16210528
10907540
11260501
15969098
21241331
21912210
10886651
22911265
19834817
23889215
18602693
26258814
21801253
4039064
16361785
16807819
17851086
16332160
23673920
20935246
21203927
17148227
27936155
18476873
20377704
28444301
2281531
27437404
21397356
21364321
18065558
18071708
12559580
18509654
11865865
24364212
24287655
25435546
19034496
21757255
23007552
16585037
15841241
17008532
22943426
11802605
20457577
23668385
26237574
19203952
24646206
20632034
22056071
27747953
22160463
11532176
21418020
23489195
16799796
29311454
26938884
26714456
11115134
11430989
28556372
18627494
20635864
21671068
22671961
11541116
25699672
21342716
20044184
20335409
27721133
10923718
17997347
16924563
15703747
17541718
18528911
19099506
24920304
11541785
23246268
27222514
11603730
17886359
19843237
19544047
20498336
18986260
28005310
21778185
21350825
22356739
23455708
28778009
25641875
22481138
15110790
19453503
10948254
17172050
24339034
15476917
23594373
12449532
9115193
23512671
20946588
9369200
15064377
16512899
24687599
20663557
22125596
24136374
7770516
23299332
26891798
23707882
27704315
12961863
22234851
23887499
22822208
17933577
24240518
28382519
22302312
10411493
16798946
15928013
15003217
28265987
11891242
16790066
16629748
18481529
26283287
19826906
22926030
18331050
26085141
26209973
10854785
26614296
17229760
18643983
16830175
21185622
21679292
18269577
22017755
23231430
26419063
11541207
24159802
18510577
15375733
5130123
11537995
21181347
22442420
17400407
17980897
26338267
26451709
10810146
11423646
10580042
12428008
25849038
11542914
19543273
26955708
20950574
22307853
15863701
25058060
23160900
22992000
15701382
21377404
18275467
11052194
12147756
12447532
24372679
21544623
21447054
12177133
21707638
22380624
25930705
25655825
22434041
23336321
23204501
11030422
16045479
21600391
16904249
21535260
23883949
19130078
22284568
18716608
23540288
21283689
18784897
26872260
26105078
1207524
25318175
24506038
21621917
24832771
27174847
21296423
23221833
19825007
22553094
19930128
28388505
8115450
19419652
23073877
10441031
14977588
20638428
24317752
27545692
11541849
14671014
28375633
23717500
23839253
15604769
15647801
12475491
26867628
23395624
25048141
22057338
16338584
26763171
19009436
7664733
23121613
25462075
11540640
21224339
15181104
17951692
10482662
22983673
16786294
12599753
22660698
23777430
10888849
25082411
16920874
17711876
12897455
9615455
19830589
18193401
22174335
21920877
23972530
21597327
1915409
19959254
25851141
8400874
11540589
22726580
26105651
24762222
18685183
24350783
16821041
24727792
23978389
11413448
22535320
17566887
11100775
26364238
15175687
25974127
27421016
16076776
15064382
18222676
16625826
23709672
12555609
14520500
21575091
24371167
21348886
19939835
19089429
22580695
19960204
11437250
9008394
17912684
9681022
24043710
23463782
20364431
9779623
10482660
11402187
11457960
21078181
12466916
22729291
28657742
22895775
9094139
16384902
11418338
17437113
14977593
23706301
17649621
18668338
24861576
24224034
23527688
22678569
12650450
11359608
19775076
24479837
19639326
17324231
19962211
26207743
21613083
22514699
21448719
20088904
18273621
21287176
21914011
24306857
24506952
21763538
25641517
21491815
29369560
19348568
12029471
10328916
10985381
28054169
11880572
26486996
11950977
9288359
21847025
15751143
8531799
21897029
15679835
19759339
24239887
22848448
21575778
19568949
8980535
28483055
22023393
24395199
21219130
12732319
25405221
16724256
24497403
19769295
9693152
24907525
19412686
17899282
21762382
15538356
9573606
25471346
27271207
11098429
2475755
19956626
21318489
24227338
21855169
17443343
20135200
15015261
12897457
23346984
22404829
20823831
27654923
16935986
22881140
21988523
23593126
23619014
10794533
21175639
22798043
22232771
10938360
17006022
24378636
18068229
19141809
22639189
27999989
20532513
18713428
14701933
26233749
27838856
25909975
16619333
19537204
21866346
23860797
25589446
21597961
15048585
23957885
28444907
16405580
23887495
19187042
18308433
16101923
19329488
10850717
9171061
19819981
21937112
19820188
7937843
17609957
18355298
19470329
22147504
18057939
18027648
9920274
21507209
21340526
18246711
21835493
16240510
