20806125
1280065
6449829
18384651
2523741
4251768
7679575
1532491
21543325
25576865
10873836
126969
18476803
19126539
9861174
11307822
1708234
19303506
21992704
6210828
7512520
7688770
25895360
70499
1698316
10215610
11544332
4267634
124849
11782452
9352676
24252474
2951892
20680641
17413760
15100323
11929773
2533283
1654795
15326153
20846121
7529997
24612416
19253179
10818128
15364412
10959704
139947
11583301
6454987
2936691
15948318
25163317
150858
4266268
4244455
1377412
23193358
4248884
4239466
25556624
4240400
2968815
1827551
130424
6202187
2466697
12835493
23220455
1689597
10212382
2951052
6454129
16077918
8646816
1322010
149046
15226011
8503118
26732532
22238174
2551062
7534312
2455719
6194554
149657
4260411
4183690
1413115
4225470
6129717
21781273
132547
12959258
19041631
8585176
2547717
6459470
73215
2529320
11359777
18718639
4270055
6447502
8156787
26044374
2422420
1322011
14609277
6222929
2143650
1386099
2944852
8270680
11567669
161669
1827550
15826494
8048013
26403822
128375
2944691
2431965
12446443
2526883
11885297
6232193
4281036
2525408
15247268
2534361
10956663
143941
22278979
2962626
10636460
125463
7681223
1531022
12441910
6166634
8379118
1829887
4248113
150862
2531681
1827215
22197896
20709033
6208893
8362368
7678497
9261893
19437337
2941465
8198542
10653646
20390229
134751
2976126
13682944
153773
18279394
2143086
1381585
15102492
16266990
9717296
6210623
9759622
4237580
131986
8236143
8155080
23369837
20112045
145993
17482686
15328256
11694046
2958486
85679
4304361
6460038
15915719
10632477
52191
149557
8506386
138593
23335990
21311769
4242324
1712017
6207847
1385909
12871374
19584397
16015416
6213827
2931900
2944029
12738809
25411015
6233145
1836471
6459779
18464177
140876
7683664
7686697
14672621
16250649
14973136
15095009
155894
20099524
8760030
12446968
11211310
7544636
143734
193210
9733510
9720024
1440536
2441753
8187236
138450
151470
4271260
1838556
6462134
2526669
6445089
16631161
26359437
15617514
9428707
154751
2974279
9679953
12087108
1848244
6452880
1342292
2479114
6240998
11085285
1700488
4257701
4235241
16963853
17189254
17883703
16209572
10579347
22238323
4261759
4271546
23861404
6458112
18387097
12535853
18311672
151347
144333
24613052
73391
1535514
2529206
7890006
1699517
15454060
7678194
24112688
9563511
4249180
1375508
6238441
6231745
23125522
4401404
10664583
12189052
15668193
151804
9589908
14678821
25222106
18328759
6239000
11583303
4244114
25843697
8119277
10856979
153004
28653850
16250865
2569479
1836266
9840026
126094
7529597
10404758
23499355
16574891
10946092
6450195
11487021
2957965
15228666
4238780
19576064
9667615
160589
26419785
17494093
160714
25033355
17709546
18983489
27280436
18255022
12152666
155127
4234981
23490555
7520669
2522998
24896566
4106005
7549063
8364203
28325863
1531956
8067117
22554944
15559369
15543335
3023400
7864083
25921265
14650234
4267367
6445726
140239
19897854
2953641
23567118
240516
8006045
10899632
9199663
2968301
132848
10390345
1385549
27773435
12195700
12888877
75792
19827195
11290525
1391253
4237623
22348918
15634280
2460159
156365
27793534
28279966
9353146
11262189
7540397
7531260
1371448
6227992
2437758
4274463
4251262
16489759
128153
10050049
20653841
29021229
8580523
19450934
25812991
19481472
18223261
4281116
4257424
4348393
1691750
36160
202765
4238525
2527002
4265318
19752236
21546607
81330
8306348
62085
10085135
24383758
19650710
6252112
138065
125465
11267896
7534486
11473367
2934857
25000957
20056908
15663195
11263499
1535463
24795342
24248089
8588217
8457639
11375959
7615162
138064
1386854
1693451
14515195
150860
21510941
16373665
8203466
8398976
12182908
25569517
10195108
10423412
6224800
2142009
7544941
18608216
2145193
138961
18172073
20627396
27028402
21707521
15792348
10739384
22004735
9949291
18311800
21802507
18824154
10465405
8568565
11916083
239462
14651966
7506465
15963051
4276455
12297497
16475910
9187504
7510426
15313437
7688990
21239499
2970839
4270094
11928811
2933363
15388580
7521027
4240543
6084892
22185486
27351226
21486949
4269529
18291105
18825554
9519778
6219725
25171813
8300567
11981110
2543625
22815383
24338014
11487024
14675099
8973565
6217582
17413040
26632604
