7149341
9259291
7015999
6924116
21729092
18245408
7115546
7750854
7221548
24934907
22568587
20212347
17663306
18815170
27918425
15800424
25958655
23208646
28242200
2745894
6831074
28138007
18826452
27356007
9594355
27462087
24631384
20141285
23705517
12938059
23443246
3942040
23044994
23045166
2038403
24868975
22232312
12400254
6476885
26938936
19785689
7107907
20551163
27535767
16491737
23830679
16962757
18087571
27827868
17824277
6728526
7412691
6371108
2389798
23919705
6381638
19528965
23111680
12064970
18844482
6567216
24163906
21317167
8257176
25747679
2980842
18431534
22800804
1053384
19582942
3725999
15301790
10715862
8052458
19953805
15585674
426327
28534818
12532668
9735830
2980845
15351173
28834373
3910017
6711463
15342824
18380351
7091414
21766545
18061787
9593436
17085630
9307083
8810870
27725421
17926336
3753332
26555810
9257632
10970718
11235487
6618033
22214252
1821957
20883582
6886554
6886553
6737104
3450964
15665152
6886552
7092495
19715711
7069080
23082739
1979139
16644078
6311882
8196738
7291386
6320842
2857900
7116746
18444966
19409364
7002439
17565297
2980846
3598382
20631199
23806311
15983541
19622700
16207224
7874659
27982437
23581825
25220095
7446497
7446498
18841635
1451678
22596014
3584001
21150252
20401617
6295130
18059416
25252662
24804687
22913430
6896271
19728277
6866592
23419004
17718779
17542236
5526422
24236934
3746280
12737097
6174076
22928358
22435351
7248011
21590284
23893531
7086283
25220091
17435465
24958525
24736898
16190793
15943133
23418985
7965420
19838594
7247635
6874962
22155532
23146787
15090116
24855038
1242232
17435458
26452319
28428150
7232091
16398864
1576400
24290461
22176942
19999849
22983377
16190794
15875600
3395307
23008274
9459674
25220092
8179235
21779824
20013441
23169472
24393762
27424260
19223848
21127082
27338457
12946241
26180581
10532913
1349376
7169286
24708475
8929728
11795624
9368236
10850126
12806227
24415401
15021207
2909977
20868469
12701399
27805287
25790022
24685108
26551407
7087118
24493267
15670219
26773515
12701400
9136494
6897586
20448519
23360949
12683309
7124572
22431971
7232062
517379
9593434
17539477
7172668
13679122
6765337
18275609
11817499
21550472
9256576
19137991
18622940
23075752
10397296
26511458
28190137
20875144
10571757
21154036
21550471
28700715
17431497
387906
23820843
21514566
21550473
22378333
17181902
26832886
24560325
1468466
25220094
24952261
23450282
14676585
23820833
17957862
22435476
28121994
26527669
7175881
19328262
10517050
17958197
24726436
3537853
20398584
21309695
18822835
23820834
21296224
11595258
23495677
24215773
25181335
18006261
28256680
23135427
23704705
7572706
20839894
17355398
23247095
20146180
23228189
24581674
26015389
7929707
22646925
22753087
20424008
24482441
20071830
8747098
3785239
22999993
25192749
20350758
14684974
21576306
15905045
7766941
10790000
19344299
27252067
15173490
3949989
6114604
8408985
22732637
24237607
15041031
9257090
25576444
24552603
25471216
25064292
11462750
9255992
9541077
19631022
20071638
19596053
18072818
21296237
3026151
20457171
328554
21489397
24505898
11757586
21566079
12794779
12728744
6522763
8277950
26559709
23085399
26836278
18208598
26192711
25212412
20406576
24975625
22301819
23328273
25913366
25433099
28209774
12428736
25373528
18716175
24233982
21718344
23291218
20394806
25373095
26945603
2546022
15983792
7489069
23139692
14747426
26527415
19182482
26069734
28602133
28244662
26052041
21779528
25312617
22995041
24164456
22163250
25815252
28832371
26150767
29651972
1447636
263544
29516462
8961750
24751629
25144778
21977364
24689967
10977245
28902693
24764054
28434139
28503507
27417475
19049604
28538662
23341413
25767556
27684946
24050740
29573342
18433515
17397943
28665691
24100195
25421417
16750194
11864729
29391802
29361884
23375414
29535404
24472601
16858966
23411461
27489754
23358888
26120302
28127411
11478381
21047943
28373848
26966048
27472366
21079387
21816221
23769696
11043152
29286866
25783684
24467257
10146014
27666382
16875705
18309773
21432193
28795659
29391395
10479465
19627707
19079899
16418753
21694531
27686065
26110109
25712380
28188045
25283751
18618596
8287678
4093964
1603297
18401035
19778631
26120259
20301720
8467723
29206191
17066209
27999227
24631299
19068339
25346883
23684514
18296325
9379642
17067778
11263545
22408297
9421921
25882235
27698624
24548685
23038064
25632150
20301427
16647838
25876214
27063261
12595924
