8190197
6365363
3283072
7182184
479736
3736252
3734547
1242464
3974337
3885386
3600908
470225
3023152
7339112
4032848
8408449
4647211
14509222
9886897
7904860
7900569
3899674
396384
4281879
231371
6387403
17331546
4276539
5783378
11837808
6024097
538721
20687389
9019198
4803611
7973905
4884126
1481870
659766
18670788
18385266
5130897
15976003
9096439
11143975
7283541
1887027
11887172
20716849
6998874
439780
22126693
3236217
3236211
12115021
15023890
25224804
27840084
6595676
6378491
1328936
11395674
844248
2588725
3012006
3315542
8435382
3549580
8377729
16685215
6524600
7506186
3890391
12676739
19049481
26089029
27302598
17006921
3201162
8400079
26039368
14717390
172003
6281634
2944248
25771846
21508131
6992087
6091388
5714356
5371915
8172419
929137
8586834
6252230
9864275
3888240
2949908
645899
4454525
7954537
8391751
7003179
3553421
3896657
18259658
7437992
3134515
6383811
12915681
3305152
3291292
10233039
6343667
12390478
6355617
2855542
7014040
7047008
3519238
2074657
6141075
6886524
715407
8397276
1965738
9428995
6996036
2686070
12081585
2937798
23134178
1924500
17464435
668057
28233622
2996769
8467312
8396050
1655330
8907807
188961
2829597
11719734
2586018
635897
7248002
1150481
12623983
6530538
3933034
3037893
2450456
6478753
2050329
11423562
23952288
21871759
4359406
4929
15886218
7128669
19919977
3214543
1483495
8080005
1986554
11976932
1823389
8101357
8904664
7885524
3542535
15364336
9441014
9747643
865654
16633107
14530108
7538611
6662779
14984796
10991970
2985394
8389946
26120029
688554
1964125
11805380
8381934
16544173
3022271
11350956
6283191
8888663
138861
16432053
26343104
3543514
7805235
11007673
8491966
2830316
22120095
22846885
25383375
11730276
22913624
16730758
6098234
6100604
2671477
3319349
2580184
16418303
9140056
3534045
17515456
19835936
9641474
11824860
6337769
23760292
22966789
20364881
12167609
7599693
26634699
25354727
28039944
6296186
29134970
29483040
6389078
27338786
2878464
434681
6125538
3548307
23193117
25377117
2557452
1840014
21686346
3883934
8578695
3525404
7291040
754399
3615166
393505
8911880
489714
3063282
7001422
520398
7091162
24189467
3285838
17575258
1658670
15198240
18411631
2138833
11332378
9151012
10547218
3227050
29662328
1464341
9518596
18154949
10954127
26433651
14993496
1812317
1941632
12790384
22127400
8853406
8839599
2994990
21120027
23152295
7758515
2959144
3034025
3762509
20181798
14608524
23739592
26836387
1854454
1507935
2194280
27856806
17291221
6137325
