1443582
15865957
1203322
29438666
7805616
4592519
6330238
101530
6096638
2323536
2851961
18630709
15865960
388356
1333582
1253930
2468482
7992835
2870680
7753038
3615197
2623762
18667053
219250
2479289
22468337
15865959
1638701
8853011
68028
4362628
7585473
12759519
2554759
4737626
23183250
75676
24728429
7969196
7101477
2415388
5003082
41020
6276500
3516005
11896691
16503622
1282644
8225475
5661601
4209550
7183976
15865961
16302594
26042
4673761
5806203
3192737
6356982
23568031
18840898
28967885
7546720
4201149
811061
1693047
134556
864238
60310
8225506
10594348
2315031
5584004
4595493
1690560
6235858
6237323
5730271
20940687
15066805
16109637
2160201
1085412
8027368
3283002
61691
6171707
18781397
5366478
5809665
826899
7275829
4984907
4866433
7519763
4296320
22982466
6653441
6200641
4374187
603049
235311
4711103
8302711
6155806
4136493
1093881
8225473
221480
4506081
21859925
4506099
7651331
2170554
1276156
4738395
1378276
15199619
19309267
4899923
18316815
17621826
20387474
16545804
16254517
4644629
8614121
8812402
19386015
18349250
2172956
21545471
20849891
29056447
15063066
17184343
27456340
16596352
23865212
27723841
27712583
16579454
19893259
27566276
25861929
24865530
28217901
25475541
17499865
20041872
16099520
23936545
25222694
11295193
15152601
28193151
10520586
26245685
21256879
27259731
18346135
24785581
26812577
11311392
11165342
18973778
16516438
12632017
17960375
22984486
17399803
17390541
26543438
8869006
20180313
20652692
23234306
27753041
17605982
15511271
12373156
16914647
19558466
19537249
20392915
22040238
25285466
15936096
23063637
24441163
27027273
23115974
20171997
22695723
1489096
9399543
24295710
21535041
1494032
22005039
25966645
25970140
15881129
23522109
27259735
22259213
27173330
25319779
19791512
23899773
27590539
25722081
25070548
25501244
22593600
9351282
22092362
19789856
25319784
25706803
27138987
28099455
27686559
20307384
11319122
22237527
21519906
18287291
18824041
15823390
15772315
15823395
25195809
2554754
17241345
25797305
12711110
25878343
21679201
26014885
25667331
29274485
17586590
16207973
22310206
25135488
27305787
18165271
20532881
16458470
18481056
28179023
23408417
22075624
24019396
12823841
21183646
22460567
19038293
20457058
27779795
28236353
15479556
21613076
18087671
16366117
24688314
28182626
27259732
18228540
23357344
24415470
19932073
20344950
12270272
27979086
20730102
22237528
21213596
22515059
16943632
20059545
17237968
19714982
17037925
11872453
10728561
10711601
25355522
11553233
17540467
26079986
18633656
27173218
22672795
20707121
12703307
11412809
15475396
21398486
26774955
9066058
20863854
11506907
17991998
16751492
25526198
17361564
28711528
22653603
17332641
15837382
28088415
22782817
25775938
1955487
8510614
20537263
1354246
18353931
16841551
11195781
25730010
2823631
25197027
10581354
18031774
26879456
26319198
16303253
25798612
19756538
22987431
15570097
23252687
21153634
25883202
11328843
11997164
27862383
17994688
28408382
12572893
24936792
28734608
23911528
19563131
11097934
24980851
24774752
23328684
22189018
17853880
19453740
16100760
23499880
26615439
20070509
11569562
25319785
23574642
25934373
17143958
19463863
19912432
24948928
18050086
22108495
22777703
26950684
25218756
11018270
17585652
2729544
22883720
28436069
23054703
21217026
11376062
20711446
15294319
18706553
19649730
25143727
16796763
19442842
17407305
21963600
16145116
18029022
16906714
19324101
22237518
9394465
19712698
25981252
22412957
27548617
21546201
23206278
15577217
21943065
12732420
8593035
17332629
17640088
18304664
25866346
20882764
25093756
16820136
17342206
3995505
1867860
25548939
10849268
18940207
21448453
22987412
29231025
28118137
19159955
25919417
18301364
28889055
5147198
19397214
23022447
28409998
18425483
24503182
18459738
1515365
2671036
18811007
18290491
25729972
27534405
25105902
21855309
27888152
25582771
20129473
26094313
21593264
9502758
23183141
8526511
22447590
9108176
22149741
9397557
17849291
23239373
12419840
9225139
12531500
8855658
10945778
9214613
14574590
20118363
26167854
16856347
26502961
21435256
22230933
18582956
7868647
22465332
28004172
22187243
23844068
22072547
19039825
19083805
23739887
21227429
15279138
3038623
26931044
22782824
11015421
25981249
22515503
27058327
21338377
16101686
24747588
23922747
25474207
18294058
27996299
22500778
19826809
23510231
11989787
19846633
16497170
20536704
