12722290
17594281
16533995
27905288
20065331
12395604
15012570
20701573
23432863
15567580
11333706
24321705
21956988
23162110
12925119
21628816
17124652
14769290
11460975
12685635
20098791
12439942
20597053
22159492
17985572
11049789
17850971
17655898
25673080
10890351
24379243
19100175
24274742
12136649
14756038
28682780
21935790
12557930
15765974
16775968
19168961
21471951
11093848
23211863
26249024
24005356
24005357
12705931
20455413
17689579
11210581
12567652
16866156
23072169
11177324
11747750
15224568
11904997
22572662
20693753
26489478
22764034
15385921
25972100
16687871
12734247
24195116
24019437
12041579
26489400
18713475
16229780
18623995
11225225
12194782
14555830
17107425
23985921
11468117
19367554
12425882
11826011
20382099
16333388
14970253
16333902
22687637
12023913
17985590
16820767
11107896
12686886
18433812
21780026
12718827
17370959
17179908
15742928
15336431
16333888
11264028
12659972
24461524
15516629
12198831
16082480
17580575
12141962
11474019
21791150
17308703
18983280
24957545
17283515
11442198
21365872
26536814
12937770
28682770
27215300
22000362
16333387
15997648
16610636
15272527
16927872
24207086
21212198
26847438
22690526
26068334
16968939
28876133
23903596
24172881
23982239
19327796
28394980
11273176
17205465
12113399
11384527
16255869
12866922
19751593
17698229
15884456
21560415
15872269
19734618
15724706
11280226
24565509
12619434
15200870
28816651
14582286
16684571
20807111
15188522
11284227
12661078
12880276
20005448
16729675
12868656
26489789
25865140
15920439
20950098
28506035
29274312
12609720
11780827
15629902
23891667
27041342
28590822
12783275
11693883
22924935
15449645
11421369
17206510
23594684
26152563
24410985
11595235
24892423
10049199
18159270
10590765
9164810
9752377
28716461
9191032
9182208
9776168
29643938
10680266
9256053
10572216
9182207
10968174
10756158
10049203
9340507
20416057
19239800
9340509
9376822
9816728
9917079
10436661
10743320
9185789
9340510
9214516
9340508
9269201
9271878
9164818
9397603
15855952
9268262
9178778
8969253
8089473
10983548
9395371
27726821
9715939
8707518
8037163
11175591
8254160
17031224
9772334
10836915
10318733
8911296
10451156
9494841
27338018
27899155
26034403
12364371
10511521
8607448
9554080
18159283
10864257
21113289
10064250
16410862
10603209
29234679
10743319
28697813
19527550
23248971
21369836
21033549
16083823
29113617
27348117
9829192
18095439
10852576
8602186
11101063
9278604
23145487
7944073
27129308
