22350457
24477074
20575069
21898698
21966492
15510674
21248788
15494370
15139016
18467698
20360385
18338797
21081118
16206164
21395855
15342728
23983092
21327572
16909031
19549686
17459343
18794344
24862855
16091558
11226759
25994374
1430154
20026190
14999812
14728810
17622647
25536543
18211283
15884037
21211110
15617758
21294160
15022454
26138449
22934896
19127447
22098557
20648649
19429008
19499350
21040121
18728187
23971736
12559093
25484282
18028109
25779704
12404513
28230278
27364552
19762142
23152626
16938507
29116659
23293651
20422045
15031671
20700392
26670857
9589907
24532304
25077697
8926035
16137227
15839245
20188124
16270168
18521614
25091859
26031629
28339833
15173638
7035408
9067452
18512702
14624480
