9437982
19761922
19253904
20862545
23714940
10724245
16077305
10724246
22172284
10513868
14600624
12618978
21218687
18675208
23583007
20709724
16782639
16930608
17768683
26703061
24331570
15742283
24406575
15915108
25509440
16077302
16214710
15138851
15179395
19356762
15820426
15143562
24552304
15252260
9888196
11174557
16982308
16413898
17517306
23147330
19954874
23394065
21848406
26560817
19040435
9888240
12725377
21358547
16321393
18090762
20106480
15301361
24388177
25252417
18362729
26908014
15820428
21233760
17448668
20819137
23157079
24015416
27171268
10437723
29061457
20179391
27526230
24286863
20216446
22878481
27182974
15699640
17328638
26594998
15234685
22153654
16965902
19018057
25377953
23499159
17855105
27118615
24979370
15635563
10981978
11994577
19777941
15349663
25194468
20613566
15856346
18216664
28024774
16233939
11812473
12706022
21610299
18339517
17014993
16462325
17954323
10627739
16432416
21403542
16053852
20159482
19157890
19369889
15489362
12087243
10726500
10396702
14507157
24602810
21778845
16432418
16791995
23790966
22209448
10767094
18001595
16077318
17957533
19278988
26086925
12361065
21969676
22417772
29437511
14983246
28865846
15253367
28347627
27750176
25210509
7972419
27563623
25087115
23570324
16182912
27516839
