19130470
10052681
10381199
9442918
9681880
18347853
22157017
16939412
22436589
22895836
18287759
10907527
15178131
18189366
16198229
9744544
23925127
10424774
26065491
3023892
9797125
15697628
7871550
8887924
16807050
10593410
8787006
12067596
15571038
17444613
18482805
25639515
19074198
8958139
16242744
10918354
28650656
10729187
24260552
15664636
16163384
15276197
22580337
9012815
21780766
15448130
23786028
15480427
10365260
23721903
15800394
12600682
16465307
15867362
18727959
24202557
16311920
10473655
14963928
23952174
24347633
8770945
25164439
7779564
16110763
16930658
19293438
12642364
17510393
23425130
16282591
7537571
2466695
18258321
17637738
11390186
15737729
22613779
23615265
28750850
27490955
27753033
19098217
21419842
14558827
15295787
23410919
16765564
9665739
22576810
9352083
19264794
17068113
12688418
26570981
16696563
17540620
23315075
17119872
24639408
25128785
16166520
18620072
15190937
23820170
21068125
22447192
20168207
29107026
18789385
19200158
19616335
16394275
1883100
11290726
24718609
15363603
23348619
9337489
23106212
20390929
21234270
22581771
11940344
9801308
8885846
24462872
28771582
17159277
20440404
14599773
12431751
10222232
20499453
11978489
11572480
28340409
27838435
15279618
17395833
7916565
18089815
20153818
11249877
12031800
18445474
23856898
22940193
15288936
23590194
22554480
9747838
16922516
12231548
19589831
16388133
15288941
9020024
25165004
21768646
15087123
21614175
11353811
21421738
26419938
27260513
28513659
24699527
14644315
15798370
16696575
12682425
10884599
15288937
11897511
21639913
15288944
22007867
21421791
26873966
9514048
16137653
19427896
25022524
11295152
16556626
18572854
19233261
22521682
25761147
22562190
23884362
20649466
15288943
8881332
24801734
9928684
9751731
17632072
24064506
27915178
20544694
22935155
23716661
10385906
18388260
20236783
10029667
1429723
12853606
18036774
18602028
17323976
22892817
15966766
19028566
24753434
20188838
16377765
12119128
23116669
17675188
24946146
17702671
10426809
17090418
22752899
27613256
1321277
18952007
20007607
14744635
17094459
22001237
24334008
17716639
19052564
27077812
19342156
27078622
17947327
25182761
20540663
24704713
23457464
26251331
27590872
8554925
10443929
10996007
19699219
27836509
22335175
15941274
8403495
9806551
7877617
22768970
26663349
19331131
16899372
20226383
16934678
25007444
16165404
16299171
23567871
18637439
22378607
15240426
17477051
9924806
10906433
22884430
18166975
24253185
10598083
6156140
19840299
21803891
16579657
17942427
15033422
23598996
15720251
23961697
15037658
24657749
24839208
20660016
23150520
25042573
25043929
23824281
16909291
12099276
22770624
27764131
23733920
12398929
17956987
20043934
9447235
17106092
21721075
19056520
26485711
20117854
10773083
24973075
20690609
23493991
24678962
18362074
21484980
20795366
27402482
17045586
9357549
23602907
23770036
11374891
15117810
14580153
16209183
22411871
19788927
21717118
19538506
21737643
3484182
16683182
25650867
24136419
11435296
11566054
24956109
7565867
15241944
19084501
20978848
9698103
14988220
17085541
27966783
19459771
9322974
15288533
11020383
25299778
21116691
23567907
23085537
19834037
23238816
23510470
12162423
26255938
10963327
18793759
20715847
21278894
9647554
14973161
25778742
10751608
24852276
24951443
11923068
20080646
12479038
25900893
23485582
27523387
23533696
15464730
21856164
20544881
19768529
26827921
15834660
16024664
24748601
11027537
23721969
22911714
10856653
20451598
15315800
25837486
19244103
16997539
3785223
25324030
20933102
8149473
16101127
19632256
24177204
15784956
28185435
28835225
15215653
11162780
21514419
27654267
12890734
18548385
17881465
22651245
18302493
15901486
27713215
23219955
10980416
24810628
15710238
19428950
22296560
14660625
26709256
25617617
16676795
18622616
22332655
18083246
16669708
22519520
28715781
9390423
18801451
26985767
10720201
25355263
24756411
15082066
15963673
17506861
17879237
11978484
20034965
28890317
23243302
18275117
8735131
20509668
17463155
25034130
27783701
17316727
11264015
15730952
1482376
10641714
8734295
27815257
27840320
11527898
10430646
25714428
23211541
28936535
19847825
15234112
22594577
10354517
12482247
25798841
25553274
23900616
12427535
8740541
26512910
21473121
17245672
8977438
21835270
20060462
12963009
26027936
26433256
14732290
23554160
21550418
22952445
20411357
19161474
20361499
27880870
24275662
24674132
17224131
26678158
17014948
25108205
1330239
22057327
27009201
16129468
18046680
