28576825
10786849
2421407
18928330
15905666
19223327
9705839
12087182
12018680
1433510
8400802
20657391
12952966
26327194
7524030
11058100
9261187
2484816
3751287
1322713
17181964
2170567
21546360
24051417
23831036
9642043
12771211
11172920
11397083
18490711
16580685
17959669
10387101
24572809
21267652
7356399
1282705
2671311
8870845
28486986
16816180
1725266
9257649
16583140
2460090
12147699
2684648
14658329
9252077
2031688
11470871
7605112
3532031
20156995
17305886
1374014
15989962
1703159
9391043
8700881
1268259
20484428
14557653
27981881
1693804
11911363
1370058
16013959
22279149
14615540
2303406
21653663
9367744
8035806
18839783
10192286
11580243
8649365
23627163
11743025
9806462
22259037
23831031
18826256
1649365
1722331
6183445
10590669
10873604
28839112
15644187
8332489
25122062
14517074
27471848
12757927
2429315
9512526
28512205
8702616
21252559
23324605
5338167
15128299
12051910
18604220
184463
7383029
2897658
566266
7534906
15341956
10632480
11258619
1655410
14584788
1656959
11060041
2471521
11095683
6934519
12127562
17163657
26385834
18369785
20971810
4325765
2468523
7519942
19211778
8613991
6244153
12711683
2468565
10684928
21185047
16889864
8627683
1696166
17908494
19903477
1720117
19749256
1716028
1379538
22166215
122555
23478261
19578844
6170468
9097954
25751035
1309248
10550667
2458508
24141880
12597912
21994448
2420584
16218960
8209719
17925858
11809111
26205296
7707519
15574516
6194309
6558076
8660309
226144
7689430
1709408
16857584
2731315
26593208
1930200
6164395
10809779
17708815
20457943
2457280
15185377
14766219
10881674
23796181
12915090
25744034
1714598
16313804
12173937
1374012
19124462
21792603
17507929
21256218
18042543
17391367
9405256
23667906
16356627
28059051
20159984
10908358
3601659
9131620
27018804
11774741
11104670
17870072
307428
22614822
2425847
20516558
26578598
8905628
16980058
12836340
6204861
27387827
20953971
8990401
26253966
2355019
11461923
4256015
16211225
16842260
18603593
23769894
22519888
17964727
20440850
17487404
1701125
28918899
17542919
9862964
9932108
15843019
21118133
22654666
11402859
22422523
863881
18322589
19482028
15064361
12419255
2471925
18762411
16154588
16157029
15892261
3579330
9514764
25730526
26940229
10933721
11801185
18398004
2690016
18346971
11411227
26039055
11292840
12362313
2409977
19517275
7548422
11313342
25785443
8306322
9241234
20464448
18051854
28626761
10347223
21403627
19148141
1433498
21428924
17316836
3255356
24394721
1322335
9010355
6083558
22733076
11376146
1698925
12903222
167938
20179149
12890352
99247
11723135
15611299
3635478
11333027
12410838
14293001
18694793
12554666
776965
27997707
22422838
8377194
19626988
13931217
12568315
19635730
17896874
18801846
11959595
18289870
17079328
1321511
14574804
12810919
16373497
5788981
17170000
2472605
27790981
21367541
9860879
11000265
17065423
8179637
2465483
17132944
22253815
12930298
1694076
20562857
6179639
1292777
11684313
10049395
6178431
21501190
23836903
4338590
26670622
23431179
28322930
12207693
23970360
2449347
14722094
26252416
17828496
1689823
28076679
1703981
18347437
17517772
10348914
18216120
7519656
4877180
17923748
7933126
26116898
15814430
20836389
16461006
28193893
17169984
2422811
4310359
28821580
2178975
1713454
6183448
8531889
24859310
1559338
8512572
12352263
12210987
20863084
17562806
10744017
7536290
16682561
12951075
9712507
19909284
19264609
7975207
1375511
18829760
1284012
10894112
1718589
8649824
947381
9862981
10408383
7509881
4169558
6184446
2411062
12358433
8454618
28541563
15120607
1125319
7679499
1971624
8441616
23078396
27846320
11565751
19447105
11847123
29145193
2455764
18483398
3181141
19361790
15065876
8648700
15016896
26625904
12829035
18823738
1731108
24319682
7695269
29036479
3305510
28544374
6193410
15044012
10523308
1717436
1102921
184692
12812662
12826613
12903364
1708088
10906190
22365779
20065043
7507829
12692219
11123759
7564157
9570317
29293599
11152597
28542597
497272
15336659
12176054
15081579
17157930
28869948
1322855
2720652
28529100
2578224
28191469
26549761
9024938
15931860
2578240
1870974
23691514
15063848
12006997
9620444
7799944
6243778
16279954
21346194
15916544
16199761
1722406
28233349
21620897
15356295
2548592
7538688
22677772
12414985
11703669
12022231
18025168
14215313
10475237
1380834
2464409
10468557
20855289
10802056
7491117
