9875485
27434705
5080730
26051184
19530074
10469904
11165821
16242283
18686082
12121482
12135116
17630926
14531461
15089055
7807375
1846401
16848727
28694094
24768728
11950470
19596430
8829136
24699354
19344745
17328252
8961242
16499563
10467952
10596722
7827620
16321489
2167210
19638410
10524712
14607735
10231726
10598579
23668405
12363456
3363812
20013175
21110748
26602292
9928448
8904762
15245646
26712850
27865856
15236789
8855441
8436983
2542951
19056382
20688166
22642804
21798788
26701065
11512635
17350285
18982260
28820142
10711500
28788064
29274369
28687205
28317716
12433430
