24867688
29606123
29394344
29394099
29283981
29258753
29084797
28954849
28700639
28553542
28512135
28504171
28367398
28327990
27991858
27580625
27484551
27480247
27351920
27334346
26924017
26865572
26809029
26765213
26739683
26702122
26615234
26491422
26465035
26365112
26312123
26216456
26103122
26032867
26009964
25928625
25849160
25719406
25467758
25444573
25423169
25388734
25080104
24637461
24635158
24621135
24411644
24044719
23956842
23887065
23819729
23750901
23749752
23697803
23686079
23595142
23580755
23446112
23429209
23368928
23312393
23256169
23222782
23219861
23206315
23098242
22864876
22834704
22578172
22575961
22405048
22242122
21931151
21707072
21652518
21521801
21490004
21477869
21417925
21414279
21356089
21276599
21257309
21243717
21187736
21133795
21125415
20979929
20967358
20939102
20803636
20708860
20678684
20637664
20571444
20551239
20426466
20356564
20233149
20190764
20186616
19885533
19828615
19793859
19737978
19737059
19476165
19446192
19411708
19342587
19193502
19184020
19174570
19146970
19098094
18954427
18950962
18785157
18779486
18761377
18649345
18629175
18628904
18580006
18494735
18440977
18289266
18382266
18275404
18157128
18041956
17984295
17916239
17846143
17696279
17672894
17562685
17544234
17425790
17220026
17042029
17041020
16940305
16872802
16856050
16761939
16710832
16702275
16669206
16599604
16455487
16251223
16162525
16123460
15992278
15903846
15695305
15466562
15328260
15289741
15173111
15105329
15073025
14970545
14744750
14618563
14616408
20217674
12781481
12771980
20217663
12590120
12584673
12559573
12552024
12454173
12229045
12192740
11921092
11886756
11834122
11680897
11504275
11286596
11158752
11153324
11135551
11060610
10974101
10930672
10817716
10801369
10796228
10714518
10708898
10649456
10581269
10528539
10506415
10346311
10320372
10211213
10200749
10075413
9877000
9851004
9758288
9744112
9624376
9621230
9536583
9509575
9169865
9168597
9232903
29220277
18627088
8701613
18623568
8590658
8578768
7673520
7773051
7883225
8580760
7836584
7928122
8061479
7518989
8107876
8128805
8128804
8128795
8256511
7690373
8348121
8095273
8424203
8094432
18601069
1474200
1423654
1499673
1632070
1538979
1684585
1752304
1944086
2030097
2024448
2282353
2329201
2312888
2298886
2799082
2745807
3183149
2901469
3164202
3397630
3324839
2888848
3672826
3294949
3806725
3082352
4014831
3156089
6530497
24177530
6530013
6413954
6348109
7153395
6949247
7447180
994265
794691
14855859
29640460
29664187
26630677
29317169
29020152
28931217
28865858
28834575
28804850
28748178
28684588
28628896
28521629
28394182
28370707
28294171
28083918
27871195
27811837
27795423
27679852
27559830
27500905
27419819
27163495
27162222
27117913
26964046
26945898
26661400
26660203
26644232
26606387
26563736
26535452
26519231
26446072
26443872
26411869
26350070
26349904
26284258
26177200
26140212
26115818
26068005
26062763
26026017
25969430
25885588
25742969
25652463
25617090
25361970
25261577
25150975
24723046
24510422
24504369
24461681
24180456
24127760
23994863
23913248
23777465
23698363
23519639
23322733
23196857
22981579
22950541
22553169
22429229
22401327
22356628
22244311
22215588
22039168
22036036
21972039
21963487
21806770
21685082
21623372
21484096
21443585
21423796
21408015
21278251
21216581
21207146
21176014
21029416
20963216
20864427
20513091
20507194
20431086
20429529
20397071
20388641
20110541
20045570
19891759
19854689
19777584
19737055
19713289
19696334
19576499
19551168
19520022
19481324
19480550
19416817
19393591
19357429
19349786
20560618
19200003
18945559
18829984
18791040
18785194
18687127
18629124
18629115
18341089
18228005
18088421
17921998
17701242
17567677
17381977
17373823
17169146
17056573
17015304
16934306
16894304
16868557
16753052
16707289
16674813
16648214
16633573
16574184
16564651
16538276
16250659
16242204
16174296
16156701
16035725
15992306
15992285
15992276
15992260
15762580
15693953
15553410
15495068
15310807
15302209
15274137
15105830
15080866
14724639
14696046
14690586
14681443
14639901
12952594
12907748
12621434
12603408
12584161
12478595
12117241
12054884
12030284
12029718
12000970
11922597
11890883
11846021
11818428
11755391
11417715
11417699
11407018
11258768
11251525
11144829
11123102
11113969
11069178
10980152
10979684
10903444
10844699
10771454
10727355
10726025
10691811
10687999
10671904
10571653
10571330
10540197
10479567
10416174
10404241
9916549
9876930
9852769
9820114
9777439
9770280
9650249
9368376
