26877091
28760809
20054994
24324527
17543985
28410371
25190811
27271588
27930301
26549228
14659890
16523502
9009203
1361172
1475198
1980478
2904656
1346336
1732727
1915275
9372961
9819426
8462099
8557192
8441661
1361457
8352967
20064932
10026784
9237997
8663425
7891704
8102789
7888080
2350782
8628262
1673230
16845083
21555551
2347308
8145762
8171007
8972195
8601806
1565620
12453420
11159814
8504164
8463278
15713637
8756659
7957106
12414730
7690034
8202368
1358755
10704841
1886774
8479524
16989962
7613470
11169970
15640136
8657157
18323601
9832505
10082511
8820493
8001121
11183772
11679729
7592721
8441607
1610826
9343393
17576670
8234344
1348858
28305870
10506833
9368058
1346754
8065338
1967821
8117693
12432261
8290353
8912467
8099480
8645295
12191484
9257679
9155030
8663077
8156594
10899123
24954220
14741405
7935408
14672405
1732736
7690239
7901208
2905684
8422989
11891224
1357630
9153304
10022889
19922439
11839818
15733064
7902581
7908264
18772384
21610024
9111308
16329585
23821033
7663141
9767147
17991485
1582410
1594443
7909356
8668543
7622033
2065979
10559482
10848606
10809764
8284200
10541551
19170206
1717323
23076972
1509263
9116190
1690859
9405434
9013582
9669311
27986639
7852360
7791781
9207034
27568376
8972215
29337206
8288127
14559893
11311976
8432392
10844029
18996486
1356766
11735389
9632656
14978099
8424955
24566687
20051954
22290434
10421633
18983536
8248179
7916208
2574416
17266644
19921263
15006499
27425396
10473598
8441633
11997177
12637543
7669688
1685891
9448000
10858307
9298820
10195432
9665883
11429405
7667096
7781914
8341591
9735360
9105675
2214023
16498618
9852081
7839145
25261405
9722627
7828848
2568665
7623109
15021903
11856838
14766018
9171367
20185558
8986770
9878805
7720710
7673332
8144606
10801796
10804181
9823775
11689681
8807082
22718759
11328655
10480874
3265124
9016656
9412504
7595375
15177678
8754279
12242337
10082529
17652321
10373599
11685581
10199551
10077004
22190420
1830243
1383937
9178889
19103427
2341156
9188490
21911072
11583619
12391146
8793109
1881906
11136971
11297581
8887320
1967834
1418622
19671658
1967980
9207130
23969249
11134019
11029584
15042835
9822647
23070540
12624956
16260476
7691107
15465489
9521126
10495289
27156811
9384588
7758947
12553905
20457811
10069338
1991317
22396547
8022800
7943947
1705013
9032449
12782656
9034317
8654375
7983758
1652153
7914745
17172347
8105803
17496161
16243786
9185568
9012536
26067358
8104774
1980658
10329190
20335359
9372951
10556324
12200420
15911144
2556266
7904999
10473120
11858725
1979677
8355702
7912957
11222742
9651490
9602135
9261145
16373422
8097478
8754852
8639157
1684335
16246257
20371823
1575440
10660531
7751926
12451123
7478537
15194866
15526215
10599689
15509593
15169783
9792294
26996995
10026228
8193131
11699874
8507639
9973253
8518192
8095484
8981229
15024082
9245715
27747376
24142689
9626142
21317385
18287285
26877236
11368023
17285328
8728480
2302733
7664734
16371359
1620119
7665099
7855069
10329733
22102035
15355349
11847120
17276396
21099293
10862753
12385825
9346939
21117060
19320969
9622621
29335749
23747866
11973273
11163266
12883006
11752650
12782346
12629113
12051737
11168419
19556346
17296495
20181621
10640682
7588073
10652292
10887080
25605962
12441296
18228599
8713948
9502770
12781989
21932313
8276233
7920986
11172005
1628619
8370519
26854886
9106466
12934100
7768195
9188510
8380468
1680380
2503827
17021049
9598983
8910541
29435046
9030718
18191611
9507055
8593698
7601453
7897653
23606368
1600947
15292233
12663137
29673854
16951404
19850032
1970973
17924661
18056429
11959845
17564582
10993672
8224904
9537509
8709151
1350055
9102305
9751061
22566684
15893976
8769650
9518258
15729702
12225774
2184776
24315688
8234287
19293558
8983019
12609742
2739723
8948648
8632990
1417821
22558464
11073444
12049785
8920965
17541407
22581457
9642274
1993678
26819314
26464018
16431844
11380252
10924257
8657574
7623806
16061939
16103132
25243889
8166682
1354614
9658067
10228561
18440973
17451418
15640109
16384672
8276397
9367742
18614681
15024080
11955612
7935477
7706253
8530384
2561978
19828808
16216912
9506947
1976514
9508370
12923055
24945799
10196288
18367606
10727398
9092652
9032292
9256502
14973295
1358592
8417340
16759823
9703322
11279219
16860542
2257628
17273778
