7768858
22422754
25275371
28243982
330818
28603807
7768859
4117584
18337747
7007337
3536871
22843849
21244534
17537210
23874229
3549690
16369945
22435757
24989429
9460561
23554966
16547037
3549689
2695799
14623195
27645386
24138539
10894732
25762341
23024347
1527488
24970213
16337229
16740925
7037746
10585486
21969567
11408658
14617638
8604139
25350000
7022547
2832369
16077109
10960117
17085573
25613993
11972776
24706741
770453
11104815
25967982
19858188
2200968
16491021
10959841
23893115
11489873
10788321
9102466
28557186
25531309
12524310
15805534
28625846
6373376
17922903
8550421
6094477
28164791
27655397
15931226
23519087
19889089
24359752
1631080
20439729
18451864
2404955
9079927
20498085
27528687
10704303
15170399
27195968
28433265
9791106
8503954
8631704
23530206
28089452
22923600
3517878
20194750
12787361
16949608
9545371
11717274
19383460
17050924
26517549
25060668
1624413
26854663
9683497
9168617
9545379
8757288
28179186
18635679
22521284
17142059
28408605
18940922
10049798
3315855
10350613
10440379
24673893
15909983
8683574
26868107
19889085
29022313
26082486
17360486
16332888
11532133
19081534
28117390
24697492
15126479
8561469
16622043
7932752
11790747
26512728
16192281
7551038
9159510
1404383
12054792
17719558
8002586
19361928
24837287
20576620
8529894
1905667
10320579
7883718
28348859
28259628
8955386
9723914
15136044
29229777
9555902
27218601
8491729
19383688
23097231
1475520
27273476
1612759
25313387
12054831
11169117
15276839
8312972
19351587
16109949
2211524
11133968
15805535
9488405
23614777
14622420
11821427
12670972
10049367
29076571
10809679
17060472
29335641
