20633041
19536894
22661045
10688838
23841051
14504104
20635930
19337200
20573399
22033582
18548092
15887400
12036931
14487651
25625926
20425356
20619375
16757426
24793940
27654852
14633789
11012250
25728856
22024730
16135383
23719297
20808301
6457925
15958631
22198310
20048335
19635197
18256684
12835718
15721455
17637811
1060471
15069690
20359745
12804637
15944330
18398723
26095886
24390549
16019503
19959079
15271396
3897932
17292738
18216869
15610663
1069556
6088626
12649749
20451549
18613644
10595741
10815918
11495816
12506035
19913465
27603913
20107936
12660511
15477212
20973099
9773465
20139775
6192119
9831389
23170257
23394714
15773024
15271403
12563615
27099895
24013666
27812247
20640942
12902478
18789140
11300470
18496563
26864050
711329
18591381
9415316
24480037
19961808
8611681
7742526
20497687
17408402
19171873
12411098
16219568
11060736
25449177
17089915
20103624
25340010
26460262
11049020
15693136
28295199
14564482
20614628
15140391
21403403
11964293
21719601
18952616
23571180
23744585
12860168
26884374
