23079540
26424010
15763066
15506970
22912861
19643043
28165812
20040774
19145122
15013814
23483103
20637639
16677821
24284040
24510275
28410195
23383627
26093086
18586292
28575805
23037979
21879257
17237824
21456871
18635919
24492721
16172906
19427857
24604244
25395275
28330425
20728195
22366766
22537548
22891884
25898913
22334036
24287874
22146623
23127597
15965088
23151801
20068068
26354375
9206994
17009743
28119765
15905180
28124213
20398749
21160028
20361227
20698744
20551295
16507244
25397408
22245127
28440403
26608648
22955947
22664788
29038164
27626688
16762987
15680254
28035068
18173235
26004233
19455142
25026551
27718461
22032970
24626299
21285974
19995573
22187010
24953831
11925595
17975908
23916600
23894343
18768154
19022306
18713618
28399139
24577723
23599429
26016618
22429346
27522966
15574785
24135906
22976841
22911474
20976134
18262806
12783855
21393351
15678370
24985523
27349451
20193751
23777986
24023970
21831345
24965894
27896503
17210704
28260075
27175572
25681706
28255111
27888812
26303949
24688304
22521819
15375593
9281370
26295822
21425578
15356645
19427840
25634292
26477985
22955911
25265027
22510686
24923653
27560771
16125830
19885621
26585591
23895116
28177662
20043100
21055215
25874633
24140468
24286671
24336110
17317853
27189055
20713185
23856898
27299574
21384494
26617882
24774441
17717041
23274515
27806327
20851175
25518993
11408941
23402952
24880464
27802433
15040886
27163639
21499222
26399453
24377554
23486476
24189031
19834285
25772255
19589263
17304508
23108376
28363167
16554963
24505050
16535836
21382962
22281241
19565656
22743290
18163394
15964171
24683439
25465095
20880184
23722069
11716782
21153434
26082307
23827970
19121293
23603105
16643785
23254270
16703262
22114306
19155307
20809291
17686041
20799830
22118979
25656793
23063711
28457857
21294074
12902150
25331401
28719344
24682525
25040975
28364801
23129526
22352688
26763846
22307460
24135936
16632808
27479192
23990023
12725081
21203983
27802587
19889614
25284615
24716946
11803373
15881322
17444599
26301894
23770286
27499009
28178868
19536524
18097578
27959452
25199673
20813173
28982862
22421965
21290091
19602668
28489664
25896313
26445529
24647156
27490778
23831407
11306488
27779647
11779429
27106131
25073422
23618922
24395092
23686888
25434989
28232511
23077639
22329793
10454539
28697478
19886752
25292087
21986805
20658471
18165866
23417763
21872580
22848597
26592196
23818365
21241685
24043355
22403727
16327993
17587607
18165181
25090714
18329475
27147129
21916896
19941922
17959366
15820068
24789431
16494029
23380911
22679490
22493042
12781328
27194525
18423410
27003995
14550768
29136370
22992977
24949471
22081709
25123461
24099173
20362650
27974319
25283343
21118682
14512201
25521501
15582575
25760455
26985944
24755146
22159556
14966384
27744436
23585833
23936805
20387232
25988386
26144377
26821016
15657350
16861932
23871247
12419327
16368227
25334016
19289490
17727258
25124618
20298709
26030686
28192489
19139267
25568320
18403086
16835868
15108327
22434375
22342440
20851761
28698281
15292709
28239807
27655720
19473757
26730946
25901909
29039440
19147562
24243568
12704796
23977036
28551792
25317925
15965096
15906362
23752353
24026139
27590991
28638867
26415619
25255315
26653078
21509715
27766610
23416298
23752706
26033682
18643790
23139767
27501804
10026183
26555544
23027830
17993285
23648328
24267543
19617400
27780143
22628241
25520141
26808507
17855512
27960279
25156660
23954597
28498369
28075477
28018916
16820967
18499678
27717697
16535833
28624766
24197975
22019693
27027340
19399629
18089821
28411581
15965097
12914297
14525789
27735993
26061993
21539448
11207265
21620825
15556609
25387075
14726686
28854261
22927074
23712704
26388407
24277159
26861252
18179928
26404262
25666751
12513765
21824174
22926545
22745676
27091500
24104452
16357165
17583204
26301952
27225448
24523556
19643728
27138700
24682673
27658784
24020820
27236077
21628881
17513609
19292871
24556693
22542418
16188235
17693058
27802437
23846528
28486954
21340527
17009747
26854628
26997555
24737008
18376857
21419148
15604075
10528217
27824316
20919942
12101390
19445904
28171848
20060487
18454133
26572448
21505894
27278820
20479985
26848042
27706181
17350664
26969764
11289135
25512644
24462156
24894169
26503132
17997990
25087947
23489687
24375791
17453707
27545029
19414420
23665112
23082976
26500047
20686218
19675165
23056487
23806212
21155223
27757032
22678527
23725813
22269384
15556132
27133064
21376709
27732882
25739802
28918123
26439985
26367393
23529952
