26423443
11992674
9475051
20875853
23931627
22508445
11357170
25955882
26276218
24611941
25544604
22964425
27099000
23036225
21554939
24156390
24128089
27551742
23439842
26098975
19519287
17168774
24490763
19072808
27145899
8595139
22455591
14674613
10967226
9549369
26792989
25990835
9282640
23732806
9769017
21351504
25146439
22401557
16882550
26794727
20067875
27712569
22712271
12587129
12678799
21275831
19173270
23690687
16305392
17899779
19200004
7730955
17430630
17330402
23651102
10723627
23227120
21443475
24482311
21996056
24995280
14606665
27865609
7680982
15727558
23909015
21719996
12937968
19954402
7562396
19075893
24143089
25748383
27280339
25438693
27187718
17100558
27540288
24915504
14631286
24099174
19505192
24354668
27698946
27839503
21882521
25054963
22230977
23707326
20716020
28154249
26491316
27680291
16526555
21591841
26773855
29238188
15031496
23037696
27017826
23597027
23600747
18998745
25295359
20417189
22852471
24368133
11744173
19075880
18769102
25687276
25224351
28761343
8527843
28049940
22777770
10411216
23208039
11718942
16508135
15216911
17616287
28212339
22833959
24338748
11383204
16440317
23249332
22119734
21303691
8894969
28740383
20047152
12567786
12627614
11563290
27037783
25443792
26806343
25074560
7596995
28017887
24533724
25858133
9783676
24386166
25416990
25126543
9361956
27500359
17156952
15015344
22143548
27348356
20072870
16506524
28055201
21458550
8705247
10728674
23336716
10928404
25229833
18590459
1530313
25659645
9285331
11218826
27620074
16015019
28096670
25856305
15824031
22163166
9549357
29180864
27269194
22724618
16650890
27577897
16519249
21684725
22848163
25136634
19572330
20408800
11853916
24475700
16963144
25080226
28150201
20217598
19534704
25120359
28322976
15379663
26938856
21774618
2131008
14667500
12878399
20214582
12429385
28583331
22876808
21174762
9549358
21272638
16454177
26137487
21905662
23162893
19845484
18817514
25116511
19604135
7600589
27744036
17473521
25075095
26036724
10528098
23845926
28860764
16146340
26635087
28794624
21557579
23072326
17979650
17688284
27667179
21620968
25319649
24243764
15109766
21495314
28254372
24313827
21695286
23363303
15070400
22888235
21669300
21039200
18991067
18985650
21158721
26221938
22841794
24453698
22934774
24369059
20095944
12568038
24845479
22802103
22619510
25056419
16995319
7704918
2672806
24743031
24699423
25697368
23477335
11325031
10640654
10147456
27290625
25148607
15544514
27056631
21822252
16848729
21944724
20515826
24929211
25258529
25522960
17443399
20934501
14672846
25174370
1392538
17827922
25777339
22023555
25330237
24369107
20530409
26056930
26703803
24266264
27557037
15885453
22211758
16044950
2674208
8953409
23281291
26315266
12718731
10205823
21389566
25851582
23872301
17878107
24160895
23907560
24154938
27436182
10600035
28566625
17970665
23897281
10371421
24747765
15688621
9770118
8126987
6505951
26278524
19807683
8539492
20961263
14769231
25758593
11500256
15334307
15177203
12573046
21111043
16290875
23775475
23976853
25237838
24946085
24844191
15630499
17092828
25643990
26219474
16042483
17964278
28644728
19281828
17970669
26381578
8747602
21251964
19941919
9876553
28405164
19433120
26632436
20217526
23780978
21805180
25339554
12074546
15706836
9685868
26768542
18217339
22245689
10779068
19413455
24938896
19166393
27845212
17999499
27548508
16446077
17630918
27784243
21062256
24372377
28049894
27480580
2664277
23578193
19837467
8230256
26911560
15907221
24960297
23550544
20211714
16787243
26168480
23140102
27502406
18379927
21073322
22588463
28393078
26725668
19239387
16997719
26915693
3327409
22688249
20411203
11769644
26817764
21532162
23486739
16353961
15479441
22093216
11728226
21329047
26652257
15124069
20190459
26580704
26181293
10512792
22415612
19040392
28523942
23323779
28532763
18807386
27641831
26410277
24813223
27837534
25055017
20022224
21536117
20205418
18338645
2770001
18268450
28603418
15158966
25126554
12428905
15822222
25899798
25415656
20701288
26666937
17397150
19718807
11772234
19663381
16828267
15230360
27071183
23419251
16611008
28338414
27986225
10375174
25912721
9239575
21807083
20298779
28619450
27554805
27255375
21780367
26724368
12849428
20015030
18991811
25601598
25658383
12052251
22214584
27608728
15172166
12725722
21979250
21740946
15510996
23891517
22565055
24211475
23591149
25546552
11772464
23252629
21557706
17172420
24596245
19819278
25416991
15613636
27778144
10361147
27843311
25482610
9829150
26491292
25200609
17296332
