11716147
24755484
23029019
22385266
24838313
9183650
7645958
8591992
12510025
20555134
15192333
15135888
9166725
15826805
18295339
26102036
11598801
16336631
10683829
15120578
22612294
18485331
10656535
9200735
20537383
23216451
27281615
24077688
24368569
17350664
15024021
10972966
22186019
12576481
10388522
19270741
12925009
26142731
26136110
16725131
12401552
20563739
12890888
21964380
20450942
26873849
22253444
14592962
18666817
18059134
11720709
11956966
11750901
11008879
10380999
19643043
28916166
19545621
27003614
28684914
18241847
22739265
11223917
11520893
19682211
12645081
28159626
12479364
18334118
11078888
12920191
14645667
22833976
21174821
17709193
11462787
15923073
29298096
8955513
17027047
28288932
18579122
8135827
15803372
25752436
15542611
10190147
27083155
12234979
9310301
21842654
9760460
22766766
17117479
19192412
23296100
12490620
9603216
27260669
15456528
20487627
20708055
21415543
17309119
18848760
22108958
19012744
16324157
11835312
25581772
15795449
28917448
16388830
21295016
9020141
24482239
10082084
25388371
11322325
8666983
16474993
11205138
9315298
7553653
19414004
23709364
22182409
15166121
24691657
18654880
17219050
24341565
19101523
17855158
19014378
17331350
9886070
27556437
16500719
23824039
15342193
15280438
24140468
15132987
16860453
9202326
25316137
23404459
12471618
10898953
27420050
19027827
19648965
18691073
20467894
11090952
10364268
22265823
21536027
9041562
11125034
20204436
10996018
24105645
16410143
20333467
12180275
16773194
15241553
17707367
20097285
21937027
12438236
18599602
16584628
22078207
17576792
10567913
27474091
9051790
28732061
18452993
17513200
17587323
14599342
10491322
26264262
21899552
28860751
28866709
15072449
15857667
18223681
25091565
22056603
18534571
11489679
9855633
11032765
11128601
19056379
25900438
19735704
17353905
19129949
18253895
20878908
10022234
27375189
21219959
17764891
21472456
12911627
24625574
21044071
25204313
16251187
10037464
17996985
24051122
16983338
11417851
10762087
17439717
11181834
11163539
21756550
20869113
17894227
26674967
25675097
22298298
28341201
16273078
21333729
20226652
22688195
22001774
17298386
23010175
19427179
20574809
22610977
19932170
23643751
19248620
9858671
19384601
23241934
28206967
16038635
15469694
19777160
19341817
10217261
11839750
20615444
19445961
24933638
22894569
16170377
12538580
23161404
26621341
24095960
19543831
10658639
24698978
25106480
19673610
19306911
17289346
19462233
25633195
23722601
19441012
17384271
25551567
23727443
20590525
26073258
21795716
9225309
12777700
27793617
17134716
21527635
16079129
12032289
18719392
26856988
12560110
11161625
23174672
21396424
25310737
25310956
19496804
25336154
25685255
22248185
10442550
23707744
26094622
25304987
21347512
25445986
15741235
25846762
17245372
19241161
16824683
18430996
16148027
19446606
27743026
21856379
15258910
14625299
8788920
28596964
19096576
29314450
25764727
29286349
24135219
20563702
22264378
18648656
19726241
21448285
24167415
26589607
27473385
28382490
19920894
27704156
21145398
25661514
29435120
21050441
22261284
17241156
10559201
11475014
26357513
23624826
25348868
17276397
18682529
9460707
28878400
1527053
19526292
25232375
25659415
11093800
15207915
28595480
29173031
28985942
27411927
23604871
23548635
25461557
25782915
18404453
15907364
22652643
21103012
15035819
12111836
20573984
26074776
29091860
29304031
19735655
21826710
29278364
26069496
19393648
13130504
15843506
15970625
29090971
17268850
11301060
12709299
26327808
25106636
25965819
29417049
28759731
23864927
29228978
29166856
24334875
24708242
25271104
11266466
29517768
