9218752
15141080
22772755
23773694
28035619
23167495
1312494
21799868
16783472
19592687
2197139
18957259
19153269
10848492
23039884
24707343
15677345
20501953
20350527
16463048
19946218
27062545
21835260
24812429
20368219
22211895
28232183
20400699
17097645
23134512
25816097
7489831
28642238
16110329
21133923
20148674
28843858
24462190
12606534
22132197
8204057
24349242
24667182
23963325
19234153
28303409
11376339
16380492
19734871
15053894
23138030
22355341
22964733
26220361
22934553
8150556
27530729
9218754
22493041
7722337
26377035
23549462
22447930
8278654
25008182
23283990
15671250
19636529
15033911
25852003
20610941
20096667
26984821
23314315
23835340
21826531
20980457
20487222
28421194
23555084
25119041
23817413
23551905
15284196
22745066
22694954
26749404
18565216
23479618
22848385
6236802
17966038
25953849
25249008
28017669
3514325
25358444
26347378
15790737
27746169
21226616
21270276
23434766
17451545
23567861
18178333
21050844
23041393
15864741
12182843
24583133
9010445
23620354
6249250
1973674
15593124
28259689
22722857
24782490
25008173
26703532
24013782
24292634
22424821
21321581
18684934
27179626
2701741
20629235
24205160
22287654
22561304
27219840
18403477
10946317
20547977
23657001
8219259
25303153
11591119
20622430
8145050
22235198
22154922
28285015
24797416
17804565
25005747
15571923
9166662
23146036
9122866
19504085
11931721
23597390
23197860
23565185
16707476
19462491
20226247
14657487
17689903
16549046
7696203
1510787
24647224
10525315
28628912
16937126
22819547
24556473
27180624
25573740
26308623
22058332
28461456
19323953
2518012
23573311
10746656
23514230
20713891
27260408
23208607
16877123
24445937
28063402
24966052
25714671
19277603
12759426
27431618
17449584
28031565
26519530
19122171
17665039
24317792
21307078
21371458
25401425
21674480
22969058
9703318
20633625
26747235
26208605
25077824
18276926
23826335
11590186
17554340
19825285
26871288
19251743
20118282
23383062
24195695
22579844
24999476
19181967
19276445
17932314
21641394
27667759
15518041
28394363
9819564
27783671
21469083
18427128
17063385
10996876
24389129
14676944
25739393
12905770
28982613
22210743
2088958
21966503
26656537
22247255
24352375
21519150
23219922
17327452
23535518
17160673
2281102
28758901
17670937
27802903
14734611
26676316
12392851
14624142
22750165
17174888
16397561
25794782
26777426
14743439
20585247
21530685
10510086
18378574
20023662
25871534
20207056
26272354
22616098
27313314
21813778
25257173
14578302
17460730
16641112
20100990
15304647
20819089
22253415
23256897
6219904
24343232
25882704
22178943
28069522
19324938
26442901
22367599
23953944
20713682
27337687
22908267
24161538
16148094
21388274
28595780
25038994
24846906
25918733
25628460
16037278
27793180
15179321
26530792
12415259
21264237
19182213
27411381
28778586
28546563
22660795
26986950
23028558
14624132
17823788
26807975
26162095
27832860
18508549
19690064
8246827
1304577
25035952
21349269
20522587
21907760
26906195
25182023
29021150
25390735
21850157
24160325
14756685
7657040
20363923
1446808
8889031
28272348
23104131
17174891
20530741
8591703
17000034
27270589
7558161
23139352
23478428
21592961
26155842
28270521
18594792
16104844
20708640
23936397
25383781
27396408
2847947
23707905
27277164
28011992
26258810
25893202
25447227
2714521
27876564
12145345
19111164
24916378
28533295
22955352
18832649
19698204
23493576
24464099
25483979
23547683
26628639
23204275
17392158
24292564
12099635
18305141
27993686
27833703
16047341
19462608
3157292
23251339
26371080
23984430
23068072
16332931
25447405
19755528
26940740
21147843
19689251
21808238
29166392
24747746
20980463
27806377
15855344
7696210
25885700
20445103
23333525
17327424
19745063
25356875
28151474
25281359
27130589
25204978
25794703
20634785
7840857
20231468
25663706
23809162
16893923
15983216
17346199
28211759
27596007
22944250
12408054
2233244
16844399
23578554
28726774
22842477
19632089
21762124
21983520
25118634
19114551
27378149
22428456
19776174
28467789
130384
28663191
26730729
20639483
27619992
27461757
22415874
25556062
23153419
16113326
25187369
22841542
21645960
22851489
20442402
17327431
27344677
22075986
26815430
27136258
17912155
23818527
20217522
23700340
25407682
22889227
20826139
28187313
24633416
25367288
19161640
27044804
12440774
21680898
2020184
22899901
24292661
20217515
20371488
21497486
20425006
27194784
17317207
24226524
25732520
2184821
26883847
20868746
25053402
205725
28630109
20385830
21735552
20415855
26492476
17259380
