25764111
27059519
15856940
25764113
25764110
21540878
21417954
18856053
22365827
20890107
17073750
10684922
23041497
23063749
23031840
14687785
28228471
27327079
8791609
17073756
24789877
11419933
19896367
23063750
17174096
23099421
7765192
18560610
23128323
26636900
27911719
1892658
2204155
27068803
11433012
2658227
21102650
3052292
6761400
2449281
9066256
1497919
6340979
8051462
15506940
12381659
1962205
7555055
10384303
10384275
1509519
1989689
15196897
18987635
28112569
21712079
7049399
2697269
23732820
21102651
24643067
8444147
23142548
6277493
21518452
1730659
7662364
16971453
10384276
15094770
8246845
11459214
2194109
8791618
6356356
6169437
6355452
7026181
23150255
23063748
7051966
26173035
26273910
6996571
17483522
11097422
17070642
6379414
11026687
25447915
10094403
16998500
24039171
12782648
798342
20182614
9500674
6192346
6281889
9601606
16626288
390237
16199038
25366050
6169624
11868987
11868988
10854340
2524488
20925482
17977614
10066472
7581036
8232280
8791617
17634584
16626295
23201230
1776170
15815698
1297645
2576380
21986035
12045101
21326948
15688068
21195141
28282871
18980784
19887915
9738922
7529206
28931686
6209137
21572561
25148809
9916999
26354225
23590436
26411875
22173098
26104707
23165150
11412849
15003270
12734418
19246988
8709839
1335809
27658022
3909943
11868986
23676707
9514985
28117604
28026052
6817816
20436273
8811195
1921990
25445273
11390411
28894972
9113125
17666783
10799081
14989168
16626300
22960599
23776162
7482778
8820532
11581384
22260999
7980491
23291532
16687246
23442138
22207204
23092677
17245116
18573085
9309252
6116235
20305379
7855428
18778799
11134326
11291307
28697848
22306403
20381190
22700437
15284893
25848089
7917332
2562218
18599813
27693079
15375574
21935891
21326359
22812515
28701329
4359082
17514354
19074842
28209295
7713110
23810978
10690408
12459450
10810774
6208484
28215221
27560640
19019961
18184910
24406346
29155071
29428193
29378333
12921997
29657287
28537233
1703787
29276645
29248739
15770648
15544492
29313808
14587872
6210367
29127063
3131139
1465477
29328783
20028844
17722648
2043343
12963838
7507421
29062964
22933558
8955902
21428925
17981703
27989933
25481100
27751656
9241421
1285896
26847177
22414532
28743025
29397330
2517036
26116898
12880205
8224095
19930463
10839822
27885504
8973141
20453924
25764332
10344230
21916844
21916613
26344361
20403450
24605908
29439438
26119101
18393852
29222070
11031238
17803474
2410112
23537434
9097839
27296319
28497998
27902925
25870830
9219514
29676246
19234545
7532727
26454188
8828152
14519192
29589958
21895576
21533214
19234542
1667478
16957385
10757411
23684800
10550012
2030619
10492999
27761438
25738582
24013023
24856239
19351210
9130617
11576919
9379138
18208392
25482829
23651727
18024225
