16245960
23279273
22769975
23084512
12880608
24202062
21594670
11315777
24678889
16192548
19379848
25184799
12406933
25576254
24934871
1575088
26563608
20207030
24473274
17452737
28189926
28222407
9248369
12406931
29206665
17084120
9678533
9828472
15609193
11910848
23548756
17169516
7736373
26881228
23062687
23579287
26759680
25809960
22038744
14350095
9696653
2603658
11934350
28389485
26552579
27989282
29017476
29157836
21116089
20832795
3704152
22744727
25674760
25135226
23684802
15455336
9394670
19301408
3776751
25442509
26672432
11380743
18453015
1422298
3968120
15066065
24919254
22311061
11418154
24996117
11507140
23504666
19249782
22555886
16278182
8831880
1800398
11380742
16475400
25427525
20888157
7097900
17475523
15640991
27193753
8159449
29337447
8339481
27999848
22222753
21785404
17323878
7677807
23544822
2740664
24929779
17579923
27164296
26381908
16584080
25923490
28180239
28160254
21040650
15751369
15199720
19742275
3686625
15374372
19824100
23791011
10466012
2913977
9830337
3846316
23449813
21197343
19114019
14605799
26736848
21170699
20535763
17215561
28815099
2011670
24754978
22877311
9462346
20850741
22210805
1595585
16514935
10580626
26742606
10552171
19895959
24403697
23016784
12298113
26529820
23389925
22647380
21716111
21525868
18971769
2520364
26306228
26263935
24132879
23298165
21397739
12632818
29065037
23430594
18759997
18084165
10394609
363722
27260196
27235515
19916682
18621442
17235663
17106377
11369171
10651753
27203243
16003669
11794148
21493115
14514989
26524236
24562837
22531666
17698601
16369897
10232314
9736099
26994228
15554723
27389193
25822373
25602512
23360340
14694856
16940662
28930037
23364499
21272724
12794239
12612168
26500766
27099603
23885649
24769122
24554645
11911720
25703043
28652188
26895846
24047916
23150906
29486947
23837606
23642400
27434743
25049262
26936194
22168590
