1789797
25214013
27146292
11554762
14607845
3612951
17396146
2512391
8246142
18668519
29178493
22905203
11035004
14710354
16943189
16176831
22309674
23847306
14993216
11878930
26725849
12783850
15784962
10480932
19925854
22545132
21813771
15998638
19720122
15494431
12359775
8861944
12724324
19625523
26218069
20616007
17287612
11375353
10856306
14625298
15964311
26255026
12837286
17494993
9486136
17332506
16543231
29636466
15735701
27434097
15521070
19448675
3392662
14563843
16002993
17169600
22174042
23238745
18804898
18708362
24871487
9843380
11156952
19676105
12770554
18951930
12185362
16316721
11050078
17478429
15863364
8383215
23268184
18495870
9545236
20643936
9284967
22328518
21896865
16037271
10187771
8940174
11790767
23295983
27890430
15530151
15289872
26438733
8774349
22493489
16596265
21264285
21949508
16194934
15722200
18714031
24260107
22416133
12925671
11046056
21068073
18950514
10777214
17181554
10851075
27490539
18664287
16622004
16352563
28674180
25429073
18281516
12504085
11429693
1452473
19234156
21702500
18270968
10497238
18234698
12693948
15387376
11904443
25857724
23152563
12384808
19074146
18094730
16269005
11449348
25092802
11978798
17785811
9557704
26602835
11590169
9841871
22271508
16452192
26120485
24270523
20306336
28343630
