29421865
28542623
26033732
25744727
24060870
19205902
17040815
15178484
15039322
14732293
12414438
12173405
11735418
10970795
9781352
9609727
9457866
8765125
7927797
7762426
1331250
1310061
2012095
3123517
3554673
3033110
3007455
2860565
22345574
22096200
21120747
19917753
19462961
17721824
17686452
17038583
16647868
16148150
15977232
15913534
15135182
15020296
12765878
12165535
12054473
11509640
9160690
8943408
7769095
7961724
8077675
8225581
1775854
1658042
2174815
2543462
2849797
2835986
3023380
28630072
24067451
20408986
17497896
15921034
15319861
15308469
14695664
12709592
12399453
11556810
11441096
10678937
10024562
9826354
9822676
9484794
9038317
8993856
8557338
7591157
8039896
8141315
2170442
2157635
2554813
2492970
2545114
2826630
2855421
3120589
2820968
2829710
28167548
28237876
27856731
25638774
20974700
19454707
18310335
17364024
16613500
16024637
15985615
15951179
15805100
15784603
15104210
12871859
12826258
11705913
11170915
10992462
10931831
10482313
9006892
8644900
7493957
7616107
7719758
7540156
8015448
8383703
1469082
1314821
1661314
1659450
1655825
1849162
1649085
2170383
2154454
2167256
2557840
2545706
3199073
3352670
3130790
3086230
3934080
