28142285
19254894
10052107
24476770
27166342
15018429
8263567
24233040
25529743
14620233
26099563
21734311
21660806
26757865
22587716
21361806
27792028
19842457
24905703
20617003
24251753
28931797
20510271
28228102
19663753
18567370
28379877
19744311
18477524
26322795
27527583
17948140
21934167
28601099
21823963
27471879
20842092
25647655
18682340
18149811
14968909
15883559
17707076
27419474
22548426
27428844
18400664
15362146
24824773
19544946
24195623
15795696
15029944
26340854
21910271
15130862
26519020
21660774
24261018
16255320
29315656
19182264
26057418
18832283
18844523
25689560
17152253
27450864
19440906
24892664
11071829
8000812
15546333
1585061
19114382
27552780
20121570
23928820
23758912
21534826
29024562
25459966
24200245
26731109
24670074
20452930
24499161
27206127
26554859
28103207
14718114
24459999
12882424
21338738
28736407
18987094
27029957
27253838
24693717
22370260
8627594
21500059
26057715
16450847
12206442
17879665
15596980
28533833
23409855
27130632
24088048
17967768
21154018
27593500
18682344
26156180
23653371
26194136
15648482
26931760
26125235
18787173
25030107
19508935
14977156
26475773
23768228
25509974
24636701
12853902
20830646
26473446
9388797
19164818
26450545
19592353
19814595
25335679
26786174
27169351
9654801
27007489
26270013
25622480
27858530
19544951
24512364
17361574
24720391
25559252
29643758
10052097
25264668
17243222
15208001
26086237
25418652
16255324
1492211
14785882
27112721
28498009
25162324
23939387
7572969
18086724
21598191
25774868
25766507
25179818
17515007
27078271
15163135
28169567
24931557
19408620
19464078
16450846
25726216
22251768
19842467
25230538
24911975
21617398
4533514
20575618
25156045
25287571
25559067
19029739
25926342
28290744
16896731
27743789
21621467
22171523
18385044
28786940
27124179
27030376
18400673
23140565
21617413
24368615
27245256
27598707
25929358
28662318
27796845
19288849
19528862
17711823
24848103
25611932
20420678
28396306
12010117
28982357
21527073
21590579
27267371
12487138
23939390
9394088
26158769
21393106
23096065
23249470
26536605
18488969
27589270
26054521
19650396
26032016
22548420
20292089
21144268
26787116
27093904
25617574
17425895
20158546
3939916
28601103
22807563
20670924
28363803
23470187
24504361
10480687
18755323
25692311
26786173
11832885
22314203
2091163
22889664
22559092
25890337
18274224
12081362
27338986
23800133
25565084
9973584
21802039
17967767
26744232
21660773
26629729
18436296
15532364
18503726
24040377
28379878
19865826
21186442
27865642
28153211
22387875
24714539
27661351
26156178
27075640
26755741
16867888
19178649
25139499
11570740
9519583
23358235
26251982
23459856
10479888
23232092
23556265
18763188
18334574
26984236
21399531
19661101
18316275
27337560
28103767
26268089
11834106
25230539
28473687
27236478
26305726
27465701
26539770
22505134
27930473
26262702
12721132
24313698
27485724
27576358
22471228
18269744
22764463
17805082
22104977
23768224
24579692
16871817
27385542
22407132
26577868
24020102
18308154
21146636
17286710
18296950
3184919
11086756
20226810
19230765
17326499
15982194
22235547
25152099
24749966
18316289
26182923
28551315
5436537
12222844
25169005
18477525
9749817
14657737
25795962
19948687
29176864
25599378
26196702
20806442
10762101
29336422
23254544
27093369
28685426
16230980
12822714
18019768
19164821
28085641
22416508
23359296
24964250
17368650
14672392
26551912
18316279
27586376
14992296
25881147
24402452
25168990
22370262
17967758
26333770
27515322
19858751
18539853
10650735
23698079
24215276
19066233
15139164
19117259
27031610
24332838
24165861
12701652
17319328
23146772
17631036
12882430
14326705
18056296
24359179
15532365
24010495
24745643
18794249
27283096
21323460
12200093
28923052
19745048
21965594
25795967
21942923
22428413
16122127
27669095
25692817
17999173
18677880
12423199
22040587
25844854
19814831
20452932
28678203
18820345
27296086
25632948
24411763
24911417
19531462
20500008
23006981
28140625
28120145
24366820
24767956
7593999
18449835
21879935
12171769
26340374
8731300
23254548
14672389
24514018
22805150
23679290
17572976
28511642
27930450
17156836
22150647
26519021
9638773
19782175
21823955
16314380
23140537
19053938
19589851
24585463
19254893
22276571
25117557
21482700
25611315
18454227
23948539
25894636
23221289
15533084
25734784
19254892
23890354
17953497
28619103
26610301
24364375
26281958
22248016
26625780
18212717
14979864
25937506
22201694
25225076
25238289
15565926
23809000
22465870
23927502
19057402
21083769
27662178
22158257
24313696
