24139498
23177515
29649671
29599538
29328496
29221617
29194691
28991465
28976257
28913167
28825968
28792285
28783680
28691898
28628028
28607431
28465278
28426655
28334365
28295226
28213493
28083602
27987733
27956531
27939178
27936603
27908597
27518460
27588259
27569705
27533467
27516437
27499916
27496389
27367816
27336308
27244800
27232336
27177245
27101882
27079477
27001047
26899504
26874885
26850624
26780865
26732642
26692404
26659340
26650744
26623534
26616405
26582297
26367563
26335453
26235987
26193856
26187774
26028181
25884340
25805159
25785849
25785657
25785446
25784958
25699455
25589097
25337691
25333182
25332107
25331944
25190052
25158889
25134484
24957224
24941789
24880639
24854996
24819806
24780490
24760453
24737415
24706148
24677618
24628148
24628147
24505686
24454857
24217912
24214880
24062488
24023020
24007136
23888231
23887430
23884324
23844040
23792435
23774757
23773562
23773153
23754948
23674504
23652821
23639870
23576565
24900683
23515936
23455182
23401034
23373515
23303327
23286095
25709820
23201637
23103117
23093257
23093227
23090926
23067142
23061850
22843981
22821851
22679676
22670213
22517063
22503009
22492669
22468714
22460386
22428550
22381385
22381022
22362256
22359740
22330579
22327741
22295919
22282479
22265576
22256289
22176854
22160911
22143968
22118966
22095772
22017534
21956649
21910859
21813362
21776083
21712212
21666020
21648285
21622139
21538348
21526656
21519258
21381100
21378183
21345000
23440027
21168577
21150716
21099199
21096622
21041150
20977934
20970938
20922406
20883841
20819384
20808006
20802478
20698410
20614027
20519281
20512480
20470935
20133724
20131396
20092111
19955244
19816191
19806211
19800049
19799109
19765943
19714754
19706776
19696164
19695584
19692008
19615092
19542517
19365856
19332442
19307587
19231152
19095328
19036906
19026973
18802057
18723787
18715828
18661460
18623114
18580062
18566788
18566787
18550090
18447658
18371930
18367431
18268394
18204346
18097045
18072859
18060756
17944938
17605597
17570960
17484877
19305734
17391132
17289655
17135138
17070301
16949832
16902887
16865643
16844780
16739411
16598552
16565489
16564375
16446382
16408059
16338458
16321650
16319830
16319825
16187743
16060643
16042816
16025285
15838753
15799532
15747195
19494965
15618507
15539766
15536898
15534725
15379419
15372129
15328619
15247172
15225723
15224363
15214468
15146245
15116054
14995692
14992914
14979835
14764800
14734643
14650949
14579267
12792383
12771803
12692021
12637655
12635470
12589435
12493352
12483450
12450540
12209649
12065557
11894662
11826823
11805073
11739611
11717135
11595219
11193951
11176436
11150533
10836601
10641592
10546928
10527498
10525958
10510154
10458433
10458421
10458392
10392819
10367903
9821144
9719296
9682475
9671882
9636503
9581019
9366371
9177467
16535545
8993430
9569846
8752164
8723426
8576554
8677517
7660065
7609203
19859339
7751006
7576955
7973531
8091166
7960318
8036804
8126833
8122060
7921793
8230524
8398850
8277228
8242277
7690182
8399789
8388446
8166770
8302620
1283385
10001186
1386950
1893513
1784615
2208087
2373015
2359158
2370993
2283339
2802644
2639753
2900244
3381367
3138072
3674226
3817025
3755469
3811082
3792041
2433528
4054315
4032584
2992931
2983289
6480776
6747971
6854746
6646884
7051707
7025417
7253086
7217928
7444536
7419976
27755904
7353847
6936962
17832986
29482
102097
660768
417444
700524
909798
588682
975563
9431
1052545
242241
1104485
1183539
4606791
4209225
4611374
4587607
4593313
4579465
4353386
4647693
4116327
4554900
4550701
5476719
5436082
4987540
4941181
4241060
5791116
5784222
5778901
5683463
5672845
5690723
4292705
5897418
17783254
5856881
13865883
13687937
13103499
14862904
29656386
29351342
28125297
29567632
29521624
29508130
29480574
29386365
29362490
29330575
29276234
29240642
29175231
29119015
29059806
28976570
28961581
28921689
28850565
28798959
28736207
28673542
28613871
28487411
28445233
28443619
28382109
28346596
28295932
28214695
28110487
28078050
28035259
28010966
27936387
27898987
27868035
27853204
27821222
27677752
27579418
27559182
27440273
27339640
27285308
27274357
27167336
27098939
27033260
26959643
26944150
26908769
26897325
26848633
26815905
26774991
26774236
26762173
26742654
26654481
26607683
26576732
26526315
26399744
26359290
26348189
26330436
26301766
26187741
26013593
25912840
25845704
25832069
25775172
25772695
25715684
25673475
25611336
25599930
25599405
25570259
