28940300
21791348
15364243
12381916
9070490
9122982
7744620
8275751
8409665
2109195
2646051
3238447
3296360
3510533
6385316
6469112
6680716
6782876
7384061
216323
907534
1129703
1112713
4437823
4421695
4422801
4764698
4355390
4703474
4692113
4781197
4566806
5512578
5512576
5469080
5477993
5685311
5921616
4158825
14297669
14163735
14146522
13662523
13516056
13248578
28815470
28467929
19526313
16625334
12796596
9193835
9122965
7878781
1415200
1586691
1926473
2652575
2652473
2652422
3047434
3171827
3291231
3547802
3547820
3079066
6744732
6873754
7040812
776014
1165066
1178460
1140698
1199426
4843177
4377582
4722514
5086633
4107591
5096306
4938231
5316501
4937935
4994500
4941308
5413441
5441905
4994255
5368937
5671299
14067223
14048017
14057850
14476775
13773392
13201798
28673338
28445529
28359068
24646925
20511416
15848493
12168931
11988819
11846446
10909513
10083505
10083317
9697666
9123423
8667617
8625055
8442044
8438419
1994523
1989204
2086553
2086552
2592884
2643127
3409527
3165973
3282731
2446084
3030201
3274408
3079056
3641623
3514534
2999455
4071384
3923669
3892935
7179061
6455829
7469175
7015041
7362442
7459922
377674
602239
879872
63167
4409904
4367773
4839419
4546237
4846044
4359031
4447852
4753844
4570920
5078867
4205704
5068901
5050683
5033362
5097969
5157982
5158316
5504362
14191139
13951764
13903487
23203993
23178076
20388951
20121734
19666910
15808640
15293297
10909556
10379327
10365785
10215326
9524513
9310043
8686472
7661277
8403718
8497877
8438420
1308792
1662232
2039025
2360251
2652679
3279580
3584228
3547840
3274391
3492631
3518559
3515653
3904550
4075071
6202695
6835334
6366450
6997622
375876
107745
911065
409192
843122
1205401
1229644
4609192
4279633
4841248
4619662
4775983
4714955
4615722
4562761
5037886
5140794
4937933
5093386
5512574
4247488
5477989
5299106
4166892
5986531
5831901
14288219
14079742
13936425
13892645
13248575
13218548
13140920
21645254
23944211
