12176335
9569032
10469661
18809386
28251751
11564865
12458202
9077453
21475929
2135406
29649076
9242374
14768707
11592977
7338340
10817999
14726532
15350859
10828057
11566890
18533948
10490631
2862100
29225131
15792850
17853974
9597000
24644509
6121745
23150797
1458533
6838799
10473116
25870059
10390352
22315482
20097516
17296573
28182625
11257518
26149992
1665164
11585931
11341250
10849440
24043960
23595095
9133630
15527982
2620948
10751405
27133890
11686293
12582245
25823644
20207345
9695952
20846469
19726498
11856754
19111878
10744699
12914808
12192054
8774887
27465879
28017761
8710880
27137269
10896937
10469660
7799963
9488487
3429990
14639599
28221977
10921889
9311796
15531351
10448067
1247990
27082154
12840001
92221
1614867
3314703
28117606
11438666
3543122
26339487
8959335
24625459
11567023
27216057
19358706
25178954
10049649
25867913
12375728
19352478
8392601
8980233
8247010
3054514
8133655
24878923
1730721
26642079
15315821
8483503
26149983
15210372
12600405
29368537
28131805
10721692
2805068
29481486
26503655
24305947
15113842
12217962
11473260
16195249
25280968
17318177
11419614
2205398
20607552
29049672
22781137
17148695
11972332
9852120
8276241
22187657
2909294
12828809
15239126
10894955
7926793
1726641
24983498
23691099
16354862
18439568
11457828
22441827
27383260
20800572
10362532
4087795
28898237
29528852
29338458
28076335
9926939
10716982
29158666
24727413
10438527
11419607
17142970
27868405
27208653
16809291
15632079
10961437
23478722
7262819
28403027
2050116
1278714
16388607
7753797
22463057
8647434
7600579
8436290
15601843
7715707
10818000
20184663
12917472
11316804
16797487
7677715
28971607
20803168
8754830
8870497
28121099
16088961
10669741
16271277
9844638
9674426
28965428
24699134
23728942
10648598
18423569
8013460
6189953
365782
28282300
18390847
23207969
10457904
11657798
11687654
11106053
26892863
14328094
28303753
8735271
3800314
5814399
5949360
20124670
17893824
11570813
21911363
11278372
8670810
29255206
15770504
29228606
25896880
22614695
12601814
6534450
16378981
10348496
12511607
11032412
1587864
29433097
22771849
19352430
11940675
23991015
5751346
17179179
24961488
8389001
2292664
28470572
19244474
12093743
8390763
1763059
4379221
29627709
29334548
17360516
11962761
11520009
24579826
9072170
10606739
15670842
22796192
3398244
25011638
5463403
17375202
8961272
8058785
27434912
9699517
27384989
22094056
17442937
28368028
27465645
23887366
10783167
1702762
28460547
27492380
28410249
15272087
27601879
23292512
11912857
22980969
29675274
29203645
28885375
17278471
8352256
27907972
17395381
10642510
8980232
28597269
9426626
7664336
25006167
23811445
14157728
26179216
20814090
9680324
1874554
29497276
21337734
1309244
21232914
8262073
6762338
27666558
18096310
12771944
10891494
10788514
7923382
2430862
178610
27589032
27046876
16272126
28808769
1508220
29156043
21940793
20083121
12138208
8661448
7966304
28581645
28558493
11978794
489164
24371793
15136563
10864329
9528796
8942982
7667268
857419
15719058
21690229
20421096
17274277
23807155
16493492
9154827
25391347
22986990
12915194
7824954
8083216
14157726
12803854
28121666
28905173
25987127
12759364
11564872
17397863
22990585
17295104
8775225
2409405
7107726
29278542
28363735
11436350
11211059
8637672
7721897
8340360
24155097
18645461
29235675
14675767
6180121
23861948
10228106
25213118
1547496
29055020
8035481
29485702
17034827
11561287
2469316
29364579
19913479
10692576
8990165
7680771
24872136
22016827
17673167
12773572
11109058
10957823
6194529
6308952
24974530
15530431
12204842
11962762
11158301
9342188
8882337
8178153
1907890
6150127
16205117
6601138
11279037
17583882
12615323
12370832
10521393
2483305
27753684
27076443
25911129
25612068
8263357
26216969
27593982
11464299
11419608
15129419
12970632
12095692
11809839
11802163
8486711
25844042
12639739
10733580
15377274
14992726
11895143
9203586
26688671
22402984
8657519
29085151
11134347
10487572
8224849
2118104
10402752
27741146
23339636
11707490
28870666
27826041
27171740
11278496
2249658
9933634
1372244
2448191
2151288
11172716
8116246
26713268
28977641
14698435
27797606
26618010
26540318
28346687
28275052
26100014
23762536
20026583
11250901
29472149
24301956
24107417
9560010
1706683
27742226
9488486
28841365
28465327
26658300
23517456
11909976
10866663
15582683
9603525
8340836
19136164
2475453
3499611
2422803
1091213
19654947
19083100
