17299605
23761914
15803931
11569905
17937765
24496150
23271506
23704316
15252268
15595263
17222119
25591678
24505016
9345422
21707826
21131007
17351724
27798157
19065419
17488588
25199689
11870700
19762907
23014771
20925435
22218475
17061999
23677167
19089458
21300379
22527536
26367088
27066798
24507533
18176362
12203391
24136456
20038762
17920546
26652882
15623671
21180633
21448376
27379567
21180632
25083238
25404234
25518388
28471902
24507536
18325300
28011145
27928949
19145401
23521577
26041804
19383611
9352601
23777090
28857723
23684423
27885065
26477020
18325301
24555176
20842585
22390563
24574228
29305608
20182570
14610911
23549434
25380949
24272588
23539050
20457964
28080220
26164648
29049232
26819962
