29178241
29142765
28881155
28708958
28205584
27894106
27659713
27617154
27537837
27518917
27283463
27164088
25936953
25925349
25920571
27617112
25714563
25550477
25489013
25309804
24991439
24890784
24799641
24574081
24045441
23433655
22407726
22353363
22197967
21977908
21933724
21617932
21359847
28163818
20082457
20034079
19606476
17667731
17493030
17458866
17304548
17082801
17036338
16982806
16949791
16850239
16617245
16365218
16167093
28529438
15054853
14993551
12920063
11806751
11745993
11246711
10797420
10385485
10349467
9843050
9784831
9650763
9420611
9140304
8641700
8845846
8669451
27594721
8634784
7604853
8160752
1444626
1519641
2035500
1997214
28529437
2330926
2309779
27570368
25505362
2253248
2747454
3239566
3060303
3177441
2892013
3688020
3442297
3308963
27818571
2941454
6588752
6134086
28319006
29459141
28935525
28910559
28371242
28264500
28111641
27941670
27880953
27868200
27854358
27576003
27570781
27340734
27288824
27212379
27043532
26615966
26592417
26590516
26307132
26282954
25908323
25871641
25847417
25803107
25736874
27617114
25710722
25631154
25569765
25452877
24639086
24188901
24093599
23928912
23747354
22934170
22375556
22345992
22241551
22127048
22024642
21951529
21596366
19760168
19750516
19360674
18203204
27982138
17666893
17236194
17074594
16861608
16038620
15805158
15754036
12510981
12476462
12375132
11918322
11311003
11132665
11004035
10440595
10419623
10050962
9853579
9831112
28163338
9450849
9295087
9215770
9184540
8911606
8630976
8779316
7784586
7599869
7886528
8281516
8499903
8424017
1584261
1594348
27642230
1728952
1682673
2018070
1849352
27695162
2667351
2741944
2471022
3382264
3235262
2895492
3329638
2887277
3115102
3565471
3030921
3740107
2864545
3925559
6600763
7326995
739357
4749991
29273483
28984907
28690488
28506987
28474384
28387067
28344932
27941249
27063557
26725997
26062517
26037295
25813542
25705109
25655461
25625043
25515167
25400949
25282196
25007299
24860866
24778887
24464909
24361013
23696513
25339993
23241593
22903930
22745038
22499347
22294875
22043168
21954722
21418060
21402637
21358539
21208432
22127900
19844787
19420922
19048015
18698613
28163819
18241068
18160232
18156436
17304546
17103434
17062796
17036336
16648374
16470700
16316427
27570437
15691361
14994236
12414832
11897825
11897819
11807893
11081977
10899805
10797437
10711694
10694646
10649803
10457856
10030443
9689926
9641458
9508065
9295086
9237500
8616786
8746743
7677159
7912645
8291512
8256807
1735112
1756472
1896298
2064580
1860251
28163374
2025521
1976245
2298460
2812027
27695159
2729276
3239565
3165229
3360450
28163373
3344766
3278612
3688022
2961259
2821079
3605198
3591834
3549067
3019787
2945573
3740246
4028497
3993685
6713710
6139847
6961772
28529395
20292642
29437285
29271568
29122893
29032150
28682308
28556449
27913637
27214028
26814702
26462458
26431633
26341055
25782098
25710922
25691409
25689425
25574603
25353723
25213056
24966714
23992649
23032145
22962573
22908708
22297598
22296720
22262618
22143351
22043163
21954732
21874367
21527850
21465655
21462849
21410987
20440296
19629052
19133690
18982398
18294067
18266248
18203195
18162838
18000912
17036318
16831047
16231029
15940679
15679194
15607424
15506676
15465483
12752574
12749057
12523470
11489053
11258349
11074497
27570435
10711647
10636995
10235494
9973278
9842990
9723031
9666803
9018426
9017532
9240752
8863172
8737993
8536238
7573154
7850706
7889649
7802048
7942993
8411072
8275570
8500096
8481611
8420015
7607348
1390532
1616356
25505363
2088648
2248293
25505361
25505360
2745768
2505618
3239567
3055990
28184102
3425635
2889523
3666681
3812595
3546393
2878715
2433207
3953677
6864902
6829610
7160103
7151315
7266577
7266565
6269006
7453843
440475
26842920
23529063
23543664
18697869
