25046806
24725582
24554564
23268664
22641761
22241899
20816146
20472937
19651577
27344218
25979614
25923552
25536254
24019415
23329565
23324523
22424952
22007016
20472939
19336372
28779882
27117196
24732104
23992673
23080477
22412036
21798559
29032195
28601585
26387012
25554820
25425651
24817067
22773292
21840538
21415836
21376161
21187312
21149431
21146184
18971491
29644212
29636126
29633910
29589001
29588477
29557907
29514846
29463641
29463439
29457965
29441113
29430361
29414535
29404521
29385906
29379230
29374192
29373198
29319045
29311597
29302514
29293330
29288786
29285448
29284840
29263661
29263542
29263538
29256552
29238895
29236317
29234206
29210563
29200699
29199869
29199684
29199674
29189443
29079818
29072058
29060741
29059879
29054201
29043814
29033684
28988605
28984250
28979020
28967097
28958006
28893790
28881095
28880260
28867178
28832098
28810801
28791511
28786650
28769581
28747920
28657548
28623457
28617579
28610623
28584769
28584365
28581067
28579374
28534118
28530705
28511440
28503738
28458416
28445751
28441477
28417900
28412398
28402675
28398698
28375582
28367561
28351893
28347969
28331876
28325911
28250554
28242748
28234743
28231351
28217523
28215521
28210216
28197565
28195115
28179148
28140599
28104965
28099860
28094497
28073832
28066986
28050461
28026131
28003106
28002473
27984706
27976659
27942918
27936469
27909642
27903274
27886713
27874973
27870870
27863941
27812258
27801468
27796568
27260630
27776752
27751593
27730056
27730055
27700038
27696244
27670133
27623542
27608432
27603232
27586489
27586478
27575198
27568056
27566838
27565399
27546973
27546972
27530608
27520898
27513642
27512830
27512212
27498633
27498416
27497060
27495935
27489776
27482835
27478569
27465781
27455401
27455303
27451780
27447502
27432041
27429518
27423510
27414521
27400875
27375381
29201741
27321470
27294066
27293255
27267779
27257328
27241505
27219524
27212769
27166666
27136630
27129687
27100059
27061474
27057060
27014316
27012701
27008451
26997729
26990909
26990833
26990514
26979055
26973960
26967412
26966334
26961860
26960700
26957396
26955163
26955109
26904452
26898848
26894675
26879929
26875862
26867767
26856020
26818666
26817394
26796669
26784992
26774248
26757814
26753154
26750674
26729543
28330188
26720809
26716643
26683615
26646182
26642107
26640636
26631828
26630656
26605667
26597322
26577222
26576045
26567120
26564158
26548028
26541327
26500934
26484136
26484095
26476665
26464572
26443820
26442642
26442008
26425114
26385834
26380149
26364464
26361216
26357076
26319162
26303815
26288461
26283839
26267191
26243719
26232558
26196058
26186058
26169381
26165296
26159658
26154024
26125501
26120181
26118612
26103258
26080344
26022794
26022315
26009712
25989234
25984603
25949068
25948003
25933309
25917965
25915511
25900082
25890327
25867761
25863315
25861527
25856940
25848168
25821735
25818979
25814752
25809888
25807199
25803154
25769954
25748059
25743801
25730135
25724204
25722606
25721046
25701579
25699435
25693452
25668936
25668932
25666924
25611430
25593882
25593812
25578295
25568599
25565176
28324553
28324551
25538379
25529734
25480735
25474510
25445733
25436851
25393263
25360242
25346943
25325934
25284865
25280852
25234352
25201864
25198527
25185831
25165117
25129016
25128841
25126652
25122254
25117148
25112369
25101698
25097339
25097293
25097122
25077607
25060385
25049864
25038863
25031152
25028869
25018878
24991411
24988542
24986302
24981105
24968285
24957278
24953596
24944916
24926166
24908552
24901452
24897082
24876196
24853947
24847605
24843339
24838392
24817525
24814679
24788479
24757496
24757072
24748525
24741198
24738551
24702352
24665236
24653597
24650219
24632706
24620581
24617814
24617158
24591804
24571752
24551698
24509408
24481128
24477841
24444841
24442666
24434313
24427621
24427618
24416927
24413515
24413514
24409404
24402147
29185659
24378638
24376055
24371060
24370654
24366663
24335293
24288956
24223850
24222296
24220174
24218460
24171708
24153156
24144281
24121022
24101577
24096453
24096339
24092656
24089737
24086877
24074959
24053723
24038836
24030715
24007056
23986325
23984184
23961474
23918533
23899243
23896791
23886482
23874548
23859694
23858253
23843646
23829075
23815350
23798815
23780642
23764752
23758736
23746794
23726546
27625848
23711388
23705027
25167434
23675649
23671565
23661942
23661919
23641382
23628739
23619397
23613334
23607796
23595540
23595346
23565454
23565452
23533908
23521605
23508423
23507282
23450528
23448669
25755466
23415614
23399878
23392200
23382183
23360042
23355271
