4004288
10851443
7712595
6370420
1868387
3895203
7158486
7542166
3910341
10925541
343622
10523794
12379912
26013052
29153616
1259539
22580150
230437
6367967
12810682
1595033
6258788
5050875
11827195
4510283
3791184
6170545
194864
21837685
24795021
1936290
16707464
18486463
7663576
224066
8339177
1567122
101565
10629713
6584944
12756419
28209383
25017276
994670
15300447
11129991
6251508
10528795
4088223
6185615
16938860
19374249
24300346
27451434
1025472
18281925
3847288
6724565
1130323
23334333
7248944
3519454
11136998
1643468
16150331
9408971
1287229
1087347
7549281
8546581
28535011
15860919
2697471
7105570
10575517
193060
23913165
11727709
3137880
1340903
18359369
8528746
6876032
9049988
10069601
11900987
11605033
8265883
18550889
9224970
9654929
10749143
6978966
19329882
20213411
17343168
6234059
8604842
22053560
8362978
11387198
9179193
2679393
9125691
629240
28515346
3700461
15932836
412074
11059766
7818932
11422812
3308471
17174512
8568363
21838721
7647900
15358583
7923109
3733858
6267343
3731028
1810422
9548322
21255188
29138369
28434891
17900753
362539
17671170
15991844
15642431
23166110
19887513
18429498
19606709
19637749
7616275
17175498
22686432
25711959
10651347
11265264
9034214
25028298
23410636
3400469
2687501
7093076
6230462
3499859
24975583
22791949
3132343
27260771
19501987
10815374
1157045
11905652
6246011
8030748
20127033
7519925
14687712
18219192
16959608
2672318
10587033
5398766
1605667
178428
3524888
20227654
4666479
22100023
9424727
26871768
3873441
10675540
14189546
23140772
9262060
10935217
1908063
22653896
22351657
19806499
146209
25771517
728904
9155133
20175252
19442365
24715191
8104588
1559623
28422711
21626078
397163
9294298
18247094
2446097
6168367
9461339
17476342
21557634
27941879
24375435
25731780
14674233
28550278
17498748
16681789
312968
8327106
25668817
9554522
23874020
9017968
18939415
11165620
22627072
14599882
26686092
17264525
213226
18608120
128667
909112
20448433
9097975
16124074
7284974
760260
1645421
16634969
21219185
3713376
3920323
20048561
13697526
7926070
20446613
11801676
10803622
14534734
205963
3257911
11780579
3549738
29414809
20229354
24333670
27655682
20856204
26184164
6932529
10350253
18508504
20454519
3539313
17610478
26770016
9558106
9823334
4679126
6378100
10541050
6639873
18095143
179223
2185882
12872134
6543688
7776690
8945987
12874676
18023622
16633062
2404668
19745595
10337718
22322363
9719944
1890977
19705248
26299661
19622767
17726739
24690893
1255884
9689812
25748807
1914279
21093147
18203526
615743
19775621
24788556
27605873
21276007
2926196
6683639
6236752
240367
354215
26995973
3910404
25556285
11868622
3739035
832262
20567143
17430264
2120372
24922688
15153447
10872674
164699
717538
7271432
21327697
7517897
3291772
27705918
24832160
25070012
1249521
19440007
7390722
9077722
21825889
7196610
8646708
7248699
20935674
22708257
6233004
10435134
12974782
14983139
11980095
7763040
10587010
8910044
23037152
16847633
9413040
27835865
1088581
14397385
15482326
1644435
26707854
9730252
11201639
1479114
10327052
21756064
10390970
8210872
570753
8196560
22001540
18536308
2731972
758686
7504957
18394427
26470858
27744144
12564820
19367460
27446967
2606928
8650859
1669619
22471279
11878512
17005471
17927520
3902198
14707241
560124
24155223
2335617
27846714
3791198
4088221
11393081
17439591
12630007
17712533
23196000
18995208
16479989
3661338
2373565
15218048
7012813
8948042
10880764
3975440
25663030
17476343
10532277
25496269
27260469
12434133
1860616
6979107
3066300
12650434
8664048
3341787
26786169
26524593
19865566
23933255
15344567
3501807
916045
12491080
21793333
9483965
7615988
20030618
24996717
765038
10192746
17234481
25278150
18958385
22455876
16334134
3172585
9832062
22512226
10090831
15300569
9628967
9038053
11472561
28602976
25487607
19194351
11147413
8297138
12842543
27372864
17069593
9891729
9404215
7834555
20039870
1301767
29374695
19853145
906525
25752891
8038497
21862519
3353730
20363769
404387
10357085
75001
12899539
909113
26558362
2875241
1458504
17163404
3816898
12644828
7565583
7268785
9510311
18776941
24362353
12378341
24012661
27329594
8675151
28068557
20731838
8032225
1876187
20977678
10471754
22080051
19967776
18228180
220202
1580649
7743467
24047526
11013379
12154013
16104052
