16398057
10473347
22805911
18600576
24698266
19559597
1332464
26362469
9758334
17215385
18193639
9430621
8899414
9295919
12585694
29131938
16382099
23616544
15713260
19106618
17139998
16759698
8403267
19162562
10926168
23638877
23351056
16442617
19767875
9758327
11406197
9882694
7957069
15201335
12832834
11754164
10967696
1322035
12659776
15555914
14667443
11890456
1376244
12900400
15137064
17676593
7869261
10332505
1330365
9006976
15974966
8388125
12383237
14994334
7589444
18064411
9049537
9772394
14973233
2856471
8798706
10414297
11110806
2544478
8107966
12545855
2157442
1330037
1660238
2177019
14975692
9307247
18818244
9237252
7814415
15000528
22519598
11560937
20547676
1321501
9144648
2549550
12676347
8869233
15000527
1379552
14657414
15024042
7847678
8192686
8566432
9890976
17618603
12161429
8665843
9781536
25469806
19634509
9466394
8562808
17629941
1312035
15000518
8081732
2558001
7505682
9168028
12896973
11423396
2162139
17170042
16928863
11435619
16764088
10092621
2465612
1330367
17364322
10682719
17028172
9759358
1721110
8631746
8558236
8923961
7979255
16787562
21788606
18002224
8929530
10197534
9137574
17056155
9788351
16699084
20149556
17588550
10461216
15262335
1318957
18855741
10720931
12534324
1654937
8882865
7969809
11310971
8552787
26100638
9916149
10212477
9749807
18434528
7773772
2469159
15450357
12065663
8770213
9174087
2470264
8405367
16564089
10619456
16597409
24285081
24418610
9585150
8386525
20618837
22100703
1283137
1385258
10405992
8923419
14602720
11110822
12453461
17081980
7598723
2463885
1654934
10218118
16736476
16627564
10202197
9758336
1667398
8761275
18708747
26729757
19309584
7804747
7983784
26546674
22694290
9015346
1384738
2560646
8099908
8927361
7666364
12850215
15000526
7530159
8081860
11427620
20626154
15381693
20091047
23545747
8099251
23376566
11042266
9254840
9491994
16180360
1655455
2162247
11344116
8109897
25068680
9759359
18628210
24749517
19237678
2168333
21964928
12585697
8070639
10200205
17051729
10196582
1654000
10428816
12850214
1316936
25820299
10414289
9310424
11880534
15111129
8392754
2551635
17200457
9278387
2559011
10825504
18326584
12163346
17652770
8389872
11672835
7582469
15514988
2173959
1716316
14976402
8062423
12821675
9758332
15000522
10100324
14674701
8300859
7945334
9788340
8387860
11162535
26429067
12971895
20392259
25378475
15000524
7891097
7542901
9495342
1849233
7862875
9137571
8395150
9163314
18776052
24161125
20392261
19885716
12417318
7898748
9137545
2162821
1713679
12815185
21814855
1312034
9888519
9593683
9027768
7739683
1338047
7869089
1326702
12646387
16332266
16973824
15550786
2538565
18982062
1964651
12920136
10864946
7534346
2849060
1964725
10854695
9772231
8930829
25118673
16467839
20579869
10501220
9739454
8120832
10760368
18602451
17512586
19035348
7519082
7544301
8242354
22683682
11901234
19818386
10076032
21901816
25966693
11986366
1283940
18575938
8381753
8075321
1962736
15977839
9092587
20820758
9687583
15238253
9199780
7910929
1322845
17217060
14634047
8569071
15323585
15951378
25821308
2551634
15000525
10422892
12231465
2856472
10991020
23270282
19422811
9119064
1336377
9060410
25372600
15083268
9174102
2176745
23567899
18849656
7713519
10777721
9593738
9137598
8380861
23518035
7528137
12534975
18250430
18781996
2175461
19047745
1282815
9888524
16912040
26386135
8944637
26920687
10993677
10675285
20144588
10964945
1654231
9312099
12457621
8386369
18437631
7932200
14645450
21870228
10762351
16807126
21281707
15030533
1380805
19407963
11212313
11988740
7512636
15673925
26206197
9539432
8394568
12045730
15578964
25966689
20435886
12479227
23436820
24025406
9872606
23602525
9389106
16901502
8074638
15541886
16767668
22546867
7685340
14715960
26584289
7804605
15245474
7931310
2483590
11179022
7799800
15269657
8089136
1716787
9831716
7641228
9232601
1715921
10652963
19211869
1334647
8381750
9612220
10200420
16740636
10336541
9295234
19752110
10768302
7678999
20568961
7616242
8787244
10323301
19815411
11152716
24737241
9292969
12606548
8125957
10425648
1320211
15924245
16096350
8088498
10407181
2173026
9020033
2158066
22813738
8636067
27377724
8309586
9649530
8957009
9627477
2851746
1650404
10074270
9835646
11223467
2561307
10892286
9614499
24680380
7615531
21740292
8119979
1701979
8149220
2854162
1333873
26054929
