15635960
12547616
24757807
6399724
4944320
16908639
27408340
17686530
6385807
14344772
4615396
26100608
1104425
7041409
4608372
20022123
4553994
12755907
17643944
11170846
19028865
384652
6347759
25743486
4187483
22192910
25730051
19717785
6368117
22120078
22226751
15474721
26212139
1107953
11585098
28017433
6135633
7889728
27098998
24955792
26254309
9784559
22669578
26490738
4590569
6346971
4984618
25101851
26053838
337428
22277078
27581561
25937483
24606984
27706556
19134079
25853619
27157636
15797484
24757806
25090447
4110608
7982723
18762221
17870185
9821314
27221777
23562783
17324926
14577374
16113267
1452337
27424033
19652476
19381487
17855256
9100329
4137308
23078905
23845812
10217602
9586789
24136204
27496728
4105418
7008466
23375979
25081388
16684145
23840434
26800875
2878847
29166952
2655265
22083704
23979888
371506
21813665
10659357
14592734
28504575
8920700
23084626
11776397
23801763
359062
27832756
23840478
11568519
26970430
19409975
1106063
20650342
21948611
28218810
6347758
773820
1467371
769429
19467927
8395746
2496013
6347760
4611919
20453086
20031343
20816244
28911838
9360256
21626436
21769474
28396664
3057757
29287679
25049839
25049931
7040250
27822369
18959035
12224264
19347600
29027951
26850554
29211052
16209899
22075024
25400447
25236424
24962749
