8191988
23907150
17690509
23199579
7600280
23588154
7954344
8211676
9442977
12365222
21881484
21925705
1365682
20078969
28423522
23778408
28590017
9385925
9522825
7483593
17642161
21683981
19332930
12786889
22416383
25343550
17690514
28602450
16169726
11668250
27072386
10905514
8231402
8635082
19072459
20232453
12110641
16848850
21811256
15574760
8942552
23887254
19107615
9505265
23327061
9828838
9544955
22538040
17206728
23738706
8757271
27050973
10192865
20236691
20088233
19896695
10469390
9155799
7717215
9127689
18219094
19782135
24070852
7878398
8598624
14709936
18928525
23465281
9587361
16887475
9269821
9225400
9167488
17420979
19662489
8765465
27212694
16131446
8109501
24997789
15363314
10923461
12560691
16807982
9880894
25400793
17512128
10498502
21935866
12792731
27015895
10898298
22314475
17593048
14528072
7749158
26353381
11194083
10774450
25739183
19922614
7604373
10605693
8996078
16950696
20846267
18085361
25227232
20060154
10498501
9068547
8635049
9609171
15375712
23754101
25502729
14499015
17134973
24637020
18477671
12831931
15084983
8004607
16521205
22393083
24500324
21317705
24133592
8305689
21606313
10327763
27197512
7882273
8531289
8090601
16277880
10539918
8888235
19566361
14550706
18458687
10550007
16681686
27116366
19790246
9494489
21224710
12736568
11521228
15656336
18573787
12717266
7723550
8951484
16378198
11114858
12478484
18788632
18611928
18809062
9365176
14987139
19072460
19489232
26481274
22766990
9721348
19915523
25202804
27784140
25206298
20236684
18498127
12905618
10622511
9386062
25374127
7851858
11953822
23523041
21076596
21521552
14550709
10526005
15756255
12821308
9757292
22503535
28618949
17600608
11790987
18505086
9504685
23866765
10470463
10718208
18645314
14531197
7666587
14550708
8942266
17291532
17153462
20587919
12412299
8635853
8845314
22762532
25121413
19112210
28462850
9928552
8912841
9494490
8884352
24011572
10888748
16951768
9125078
24888777
22534285
10394511
14550707
9370071
24734318
9308272
8635094
17350670
25400790
8787056
23008236
23518640
24897776
16256910
8782629
8751766
27492008
29072365
8904161
8782630
23815268
17290405
10320383
22932738
12185332
24931343
20182344
8072485
15551732
28207532
8929129
22515290
22228049
23192514
20073613
20929309
17003643
19224162
20435280
22171775
19108022
16615151
18362854
25337277
23347178
14692838
15482568
10550009
17119686
23870857
15696127
19082617
16998251
27237099
8082076
19293058
22495125
20565809
8924674
23535842
22321555
7735745
23752581
24901166
19047897
9052422
21326853
22726069
17378244
9771444
28423709
20601817
9709292
9552039
17927880
17883162
23763700
21314937
22801148
19366053
17516241
9205235
17500175
8782627
21956373
12795854
9463593
19568168
16931017
8270430
12109782
23664819
8698323
22356716
11114860
9137153
9197860
11906447
9591039
20828724
24989112
27494965
10849092
12370658
20843442
8551054
27173185
16896678
8806958
12488758
11044038
28099603
23172554
11345107
14506669
11219775
19727033
16083250
10498500
21584795
21119286
18227734
9071892
16999196
20191218
21289526
23161710
21733550
9349323
11942573
23161115
7868769
18045769
11337273
24373193
8622213
18822697
8923858
20565965
7480747
14707723
18041310
10969774
8035436
7882281
21966777
12548165
15154643
24177758
20953227
24621330
10941333
20956819
25831047
8782628
8622212
17064501
17877955
21312071
26179530
23835924
7520018
26358820
23350456
7913368
12533945
11493424
19344495
16774181
20069058
17148928
9351550
23769438
12924421
23712765
29066477
28008158
9182287
20335365
10943269
9730040
22940831
12670886
11396223
7611175
8111711
9412283
9167690
23729369
8691559
9236888
21287281
12521366
11487275
11082681
17240307
19155284
17069663
16179626
9713355
15452908
14689049
11678804
19064970
11499841
22705004
22139802
9491142
17163404
17062679
12828606
11685964
10607986
11345835
11429227
17996643
24022309
25441933
10881735
19825003
20650763
25296018
19393076
9450579
21954546
25456102
24275214
8839548
20388391
7697603
8532397
10459309
18637630
27861897
27517320
23688789
24761899
9798764
19292042
20388779
7640035
16890006
28223108
22877570
25249211
18497952
20174726
9568057
28292362
27638679
7995086
9230877
24477715
15887223
24356765
15630571
28291966
21180211
16469432
8582890
9351542
10349987
26531783
9308697
8083120
27685900
8622021
8859200
11578285
24921921
7773449
20208478
12513960
14674989
27780311
21272935
20951508
17143475
20704578
22051146
