25311026
20346264
27758752
17502078
27758736
16527210
27615164
23290404
20346285
21382330
21609676
28044973
24685212
28120763
24572117
25855277
21299965
21524407
23067411
22130013
21106183
19154699
21299968
18789225
17291430
19116115
16457764
16457763
21299966
26481030
23351690
18950575
28945551
17212922
18405633
25958750
29261497
28120761
21880265
20188038
24356129
21718649
22480655
21382329
12836218
26340839
24280509
22130028
21718644
15811309
22920879
21519256
21541015
19631629
12039667
21556031
21444900
22981666
2765335
21868316
8244839
19263186
24789863
25933960
15480601
18481035
26289355
24110108
23509248
9832976
15794396
26441363
16579174
9148200
24503719
19285294
20035933
19396678
24753617
19046953
25846114
2319441
18465752
6640273
27072141
26770022
8750417
28414742
26584548
16527869
25519962
27324894
22984951
25948624
24887390
27447980
23494456
10671904
17905651
25736237
8959469
1823786
22389414
27410680
19846072
17503124
19267294
6450832
16643952
20694492
27056855
10871831
17084135
21147136
21138745
23897894
25839039
16609812
20233112
15008832
16713204
14607312
23380166
20222786
22799620
9028030
6537244
22985670
21741484
23508695
24841235
24647558
24314684
25480865
16859666
18809500
9028690
21821263
21894605
28206827
18977003
18256988
19922455
24745782
24040172
22876911
24589683
23922813
24607835
23735315
18378374
23071757
19576578
15957521
11619866
23528594
27293420
19369909
26227002
3778246
8403788
10593455
17531848
18922833
9159757
3385434
21343232
24146082
24158978
16631207
12757907
28119017
17880565
25988565
27240432
22933746
12948551
21375448
27935560
16631203
1889332
27012660
22041825
25487934
22336698
14978394
2027484
24687807
21300967
23828871
24501169
11803186
14698730
26014601
18609336
22853712
27430352
20403342
8828057
10433759
22032824
2631118
8145908
10593193
9853096
17028565
18760160
15273430
16943264
16771798
14997461
11575588
11850036
23302569
22584774
18536698
11900741
26590658
22542701
9364520
8749984
20460142
22190573
11398012
17294614
23144775
6858591
1688342
24832036
19344919
25316046
18554808
15937429
27645348
9524876
9500833
18725589
9447571
19735245
17990136
15147492
7612287
19922457
1335403
16958219
16025290
21226678
25122911
15471372
26484524
18214531
23383728
11061247
22356181
26654280
16106663
28667902
1592666
17023495
27543046
25957651
8666470
19353226
17317679
11689310
23597000
22960434
26362891
26531108
10201062
27655736
26531695
21177323
26230584
21984644
1823781
25742576
27923975
21914688
23035540
24378281
9510426
1410173
28368156
19218866
27919782
28423188
16626747
16354785
22389412
3556464
10497690
3627387
17272938
25278117
23736972
18666591
11209922
23667062
26148338
25009224
1447685
26823163
17893114
15094522
26041802
17627848
23652214
22955125
28438714
8910238
17697410
24681581
20306356
14505331
25323401
24909581
25690091
27931777
18033045
11163895
19128528
28544407
26350714
19744108
19497307
3385433
8599823
17294611
25583842
11074248
24367953
21954106
8828062
1934980
11489608
24252493
23627723
15792817
19962684
19407669
27778159
18761412
9288408
26569152
9498920
9134447
11447665
24674963
2939182
25165694
24906701
24916919
23598288
9601395
17100512
15327632
18999348
1797763
2285398
27919496
24347184
7183362
24320946
21262325
23418420
9216076
17294612
25397762
27521436
8244838
28584406
10858570
20421572
10973534
23763464
18030632
19696923
24110106
17828676
20544582
26356926
25812129
20031302
15808966
22569666
24726487
15618881
23188741
9522269
11997686
22319586
26407899
25619141
11320184
28915856
17067774
14607173
20223278
23259647
11294227
25838246
16131247
20863717
12657449
28076421
25952561
21444901
9395691
24438521
19845403
27636368
12161835
11320441
27237758
18439739
26219171
19699020
18505322
21205679
15935260
15183395
17572108
23880097
19576672
24323244
26346238
1952143
8476663
11451478
17439910
10459406
18358460
26669743
17391649
3095086
2584090
21834950
21089649
15261866
19820246
27918862
12081386
28005172
19240793
26387071
25278599
10817590
22353853
10067780
23551690
26163071
21534686
23350993
22606347
8345496
8800650
7621932
17162724
19889404
17032490
11683893
23748532
16917766
18708032
21145330
24601906
25556210
22254657
24277326
1833947
24050681
3964150
22669360
29288270
25079923
28772244
19303081
17850238
27911284
11702558
20299177
16934737
27552137
23721894
24681387
17548444
20027848
14769077
27701721
15006652
17852617
20370033
10920410
27884563
25043663
21846692
22023710
27930488
24990022
