16573742
17606449
20040759
28052366
19066330
17613766
28066929
12537974
18072625
23690127
16134066
19131546
15813916
15984661
19860179
12406010
11293903
20306246
21034669
18056840
19857474
21659053
15124693
15893127
28886412
12760285
18256787
15368549
23325837
20626469
16132906
16926285
11870559
17183842
11790975
14999929
19534379
19194466
6544356
28625325
3504436
12525517
11224485
6587560
8220087
27084507
21030560
24056881
15543237
17426933
11372762
9680114
21180678
19703505
11698274
12620291
27285584
17145595
11921279
7683218
15946475
28007324
7786438
26839302
20306250
26524014
20807044
10803522
27297971
25389334
17695303
22471485
18813205
21157134
7596186
24717571
21228332
16049515
12526916
23200538
17849117
7985477
21431628
18716744
11069020
23246518
18090930
10365741
10695816
12691142
12867014
25819835
8598230
3547672
12592323
1511166
11597738
19918331
8969061
25337199
18977345
22442349
2510439
23470093
28735477
7549902
29455198
23550989
25219760
18947869
16575469
17210514
11352963
22936064
11195406
19205415
12139726
16008846
8266919
16787662
15385933
15804322
2404842
8831994
8607355
6662486
14630077
6576630
19860188
17927867
11342341
10721774
23815941
27910027
20302387
25764103
8127155
25400766
21343549
2766244
8109597
18756545
22093585
20562328
15994285
25039450
17410184
11137558
21943669
12234169
28324772
18656694
19296110
15579917
23325578
25609576
9177431
14726395
9145637
16079891
8102292
28735479
17040877
29200671
15956039
3857211
21527803
20203266
7914104
12805060
19830601
25387050
27318442
22118743
26779308
16529600
20385793
27722128
27752823
3857944
10353741
16408102
29435155
28955078
28883285
28760304
20359637
14561993
26497216
16155012
10218852
9750454
25537822
19271569
21810400
11372744
15621779
19569254
22791509
25612567
24861848
15929101
21519021
23757315
17973948
24507808
28297624
11378545
9395033
21939544
19672946
19770764
27748279
19490759
17976525
21686890
20513125
8724527
18061959
22535592
19900423
28698788
22829235
12748664
10214863
1881029
27545007
2164434
27387988
18756547
18055345
25252069
14745424
3461717
22071913
18769895
10645771
25620650
29286103
11836165
1601822
26590764
22571445
12492577
27577964
16178803
6990961
28793875
25543697
16634964
19911860
19465351
26890987
1494812
8127146
22563817
9766745
16321814
25179729
1453128
26137050
19429869
28111462
27510666
9094473
8275456
27872057
22937323
22093583
19446880
15885860
7919348
27305704
22348217
9107078
22096250
28185276
28534116
21120162
24602728
24598642
27265331
16193087
29321554
23933272
8823327
16999727
22855604
29622864
10086721
24927407
22248505
28810324
27005999
22053605
10786814
16921040
29479958
25543511
21724308
7317873
17664457
29236294
29382303
20137111
23800796
11919488
10210107
17671534
24528030
28196090
27930389
17992229
21155895
12886391
12231527
28090485
10897121
15592672
19236759
15561679
27339821
3857104
15674366
20655775
18803279
11313277
15124698
10613444
28420034
18719743
17052008
8174068
23795270
21120206
11568008
29569294
25680074
26509505
20660833
21387358
21674859
28189799
10651724
17325849
269744
26275271
11043421
26462774
9783800
29089646
26633270
8652385
20564156
7967705
28395440
29343273
28569789
15674354
16715299
29068783
27639703
16270213
21176334
9652735
3467145
29144072
8640696
14506644
22568487
20664061
24138573
22046779
27693133
28258513
25960152
29292108
795748
28144286
15899392
1823351
20698159
22166509
16418266
15806131
11960396
7803902
29326119
24487413
25120730
17571587
23906250
16584058
1545571
29079134
23432512
15771904
16614710
3859319
11739161
25314777
12430930
2947200
25517921
22248274
8703824
21574543
27446991
15203867
22648558
9626208
29196412
26081614
8841024
25200248
27014976
28548938
21478916
9058027
20507806
27050425
22987078
28484159
16575472
18179970
10431575
10101211
23443451
22704349
19588516
7884416
29397851
17488663
17145823
27951719
23372164
10456667
28370234
10914543
29563537
22040988
8246285
6937276
26351594
9674854
9242552
21877899
10666189
26522865
7686236
29551027
20217086
10599940
9395034
28152123
11930660
20556821
9482406
11890995
8275454
23790798
19638724
20534955
15996888
21157145
9517495
9674851
11109821
28056203
12393725
15771304
3465875
23149706
1596573
15786709
11810577
26568466
22795690
17961727
27543316
28891083
8514100
6945460
16296239
28698789
25982034
28526957
24507814
24156417
26142250
28826063
28411119
