21029606
21159928
23141165
15319327
22431223
17082346
19886673
27861472
17524480
24189494
11956086
19567673
18079276
21718815
21602547
12649196
25243894
17437964
16000399
20829509
12218177
18443033
17905444
24334255
17388607
17314268
19779104
17975156
16002779
15703302
20963470
19422048
14682060
20522663
15709111
15749994
10485464
17785426
12626330
20655304
22430364
12819005
22688250
15722455
18723475
14559835
16434544
21828252
17380257
15917479
20950350
22736306
11533706
23827160
15598971
29032766
15805252
17696988
28346059
15313923
19428349
23305710
14681185
25715997
25447150
20354527
23845421
28506804
23397054
20232796
11036110
15448473
15498591
18249061
18089724
19056914
22633931
22323823
21170266
20610168
21279423
20952483
20621487
20592365
22328585
17451894
29425861
12851395
11801536
21910126
29144552
20607366
15846469
19056916
20670210
23315030
27582431
27286290
22335402
16540898
17145775
12778813
26502886
24113148
17093006
12429862
29440450
25836019
12477054
28445053
17669244
23586460
20421331
28209803
21139040
26708059
23249624
16008690
28421306
17707334
26043236
28221813
28119610
12441801
25311564
19711894
26264927
16804114
16139387
18617601
18462721
21946100
19736994
15587802
15365089
22199321
19005892
16686369
28650628
14574327
23637844
23022332
20086033
27376980
26251997
18845662
29437873
15608138
17140455
23333829
15860656
22454535
21930826
17639393
17145877
19027226
23047249
21419632
24875464
12751206
26438157
23032069
26250653
19708828
20127026
22483783
26444365
25982012
28353455
23620249
23825145
12695557
19524690
16328007
21530637
21484413
19582433
15135043
23552696
21980409
21859328
18282570
25348619
20369276
15150577
24497321
20973834
27043281
24827375
22743677
22348008
20535833
15955871
14675165
12054520
20448125
15897911
28518118
19114588
18841445
17038670
16846465
28661152
19996279
15811951
18195061
16434545
11994315
19273529
17446560
12435354
24954033
22401960
19383815
17575155
17538966
25076846
21182395
14667926
20126464
18449471
21718946
29637468
23922875
25868794
18350379
12160837
22820863
19491323
28061436
18703602
25645391
17938326
