8959753
9688349
9283052
17689257
11168840
18354468
7966018
8995333
21078321
22302689
7523668
14008062
23123125
24363452
8263466
10718925
20432374
14666149
8760205
15012589
9255860
10562452
18669596
24239982
9663645
24797691
19523391
25148807
14337579
22982975
11435758
23548370
19261974
12826582
10070360
20828800
7865173
19884179
22070540
10442239
9268612
12121489
10218943
21179516
21778697
9181487
14511989
12737515
10810509
9414453
8873130
21755671
25222344
21129971
16143218
8704734
27345316
8990080
12006785
24200164
20434341
9750267
7964319
7873771
8704738
9322918
14972686
10642584
12012212
21872642
16687303
25926680
18354476
11449194
7821773
20165884
12724339
9704533
9877058
9858496
12111546
12097840
11999310
17901234
7920591
7826570
20349020
19044023
17185605
8399858
23645312
10375474
22215607
17620107
7473408
11351332
11078630
7931000
10442238
25486342
18786385
10732063
11320656
1432573
8024247
18674911
15585352
20347928
9158899
14980795
25004363
11506378
19751169
26050562
23843987
14684603
24891434
22177698
7789325
8680442
11383878
10449798
11756518
8846331
26555143
21605561
11089545
18598849
20537012
20064005
10420438
8326257
19912472
10611080
18566114
16513363
15474534
10503728
10073492
11207936
17368765
12705397
1446626
25459031
15919753
10620420
7954706
7700599
22749373
19212836
12622839
9551853
19912473
21057814
11826885
11673283
8373952
10810511
21803118
15151935
26318228
10612422
12161207
12834439
8527522
8612518
9630401
7807372
11168907
8836964
8559274
17425609
9510437
22521514
19755483
12374857
7606246
12698984
19706275
21623959
16269454
12933643
15026119
7951649
24980500
16259638
7926654
9208305
22765372
26412130
16310103
15659702
14535356
26485373
19664923
20580921
4184748
2599343
991019
1906801
4011560
2488065
6077865
5527840
3781217
10336824
10940739
2337624
19636671
6415274
3626554
28342689
16647195
7227812
20640428
17371762
3013673
19084017
167971
9827001
7479322
1079927
23965600
5575133
6415277
3732140
8933363
2030324
8843016
6092040
795712
3106629
8839351
772188
11732581
1849438
3342436
11506375
19760601
6816883
18487417
25650820
2743401
8983167
327009
8373948
23660390
3557094
2516524
21767603
2112972
6800770
2948817
13757272
4039278
8812334
15206629
14457441
747999
3010010
970353
25104133
17945441
18094358
23411012
521717
7264515
2644427
3277081
20039438
700032
23500009
345144
3713431
27068698
10928997
12960030
2848165
1173013
15598231
6780310
7569047
23820554
7383270
14196639
3080597
15311999
7461438
7062014
1317627
9227368
2759044
19015516
6816930
5415175
2498279
1319258
2512196
16910078
7598813
6314077
10527123
16866319
6416319
15699585
17170225
7738472
9507186
20962013
10370860
3199061
1848509
1173309
4636374
11194556
18032888
22720039
16467487
7013465
1157847
4040814
3099304
16687306
8699404
8921349
16687301
3367261
8680437
3622405
28980233
5428948
6799010
4905261
18286616
12834441
21454293
9666349
490129
2126358
12840837
8364970
2250257
797250
24057876
6058688
20431921
5973089
10831159
5951523
11340262
9679088
5749127
1426955
3930984
2514390
3109508
4724769
5646869
21939733
6434293
3096700
6488292
6811735
18208549
14980798
7391720
11524229
6783721
5963171
20537574
4686479
1617016
27490331
11514017
5535329
7772791
3026530
6989738
3084767
7013462
17363309
4835879
3100977
15905622
15314569
4062239
2280212
19246879
10102759
8004459
2810020
6394694
336828
2846085
6726149
22877678
1110345
24851403
2176628
26026296
23505514
10093510
12658720
3339585
3305916
6243094
8145204
17873963
25638470
27341833
29462137
3084989
8705312
11436991
2171920
1132775
395268
14529560
8813729
3921645
23856539
24011191
18477543
20045426
28295807
20731841
15300491
16479951
23201311
12698978
23660447
7835296
10810501
8680416
8028445
24090612
23295738
24164054
27641683
28321526
7201384
16687304
3751953
17133952
218802
26641263
22049681
22891630
7803608
2013742
4748517
19189237
19261967
8138113
2301625
6388763
21337209
3929512
1120474
25789758
14745107
18073457
25101841
25623146
26449162
6538621
2121970
3531507
22771551
16716390
9048604
27901351
16675899
10517952
3374759
19250974
28131595
28393358
19303415
21601383
10230936
3097250
14697302
11672690
8410813
191556
28606897
3436403
8399850
18540997
9718392
16642373
22652395
3002766
3103700
9075709
28123085
22215606
26757053
3933963
