363963
8206240
27771933
4894882
20371768
24592727
12013844
14529466
12941575
16332203
20028747
6338335
25514659
4293716
17017541
20096940
28417442
12915069
17017540
18064910
17127363
3900411
4377565
19729209
197811
17127354
10917647
11074
24217228
12013884
23328732
16389312
789058
22574684
15258850
8595975
17079513
12946051
21658306
20030238
11798036
366859
12690660
16719060
4358869
18363100
20887868
26318862
4335608
15545227
8226719
15811066
12815651
22108613
22236386
4348065
20455493
2410564
4149178
4235849
12531233
16581014
22902554
16678117
25849932
23900742
19252273
21402100
19803744
22229125
26499757
17428841
28511367
29074404
22821065
11798025
29421444
25565980
7002993
16686429
25295052
27598189
12605400
15890013
22300030
16686432
15261485
11311359
11711058
15953813
23244436
15885630
27311994
9593904
14641052
21358970
22908196
29209747
11948617
24158912
26503923
2050655
16222434
23719903
27145762
26563791
28539759
20207656
2253761
22536024
1667562
23743291
12464116
22166429
22408597
18673214
23770533
29312935
20205678
15639792
16451848
15462376
9914819
25497491
27658511
26625959
11695835
18342017
23251750
29165366
12915048
15503155
11535288
9593947
17447424
21403387
11976545
7774132
27829983
16140633
20939808
15590775
24444663
23772790
18715146
20027135
22198804
22967820
19076430
22750028
22503829
19076450
11695833
10989660
26378986
17967736
14713113
22483311
18555207
17261694
16719059
23055790
22002807
25008046
20645919
11245784
12773894
8657188
12846980
23349115
12657369
20522009
11909981
16179522
25360117
16344601
19860724
26070045
23172095
18615133
21486284
12690311
23743292
24494187
