3109738
21359250
22748084
12043012
25943708
12966607
17937463
15229941
21246917
8390714
22800824
1343880
15623369
15507847
18329088
23331510
15871055
2976544
8525128
8495206
9293461
8948610
26338808
8104143
2116484
2493179
20719347
8162754
22045456
1909215
20097302
22028121
18406471
23819002
24164868
8191131
24685834
15145618
3126690
3083688
10668244
19835489
3122387
24222748
1906659
27323066
15900839
19622488
8083651
27050961
29244929
19489682
15667557
3936410
8972688
12946285
17621880
17969445
11022132
28235976
8283789
16579477
3125681
22837486
26943958
2415542
7774621
15799342
6439828
2125019
8993758
1974278
18611173
17049266
15661336
2410553
27794496
21125381
19944968
20621581
8018827
12548511
1368793
9728571
2515154
11129658
1372855
19633530
3113341
11037964
1917162
17898828
19227440
9584220
21956514
15106269
16608121
1934005
12849703
19031923
8672286
17147054
25383957
10930298
17632413
2122411
19822293
25832120
17702979
20575430
18581854
1409545
26634868
10803271
23742090
16843003
9228717
19269042
12784405
3107646
17118460
9217056
8781267
2565475
12127799
3020358
25001590
16467986
1409546
1387644
15804234
1901275
19655276
8514390
3020356
3091352
9708573
8385371
15550127
20652441
18232731
3939632
8429643
12790657
3115274
9153280
3145743
28114976
15946776
2509521
10822325
7980452
26011933
3112249
12609548
26407523
18831986
6401779
8931130
2121146
10352545
10732312
22921684
1580998
12674637
16157348
2903638
3136217
18642108
1668714
12966592
10989704
15912969
3935992
17368795
1555475
8166996
9819674
17128525
3129541
2119626
10709842
27923642
18666838
3921387
2515153
12890422
12493484
12586108
8059528
10935180
12847725
3127240
2498833
3111677
2117037
17321178
1645397
2169282
7912723
3141591
8538604
8640132
9698230
7804374
2507661
3926654
9782313
12512286
11782893
17996949
16160001
2117038
1538893
2511058
10884609
27910764
1374454
2425717
8747547
12033646
3110378
8452111
17577980
8384844
18558493
6413792
1906427
2827836
12189567
28295300
9199475
16428751
19801993
24204624
2125585
3086437
2414374
8554677
12396715
24279674
23054704
8759714
17971946
11570852
22462309
24053706
7596091
8084323
9754706
27220248
11270657
15629884
2124242
26936671
3936413
2997336
1547873
3118443
12102206
16953842
3926954
2985717
17393386
10022002
25052001
21334249
21705455
3040308
28558308
17479215
23833238
2504874
19757302
1902808
18164876
3090208
8290572
1632079
1367633
11421626
8189458
25416807
26791304
2126669
28859607
6431271
21631601
10779789
20645874
23463584
16400828
12431781
15967350
3137203
8452221
24858642
2142400
12218120
10333049
9176248
2104937
9123213
1650066
14559161
7531344
1909588
10528171
20372104
15030320
8891437
7571413
15084423
10843749
17436641
8666551
9383243
8809126
26433845
15807457
11099306
18345012
8660811
2882294
1662603
12423678
12370261
10708135
23908505
8091751
1909189
11714835
7905730
21304813
20089143
10435731
9123211
12869142
2493048
9661260
19342637
8476573
3011901
16766656
2835054
2134044
9743610
19278727
3917924
17672314
17059581
23792018
10992047
2126575
17495225
3921249
1963781
15587273
1900310
2495895
1281134
2121104
2124243
12192876
17962634
9215259
18579202
15681083
9717193
9195131
10583598
9726840
12730016
6431018
1434801
15739424
16924704
8569712
18837405
26246197
12058722
1756534
2455856
2418848
3123714
3129521
27156851
19109154
27753175
9831398
2974236
2116500
8105053
14593531
8139498
2123793
12046468
27470155
15197224
20363329
6415111
7977435
3918301
9441594
3918106
17905302
28685146
19727876
6241930
10967280
10959079
3008442
2127424
3004491
10706727
15122525
22226772
9123869
1599705
10083356
21668842
3102242
9255709
9390200
15122910
9433718
12678431
8639773
9734866
11583822
20692221
2932505
2508986
3082834
24199198
9532976
11218726
1907542
19008120
9862737
10721099
3933818
9447570
17678711
10590327
1639923
15570643
10669851
9317148
2423637
2514629
12084044
18322226
14644034
12445800
17373822
17294004
16342758
10917886
24253448
2842934
3033669
15466213
12972580
3026096
1846940
9182722
19684988
15797477
16238242
19778282
8340258
10197441
8382670
17574720
8668922
6820922
8580655
2118879
9350290
17523872
19781659
9531602
3106525
9632527
3086725
12633663
19786544
1578190
1796586
12372981
11104801
3096556
1322463
1320672
8910766
3933006
2117286
2110909
15357062
