20409201
17384613
24771775
19347200
25905535
28128662
2302147
8216168
5290545
9394263
9567882
23532809
24503491
17539717
21419285
3270251
24313579
19627668
22436029
16849064
8225645
20545790
8687368
10356540
12772551
18595490
7996097
22316247
18186731
1853653
25047069
5260269
7553397
17935596
19267137
19627667
388750
18457697
18797101
26095844
19627671
1058250
11853245
19191818
25567547
11405017
9603704
15882216
1279093
10480278
16191913
18280377
15038782
19491329
19817878
17164071
24495722
11575248
11885671
19780909
21281366
19068064
9200352
19840152
16379169
19416092
16183796
19571053
2282067
18039283
16776769
20833462
12558803
20215673
10538738
19556053
26613212
26908629
11166481
15868743
9789168
9921064
27555332
22320066
9332809
21149859
10590707
26581457
24789238
16640637
11569664
15100592
24837975
24751570
26601334
17904289
25458014
25107737
8451128
28377670
15096278
17615016
10715999
21323034
11480629
11307642
27477832
11931218
11709957
21266462
26227647
28277734
1616474
17482361
25904140
9560735
15985647
11921958
22470277
16477408
9051994
15520236
9188235
9495047
6594293
9520710
6964462
23232145
9151063
19732190
9708686
2635101
18007104
26304952
25357006
1055608
2730504
15513417
18240643
1616476
18181437
2086605
1684925
19260620
24177402
7740439
6933117
7166601
7104243
11845790
2249411
7188228
21211939
9779079
11816180
12619256
8223362
11042984
16291299
26838150
15541161
287803
3214637
25455611
28394113
27527832
17715774
23155968
20642462
11816183
16040447
24079155
12494561
4511174
6590605
22214361
24861144
27794153
28106507
16451387
1616471
10645022
26364453
16491921
19053913
23595244
7767707
16095936
10641367
24946683
18489574
17152624
21499661
22424914
17935597
4074986
2638943
26898066
7999736
1874988
10946760
23727736
11153566
6187779
24192417
19853519
19078890
22126445
27436789
11314074
20545777
11218457
20121935
8429189
21959662
21332736
9470602
11199649
20201274
8941815
23918236
9852800
14725500
18237297
26486204
23115762
23083950
25529787
20700984
29381942
18274461
8259911
11444138
17036572
3864554
3857800
4535170
7194919
12723166
8763138
11708732
3471425
11372161
8247461
1075967
3481520
6508705
18789200
161735
23435094
2480995
19680186
20614795
20712108
16324138
10863386
6712560
9528429
267393
296701
20465835
18493254
11495148
6758635
21158189
5224400
9191637
6959831
3460890
2952475
2588045
4515237
6949181
20572859
20409200
22872354
19053915
6572022
3464497
24313580
9560734
12899047
7512135
1540116
1860548
3460930
11921935
7914823
11314075
6592414
266810
9758981
3920577
6986420
23730811
25109102
26461465
3467844
11021726
12899049
16515678
2639269
18328243
21726694
25174188
2914005
17022294
22316006
6928142
18088873
18596822
16630303
18713540
17242083
15813572
12562373
16598181
2972569
23515140
21904334
10887475
16731373
18096896
27776881
4276881
4620801
20032602
24730711
4529848
24212175
4742440
1583193
4243481
24655569
4281535
8638859
4579143
23428663
10768721
25502504
14584861
12899048
15560829
17224017
3053268
7805945
28760278
11885539
2270391
8831058
24494265
12027257
16212579
15688965
19968674
9566014
23200718
23763559
4222650
285672
21689179
17197401
12269464
25306148
16555715
11991313
29032948
28074339
17785391
9790006
18331926
9656861
9181297
2321720
8326370
267605
16214624
28259334
3181563
5565902
7843871
10883554
24118087
17642145
18035498
8865836
23211912
9587311
17822484
1918581
4268225
9680917
27918733
22945733
8485976
18792847
23210546
17935594
22181682
21314050
16238655
11696956
11134689
15966653
6582112
24762920
24313578
27409593
23235127
25872625
11352393
27105893
16468485
15636021
10711649
17935600
27209068
18076853
1356540
24717700
17656135
12516670
15788958
25102720
9719038
7546968
19913724
26427779
16447904
20306569
1619143
20225699
5448530
11833136
28814688
28449758
12382628
1819965
15859442
25146012
21322302
10331139
12487124
12487127
17338119
25102717
12487122
10752473
20940688
14763780
17949537
23089215
23232146
19743682
18649830
9520709
1814245
24624519
12487126
21867378
12117088
8185089
9540488
10850279
28778669
10396929
11905071
17977287
9462109
8638860
9051986
11833114
11780653
18201345
11833141
19630932
23532807
25823480
26473267
1776984
28258263
19785342
8940586
9611436
24624525
19040809
8299129
18038718
11833442
9456069
8467518
13677732
24313574
8934962
9533323
1809867
9951173
25346261
12154733
16478932
