29533511
29129033
28435162
28077357
27647869
27630987
26636976
26583909
25633998
25171578
25861220
24326029
24007741
23847556
23168182
22472678
22454289
22375946
22201144
22187629
22003193
21924849
21916747
21563251
20818538
20630082
20482104
20410801
20041805
20032758
20028943
19826844
19349563
19150643
18936299
18303403
17659569
17496991
17207583
16632713
16247124
15891930
15786943
15736339
15711818
15356425
15138726
14533440
12932187
12720582
11685483
11289635
11256988
10176232
8774267
7876926
1664705
2564776
3279809
3295713
970766
4580723
13257080
28121465
27856521
27833595
27099246
27037572
26892490
26276709
26193451
26169813
25998382
25711512
24928779
24336092
24113339
23349065
23000895
22936951
22865713
22807562
22611181
22314805
21940586
21376747
20971417
20961519
20815390
20367561
20362301
20178579
20176622
19755198
19133798
18958709
18830891
18815789
18783647
18727228
18657126
18569377
18193217
17885068
17533399
17242263
16681772
16421506
16394671
16289259
15723249
15677509
15578144
12761599
12671122
12146487
11387101
11177011
10794669
10501022
10090844
9987349
9666887
9515043
9281440
8759970
8707282
7616596
8408848
1445820
3431399
10035058
3984026
6111129
7377100
254275
950460
1085771
1103308
1242145
1165025
5005337
28905399
28408649
28242429
27426836
27216637
27103660
27096352
26070276
25812624
25600089
25574139
25340353
24984590
24891924
24647544
25861221
24118833
24065384
24058662
23508786
23478562
23325553
23220291
23192912
23179736
23179504
23149557
23030156
22784658
22741169
22403157
22243153
22060801
22048159
21543085
21150252
20851934
20200221
20142280
19544389
19519159
18951506
18945351
18633109
18513705
18050358
17942847
17909955
19453416
16520448
16484438
16192597
15834565
15723212
15644751
15545977
15232657
15205928
12936932
12841425
12591670
12519744
12195513
11312186
10523763
9135371
9021508
8799279
7814640
1445819
1355022
1950895
2175547
1702317
2775868
3652674
3822519
992598
4132992
13683279
13282254
29442277
29397804
29124973
29085258
28819586
28069006
28035981
27866350
27257382
26871565
26623520
26516797
26291892
26048654
26039231
25944831
25876625
27375373
24859799
24857816
24798378
24564412
24475792
24164313
24063594
23641989
23622088
23448793
23307201
22984211
22953780
22047163
21747867
21747864
21395623
21383273
21198594
21063217
20974406
20711778
20010437
19554327
19410029
18958741
18802816
18690527
18424842
18403157
17766450
17725749
17659572
17515374
17369199
17347135
17000421
23045130
16570087
16498112
16466874
16406406
16365745
16356426
16303995
16227341
15813145
15586281
15385267
14975975
14714147
14648780
14647179
12818860
12741250
12172595
11810156
28547093
10225522
8779926
7624524
7720349
8048497
1638043
1539698
2902960
3591965
3663102
6553948
6842033
94098
252640
417028
1009680
13257081
