26384554
26506555
26929062
29290269
27481306
28844888
24875660
25525878
19712914
25595437
26967264
5379545
26786030
27020407
28807202
22215266
29657029
17364634
27870642
27209349
1989709
2711227
23912138
28987655
7117108
29056576
18793426
28222993
28102363
11009766
28988823
25003881
12710557
25035474
10174376
26254481
28625419
25497091
28543272
27619714
26991147
19090591
10110440
25596957
24439137
28947284
26436750
24149932
28074510
8151901
10138077
26422014
26428201
24192640
29346775
24961538
28431239
29340939
29631944
28831605
20595438
25982116
26824926
29154894
25097237
24814209
27322467
27591183
28619262
25964640
26918824
29266082
22482109
28790407
28298885
24097838
27000795
27308482
29662201
26577699
26858311
25861962
26355214
11570830
1948424
28264888
25764242
9481345
2958417
25764239
28689056
29627130
11219173
25487574
25606584
28302796
25957568
29325021
29472435
29472436
24826271
27182663
25401720
10142285
27664474
24936554
24328841
10120531
11727458
22531188
29564187
25962317
27413654
26762832
17429149
18293400
20224864
26980442
26119341
2295999
25840561
24188298
9726135
2301652
21124714
23441789
29255686
27479675
28681074
25840827
8686293
19748881
2338842
29038584
26847681
29331288
25344074
24736066
10117753
25980713
10131304
29564188
27669198
29382587
17462544
26566953
28655542
26041498
24269750
25215490
24418692
28222081
9689682
22710745
28263138
12807164
17324309
28864681
26376891
2912105
1800195
10259646
28658623
20690266
27821484
28881577
26364928
27464805
25870517
28979187
28861712
28089565
28865462
28144782
28706748
15462577
1572785
15799990
29499386
29221737
29185188
19606193
15819471
8823695
11074852
23038409
14637008
19663619
10118953
26023681
25216669
24173680
17348327
18211526
29144234
27756292
29032501
16864185
19864221
27796966
25223771
25855536
25150788
18626231
17686702
26947425
24681175
28522495
23360867
21913544
25284207
27811123
15193575
29259170
28182951
25284588
24686220
23339566
26438693
26655906
27889388
26359453
26517298
26544952
9175194
27844267
2052686
10875960
1113555
11463080
1508825
25703630
26094239
27408346
26199163
28633050
11765491
21151199
8735169
27166130
26372654
26316815
9579754
26344718
26420500
25010905
27311306
28525753
27165135
26366560
27663209
17615419
28986043
24439631
8494407
24830354
24457027
10137014
10129241
10111967
27380150
11184485
29499318
26976399
25526011
25413332
27268012
24445574
19395838
26892126
28784217
22024972
19593640
20695151
28011433
6893631
27703822
29162529
27423229
28974319
26968446
28434620
21874358
9256670
23979263
7777733
27926866
10118954
25861963
12710781
12398981
29298361
22558214
8955777
28750671
28213044
28258897
25525877
25974408
26590343
26553976
12153372
20204516
19427626
29649710
29352247
8414824
26048157
28025172
29222391
28624011
28251012
27422586
29224820
22438526
29210740
25759188
27736638
27247352
26957847
29218456
27776669
27876319
28186166
28865892
23241510
24657297
24855947
14626522
25870456
25061022
25441243
28132018
18928143
25909820
29663602
27116028
24507713
18705429
12125904
8925343
17207051
24614986
27230043
28495212
27637323
24011335
26731937
10077054
11555065
9136499
29263362
9802685
2382681
27862703
12837253
26712366
25498343
10966093
27392092
27743027
23585623
26489988
25221369
17541864
23921583
29020925
28358866
28263822
28069712
26082193
10351472
25533889
22691626
1998817
27277029
23993097
11575732
16717384
7817329
27147187
25724621
11482635
19961597
26618346
1514134
8033775
9339180
27862091
28963851
27732879
28692383
27292858
28538732
29638039
29587177
29555681
27813172
26614033
25610735
25437556
26305067
29220851
28987299
17105361
27730299
22622677
22171771
27184621
25524306
28850031
26954661
25459580
29455190
29063276
28944279
25462290
28993407
24642010
28655433
24856219
26267529
25764237
12404937
14768931
29631378
27743404
29565783
15651258
20564400
25407870
17567254
11141531
12240575
15939945
1783704
22430598
20178185
9749656
14982132
26008136
27629401
26876945
29063256
27827364
27377884
26795500
15901518
28286799
25477470
22533824
26950548
28688583
27267808
25963478
15000416
12603796
25456014
11177467
7567282
28772036
23728023
11902613
10915408
22193993
28488891
7824242
18606275
8926254
19358434
27969488
26264952
25834227
24534398
27933627
26885996
27049945
28273073
27693197
27503438
27226489
16770997
23275239
27726427
25817110
11115142
25588310
7769814
21124555
24462220
29085772
27923942
26388027
26139854
25709550
25479302
26210965
25681418
29218517
15284549
