17053481
16803428
21138981
21060751
7923742
18674527
22746300
24598003
8154485
25741695
20424182
16736420
19926358
18337713
23343542
22520485
22149718
24026245
17162142
18602510
18995170
8676806
10681658
20569709
23181772
24064326
8629624
9840314
8149770
9550772
24873779
2636655
8724889
19406960
19002550
12962751
25179704
21941179
15802027
23901055
8989740
22554602
8305650
19361466
10760105
19476418
22968085
7579052
22836708
24169387
20087164
21612781
17485574
19337946
18487286
22923431
21357214
15847252
24578261
12427147
23690533
9641172
19820751
24235074
23131574
22072287
16084759
19095167
22492828
23759178
28433072
17353576
15615823
16025541
25179305
21248295
12830455
16801567
28555040
27733200
21603880
18839777
22795519
16988059
21085061
20353367
15780109
15927901
22739658
21440776
18941354
22121232
20921298
17593516
11990962
18633593
17536079
25634252
24084157
21164018
21056944
19942862
17472858
19948872
19194539
21406541
16324928
20335274
19330922
1664792
18194976
20083272
18724814
8114857
27873228
19926371
2636677
17881417
1912407
26495987
20846677
20586912
20393287
28260446
23041093
7574193
8591060
9186882
17551276
24101712
25758877
22260236
19139480
16143933
18708727
19713005
20716042
22268784
20413994
10541304
14566765
2494456
20006790
22189476
18587718
8915969
22232755
21359581
21450221
25359387
19406695
24519861
18775390
21531886
19291590
19154321
19524967
7939916
18258562
28474735
22110285
21756163
19270483
16495291
17032144
8957032
19736605
18677166
23931872
15323257
21926635
24580382
15738453
24067879
17967819
21709552
24175444
19268072
20727504
27424682
20606477
19679558
25946939
19194887
20155719
24100099
18497462
26013249
24210978
24220551
1621675
17879210
23934617
17508682
17137139
20335143
19728843
17259741
22130283
21428858
16205477
20979944
15961546
23146467
24079322
25964308
9269703
19861866
23159461
17141914
16825023
16908915
17889140
20963489
22834871
20334586
22424685
18393644
16168188
17175361
20481043
15895707
17713563
21207252
18000152
19527320
18698211
22232757
16636209
20646094
20224838
19255343
20213606
20960232
18337552
16835312
18752383
27491499
19712259
23472113
19201921
16880181
17553810
17332152
17200050
2247718
25581282
16507581
17971183
9314428
17293208
24886767
17579525
17970797
27956451
20433582
19205569
19306514
8154486
17031831
21690257
21722605
20497836
25650852
19264744
21107446
18971090
20519233
10075613
23146454
23802656
19066149
19414839
17223665
16408133
21594710
20174989
18655426
26636408
17725450
19229824
21036370
24612948
21496841
15882252
20527602
17997440
19652945
20964736
16952626
16640527
19394733
27118874
26012527
17532662
19137410
27524215
21094832
20367222
20189275
21140117
18336523
21196468
17472845
20212269
21338846
19549259
27401985
10594799
19437088
25035388
22920156
26039951
21441133
12722030
20138414
24820278
23829647
20686443
16549639
19584070
18854923
23095576
20872371
17563571
21464937
21887692
23411430
28648303
19103959
19699624
24464979
22119342
22669691
19886324
18167241
25091540
21115672
16112042
17606957
28260454
15569840
16761501
22343264
21223578
18816242
24421217
18300122
19620448
18569966
18854765
23856996
17351260
19767628
21338849
16820784
26217876
25740222
25497585
23091374
19216016
19279016
26898075
12834524
24280266
25380890
22560385
15754268
18221258
17403704
19029498
22797095
16964834
21398293
27111310
18021608
16891031
17962588
21382997
23214025
15814579
23223674
19231761
25041613
22569317
23928359
9186075
22318447
19220921
28655389
18702327
17882149
18325437
12509609
18647430
21079240
20676839
20562736
21459762
17660025
23331616
16433763
16807143
20299057
18446741
17439333
19220186
18550654
21200336
23661212
17855641
17044462
24062331
21166850
22250974
26020808
22102615
21325868
16164667
18339005
20226480
26355160
18551917
15957539
15611490
19857720
22289543
19564178
17877504
29141349
20147886
20164470
26410886
19796026
20091490
22665332
18950914
18238787
19295502
20173349
24554428
16490821
24067218
19630964
22786860
18630613
17460372
16926535
19183493
19603133
20300844
8071496
18676075
19917986
19194567
18275504
22425085
28120569
17015793
23544939
27287261
25380889
22805401
12138147
23883079
21098656
20875688
21166851
17023495
26198674
22414167
16688117
19166266
24304464
24485147
17261434
21880197
18037093
19781743
15640609
24308223
27516220
26421786
20962623
23446785
18569962
21810761
21168730
21884875
23008697
23865349
18356552
21800234
19182072
16949377
22560843
22320145
24092846
17493450
24844104
